# Force βfL, Extension z/L, Persistence Length λ
1.1646e-02,    3.3084e-03,    2.0000e+00
1.1754e-02,    3.3390e-03,    2.0000e+00
1.1863e-02,    3.3700e-03,    2.0000e+00
1.1973e-02,    3.4013e-03,    2.0000e+00
1.2084e-02,    3.4326e-03,    2.0000e+00
1.2195e-02,    3.4644e-03,    2.0000e+00
1.2308e-02,    3.4966e-03,    2.0000e+00
1.2422e-02,    3.5289e-03,    2.0000e+00
1.2537e-02,    3.5615e-03,    2.0000e+00
1.2653e-02,    3.5946e-03,    2.0000e+00
1.2771e-02,    3.6278e-03,    2.0000e+00
1.2889e-02,    3.6614e-03,    2.0000e+00
1.3008e-02,    3.6953e-03,    2.0000e+00
1.3129e-02,    3.7296e-03,    2.0000e+00
1.3250e-02,    3.7641e-03,    2.0000e+00
1.3373e-02,    3.7989e-03,    2.0000e+00
1.3497e-02,    3.8342e-03,    2.0000e+00
1.3622e-02,    3.8695e-03,    2.0000e+00
1.3748e-02,    3.9054e-03,    2.0000e+00
1.3875e-02,    3.9416e-03,    2.0000e+00
1.4003e-02,    3.9780e-03,    2.0000e+00
1.4133e-02,    4.0149e-03,    2.0000e+00
1.4264e-02,    4.0522e-03,    2.0000e+00
1.4396e-02,    4.0895e-03,    2.0000e+00
1.4529e-02,    4.1273e-03,    2.0000e+00
1.4664e-02,    4.1657e-03,    2.0000e+00
1.4800e-02,    4.2042e-03,    2.0000e+00
1.4937e-02,    4.2432e-03,    2.0000e+00
1.5075e-02,    4.2824e-03,    2.0000e+00
1.5214e-02,    4.3220e-03,    2.0000e+00
1.5355e-02,    4.3622e-03,    2.0000e+00
1.5497e-02,    4.4024e-03,    2.0000e+00
1.5641e-02,    4.4431e-03,    2.0000e+00
1.5786e-02,    4.4845e-03,    2.0000e+00
1.5932e-02,    4.5260e-03,    2.0000e+00
1.6079e-02,    4.5678e-03,    2.0000e+00
1.6228e-02,    4.6101e-03,    2.0000e+00
1.6379e-02,    4.6528e-03,    2.0000e+00
1.6530e-02,    4.6959e-03,    2.0000e+00
1.6683e-02,    4.7394e-03,    2.0000e+00
1.6838e-02,    4.7833e-03,    2.0000e+00
1.6994e-02,    4.8274e-03,    2.0000e+00
1.7151e-02,    4.8721e-03,    2.0000e+00
1.7310e-02,    4.9174e-03,    2.0000e+00
1.7470e-02,    4.9628e-03,    2.0000e+00
1.7632e-02,    5.0087e-03,    2.0000e+00
1.7795e-02,    5.0552e-03,    2.0000e+00
1.7960e-02,    5.1019e-03,    2.0000e+00
1.8126e-02,    5.1491e-03,    2.0000e+00
1.8294e-02,    5.1969e-03,    2.0000e+00
1.8463e-02,    5.2449e-03,    2.0000e+00
1.8634e-02,    5.2935e-03,    2.0000e+00
1.8807e-02,    5.3426e-03,    2.0000e+00
1.8981e-02,    5.3920e-03,    2.0000e+00
1.9157e-02,    5.4419e-03,    2.0000e+00
1.9334e-02,    5.4924e-03,    2.0000e+00
1.9513e-02,    5.5431e-03,    2.0000e+00
1.9694e-02,    5.5944e-03,    2.0000e+00
1.9876e-02,    5.6462e-03,    2.0000e+00
2.0060e-02,    5.6985e-03,    2.0000e+00
2.0246e-02,    5.7513e-03,    2.0000e+00
2.0433e-02,    5.8046e-03,    2.0000e+00
2.0622e-02,    5.8582e-03,    2.0000e+00
2.0813e-02,    5.9125e-03,    2.0000e+00
2.1006e-02,    5.9673e-03,    2.0000e+00
2.1200e-02,    6.0225e-03,    2.0000e+00
2.1397e-02,    6.0782e-03,    2.0000e+00
2.1595e-02,    6.1346e-03,    2.0000e+00
2.1795e-02,    6.1913e-03,    2.0000e+00
2.1997e-02,    6.2486e-03,    2.0000e+00
2.2200e-02,    6.3065e-03,    2.0000e+00
2.2406e-02,    6.3648e-03,    2.0000e+00
2.2613e-02,    6.4238e-03,    2.0000e+00
2.2823e-02,    6.4833e-03,    2.0000e+00
2.3034e-02,    6.5433e-03,    2.0000e+00
2.3247e-02,    6.6039e-03,    2.0000e+00
2.3462e-02,    6.6650e-03,    2.0000e+00
2.3680e-02,    6.7268e-03,    2.0000e+00
2.3899e-02,    6.7891e-03,    2.0000e+00
2.4120e-02,    6.8519e-03,    2.0000e+00
2.4344e-02,    6.9153e-03,    2.0000e+00
2.4569e-02,    6.9793e-03,    2.0000e+00
2.4796e-02,    7.0440e-03,    2.0000e+00
2.5026e-02,    7.1092e-03,    2.0000e+00
2.5258e-02,    7.1750e-03,    2.0000e+00
2.5492e-02,    7.2414e-03,    2.0000e+00
2.5728e-02,    7.3084e-03,    2.0000e+00
2.5966e-02,    7.3761e-03,    2.0000e+00
2.6206e-02,    7.4444e-03,    2.0000e+00
2.6449e-02,    7.5134e-03,    2.0000e+00
2.6694e-02,    7.5829e-03,    2.0000e+00
2.6941e-02,    7.6531e-03,    2.0000e+00
2.7190e-02,    7.7239e-03,    2.0000e+00
2.7442e-02,    7.7954e-03,    2.0000e+00
2.7696e-02,    7.8676e-03,    2.0000e+00
2.7953e-02,    7.9404e-03,    2.0000e+00
2.8211e-02,    8.0140e-03,    2.0000e+00
2.8473e-02,    8.0881e-03,    2.0000e+00
2.8736e-02,    8.1630e-03,    2.0000e+00
2.9002e-02,    8.2386e-03,    2.0000e+00
2.9271e-02,    8.3149e-03,    2.0000e+00
2.9542e-02,    8.3918e-03,    2.0000e+00
2.9815e-02,    8.4696e-03,    2.0000e+00
3.0091e-02,    8.5479e-03,    2.0000e+00
3.0370e-02,    8.6271e-03,    2.0000e+00
3.0651e-02,    8.7069e-03,    2.0000e+00
3.0935e-02,    8.7876e-03,    2.0000e+00
3.1221e-02,    8.8689e-03,    2.0000e+00
3.1510e-02,    8.9510e-03,    2.0000e+00
3.1802e-02,    9.0339e-03,    2.0000e+00
3.2097e-02,    9.1175e-03,    2.0000e+00
3.2394e-02,    9.2019e-03,    2.0000e+00
3.2694e-02,    9.2871e-03,    2.0000e+00
3.2996e-02,    9.3731e-03,    2.0000e+00
3.3302e-02,    9.4599e-03,    2.0000e+00
3.3610e-02,    9.5474e-03,    2.0000e+00
3.3921e-02,    9.6358e-03,    2.0000e+00
3.4235e-02,    9.7250e-03,    2.0000e+00
3.4552e-02,    9.8150e-03,    2.0000e+00
3.4872e-02,    9.9060e-03,    2.0000e+00
3.5195e-02,    9.9976e-03,    2.0000e+00
3.5521e-02,    1.0090e-02,    2.0000e+00
3.5850e-02,    1.0184e-02,    2.0000e+00
3.6182e-02,    1.0278e-02,    2.0000e+00
3.6517e-02,    1.0373e-02,    2.0000e+00
3.6855e-02,    1.0469e-02,    2.0000e+00
3.7196e-02,    1.0566e-02,    2.0000e+00
3.7541e-02,    1.0664e-02,    2.0000e+00
3.7888e-02,    1.0762e-02,    2.0000e+00
3.8239e-02,    1.0862e-02,    2.0000e+00
3.8593e-02,    1.0963e-02,    2.0000e+00
3.8950e-02,    1.1064e-02,    2.0000e+00
3.9311e-02,    1.1167e-02,    2.0000e+00
3.9675e-02,    1.1270e-02,    2.0000e+00
4.0042e-02,    1.1374e-02,    2.0000e+00
4.0413e-02,    1.1480e-02,    2.0000e+00
4.0787e-02,    1.1586e-02,    2.0000e+00
4.1165e-02,    1.1693e-02,    2.0000e+00
4.1546e-02,    1.1801e-02,    2.0000e+00
4.1931e-02,    1.1911e-02,    2.0000e+00
4.2319e-02,    1.2021e-02,    2.0000e+00
4.2711e-02,    1.2132e-02,    2.0000e+00
4.3106e-02,    1.2244e-02,    2.0000e+00
4.3505e-02,    1.2358e-02,    2.0000e+00
4.3908e-02,    1.2472e-02,    2.0000e+00
4.4315e-02,    1.2588e-02,    2.0000e+00
4.4725e-02,    1.2704e-02,    2.0000e+00
4.5139e-02,    1.2822e-02,    2.0000e+00
4.5557e-02,    1.2940e-02,    2.0000e+00
4.5979e-02,    1.3060e-02,    2.0000e+00
4.6404e-02,    1.3181e-02,    2.0000e+00
4.6834e-02,    1.3303e-02,    2.0000e+00
4.7268e-02,    1.3426e-02,    2.0000e+00
4.7705e-02,    1.3550e-02,    2.0000e+00
4.8147e-02,    1.3676e-02,    2.0000e+00
4.8593e-02,    1.3802e-02,    2.0000e+00
4.9043e-02,    1.3930e-02,    2.0000e+00
4.9497e-02,    1.4059e-02,    2.0000e+00
4.9955e-02,    1.4189e-02,    2.0000e+00
5.0417e-02,    1.4321e-02,    2.0000e+00
5.0884e-02,    1.4453e-02,    2.0000e+00
5.1355e-02,    1.4587e-02,    2.0000e+00
5.1831e-02,    1.4722e-02,    2.0000e+00
5.2311e-02,    1.4858e-02,    2.0000e+00
5.2795e-02,    1.4996e-02,    2.0000e+00
5.3284e-02,    1.5135e-02,    2.0000e+00
5.3777e-02,    1.5275e-02,    2.0000e+00
5.4275e-02,    1.5416e-02,    2.0000e+00
5.4778e-02,    1.5559e-02,    2.0000e+00
5.5285e-02,    1.5703e-02,    2.0000e+00
5.5797e-02,    1.5848e-02,    2.0000e+00
5.6313e-02,    1.5995e-02,    2.0000e+00
5.6835e-02,    1.6143e-02,    2.0000e+00
5.7361e-02,    1.6292e-02,    2.0000e+00
5.7892e-02,    1.6443e-02,    2.0000e+00
5.8428e-02,    1.6595e-02,    2.0000e+00
5.8969e-02,    1.6749e-02,    2.0000e+00
5.9515e-02,    1.6904e-02,    2.0000e+00
6.0066e-02,    1.7060e-02,    2.0000e+00
6.0622e-02,    1.7218e-02,    2.0000e+00
6.1183e-02,    1.7377e-02,    2.0000e+00
6.1750e-02,    1.7538e-02,    2.0000e+00
6.2322e-02,    1.7701e-02,    2.0000e+00
6.2899e-02,    1.7864e-02,    2.0000e+00
6.3481e-02,    1.8030e-02,    2.0000e+00
6.4069e-02,    1.8197e-02,    2.0000e+00
6.4662e-02,    1.8365e-02,    2.0000e+00
6.5261e-02,    1.8535e-02,    2.0000e+00
6.5865e-02,    1.8706e-02,    2.0000e+00
6.6475e-02,    1.8880e-02,    2.0000e+00
6.7090e-02,    1.9054e-02,    2.0000e+00
6.7711e-02,    1.9231e-02,    2.0000e+00
6.8338e-02,    1.9409e-02,    2.0000e+00
6.8971e-02,    1.9588e-02,    2.0000e+00
6.9610e-02,    1.9769e-02,    2.0000e+00
7.0254e-02,    1.9952e-02,    2.0000e+00
7.0904e-02,    2.0137e-02,    2.0000e+00
7.1561e-02,    2.0323e-02,    2.0000e+00
7.2224e-02,    2.0511e-02,    2.0000e+00
7.2892e-02,    2.0701e-02,    2.0000e+00
7.3567e-02,    2.0893e-02,    2.0000e+00
7.4248e-02,    2.1086e-02,    2.0000e+00
7.4936e-02,    2.1281e-02,    2.0000e+00
7.5629e-02,    2.1478e-02,    2.0000e+00
7.6330e-02,    2.1677e-02,    2.0000e+00
7.7036e-02,    2.1877e-02,    2.0000e+00
7.7750e-02,    2.2080e-02,    2.0000e+00
7.8470e-02,    2.2284e-02,    2.0000e+00
7.9196e-02,    2.2490e-02,    2.0000e+00
7.9929e-02,    2.2698e-02,    2.0000e+00
8.0669e-02,    2.2908e-02,    2.0000e+00
8.1416e-02,    2.3120e-02,    2.0000e+00
8.2170e-02,    2.3334e-02,    2.0000e+00
8.2931e-02,    2.3550e-02,    2.0000e+00
8.3699e-02,    2.3768e-02,    2.0000e+00
8.4474e-02,    2.3988e-02,    2.0000e+00
8.5256e-02,    2.4210e-02,    2.0000e+00
8.6045e-02,    2.4434e-02,    2.0000e+00
8.6842e-02,    2.4660e-02,    2.0000e+00
8.7646e-02,    2.4888e-02,    2.0000e+00
8.8457e-02,    2.5118e-02,    2.0000e+00
8.9276e-02,    2.5350e-02,    2.0000e+00
9.0103e-02,    2.5585e-02,    2.0000e+00
9.0937e-02,    2.5822e-02,    2.0000e+00
9.1779e-02,    2.6060e-02,    2.0000e+00
9.2629e-02,    2.6301e-02,    2.0000e+00
9.3486e-02,    2.6545e-02,    2.0000e+00
9.4352e-02,    2.6790e-02,    2.0000e+00
9.5226e-02,    2.7038e-02,    2.0000e+00
9.6107e-02,    2.7288e-02,    2.0000e+00
9.6997e-02,    2.7541e-02,    2.0000e+00
9.7895e-02,    2.7795e-02,    2.0000e+00
9.8802e-02,    2.8052e-02,    2.0000e+00
9.9716e-02,    2.8312e-02,    2.0000e+00
1.0064e-01,    2.8574e-02,    2.0000e+00
1.0157e-01,    2.8838e-02,    2.0000e+00
1.0251e-01,    2.9105e-02,    2.0000e+00
1.0346e-01,    2.9374e-02,    2.0000e+00
1.0442e-01,    2.9645e-02,    2.0000e+00
1.0539e-01,    2.9919e-02,    2.0000e+00
1.0636e-01,    3.0196e-02,    2.0000e+00
1.0735e-01,    3.0475e-02,    2.0000e+00
1.0834e-01,    3.0757e-02,    2.0000e+00
1.0934e-01,    3.1042e-02,    2.0000e+00
1.1036e-01,    3.1329e-02,    2.0000e+00
1.1138e-01,    3.1618e-02,    2.0000e+00
1.1241e-01,    3.1911e-02,    2.0000e+00
1.1345e-01,    3.2206e-02,    2.0000e+00
1.1450e-01,    3.2503e-02,    2.0000e+00
1.1556e-01,    3.2804e-02,    2.0000e+00
1.1663e-01,    3.3107e-02,    2.0000e+00
1.1771e-01,    3.3413e-02,    2.0000e+00
1.1880e-01,    3.3722e-02,    2.0000e+00
1.1990e-01,    3.4034e-02,    2.0000e+00
1.2101e-01,    3.4348e-02,    2.0000e+00
1.2213e-01,    3.4666e-02,    2.0000e+00
1.2326e-01,    3.4986e-02,    2.0000e+00
1.2440e-01,    3.5310e-02,    2.0000e+00
1.2555e-01,    3.5636e-02,    2.0000e+00
1.2672e-01,    3.5965e-02,    2.0000e+00
1.2789e-01,    3.6298e-02,    2.0000e+00
1.2907e-01,    3.6633e-02,    2.0000e+00
1.3027e-01,    3.6972e-02,    2.0000e+00
1.3147e-01,    3.7313e-02,    2.0000e+00
1.3269e-01,    3.7658e-02,    2.0000e+00
1.3392e-01,    3.8006e-02,    2.0000e+00
1.3516e-01,    3.8357e-02,    2.0000e+00
1.3641e-01,    3.8712e-02,    2.0000e+00
1.3767e-01,    3.9069e-02,    2.0000e+00
1.3895e-01,    3.9430e-02,    2.0000e+00
1.4024e-01,    3.9795e-02,    2.0000e+00
1.4153e-01,    4.0162e-02,    2.0000e+00
1.4284e-01,    4.0533e-02,    2.0000e+00
1.4417e-01,    4.0908e-02,    2.0000e+00
1.4550e-01,    4.1285e-02,    2.0000e+00
1.4685e-01,    4.1667e-02,    2.0000e+00
1.4821e-01,    4.2052e-02,    2.0000e+00
1.4958e-01,    4.2440e-02,    2.0000e+00
1.5097e-01,    4.2832e-02,    2.0000e+00
1.5236e-01,    4.3227e-02,    2.0000e+00
1.5377e-01,    4.3627e-02,    2.0000e+00
1.5520e-01,    4.4029e-02,    2.0000e+00
1.5663e-01,    4.4436e-02,    2.0000e+00
1.5809e-01,    4.4846e-02,    2.0000e+00
1.5955e-01,    4.5260e-02,    2.0000e+00
1.6103e-01,    4.5678e-02,    2.0000e+00
1.6252e-01,    4.6100e-02,    2.0000e+00
1.6402e-01,    4.6525e-02,    2.0000e+00
1.6554e-01,    4.6955e-02,    2.0000e+00
1.6707e-01,    4.7388e-02,    2.0000e+00
1.6862e-01,    4.7826e-02,    2.0000e+00
1.7018e-01,    4.8267e-02,    2.0000e+00
1.7176e-01,    4.8712e-02,    2.0000e+00
1.7335e-01,    4.9162e-02,    2.0000e+00
1.7495e-01,    4.9616e-02,    2.0000e+00
1.7657e-01,    5.0073e-02,    2.0000e+00
1.7821e-01,    5.0535e-02,    2.0000e+00
1.7986e-01,    5.1002e-02,    2.0000e+00
1.8152e-01,    5.1472e-02,    2.0000e+00
1.8320e-01,    5.1947e-02,    2.0000e+00
1.8490e-01,    5.2426e-02,    2.0000e+00
1.8661e-01,    5.2909e-02,    2.0000e+00
1.8834e-01,    5.3397e-02,    2.0000e+00
1.9008e-01,    5.3890e-02,    2.0000e+00
1.9184e-01,    5.4387e-02,    2.0000e+00
1.9362e-01,    5.4888e-02,    2.0000e+00
1.9541e-01,    5.5394e-02,    2.0000e+00
1.9722e-01,    5.5905e-02,    2.0000e+00
1.9905e-01,    5.6420e-02,    2.0000e+00
2.0089e-01,    5.6940e-02,    2.0000e+00
2.0275e-01,    5.7465e-02,    2.0000e+00
2.0463e-01,    5.7995e-02,    2.0000e+00
2.0652e-01,    5.8529e-02,    2.0000e+00
2.0843e-01,    5.9068e-02,    2.0000e+00
2.1036e-01,    5.9612e-02,    2.0000e+00
2.1231e-01,    6.0162e-02,    2.0000e+00
2.1428e-01,    6.0716e-02,    2.0000e+00
2.1626e-01,    6.1275e-02,    2.0000e+00
2.1826e-01,    6.1839e-02,    2.0000e+00
2.2028e-01,    6.2409e-02,    2.0000e+00
2.2232e-01,    6.2984e-02,    2.0000e+00
2.2438e-01,    6.3563e-02,    2.0000e+00
2.2646e-01,    6.4149e-02,    2.0000e+00
2.2856e-01,    6.4739e-02,    2.0000e+00
2.3067e-01,    6.5335e-02,    2.0000e+00
2.3281e-01,    6.5936e-02,    2.0000e+00
2.3496e-01,    6.6543e-02,    2.0000e+00
2.3714e-01,    6.7155e-02,    2.0000e+00
2.3933e-01,    6.7773e-02,    2.0000e+00
2.4155e-01,    6.8396e-02,    2.0000e+00
2.4379e-01,    6.9026e-02,    2.0000e+00
2.4604e-01,    6.9660e-02,    2.0000e+00
2.4832e-01,    7.0301e-02,    2.0000e+00
2.5062e-01,    7.0947e-02,    2.0000e+00
2.5294e-01,    7.1600e-02,    2.0000e+00
2.5528e-01,    7.2258e-02,    2.0000e+00
2.5765e-01,    7.2922e-02,    2.0000e+00
2.6003e-01,    7.3592e-02,    2.0000e+00
2.6244e-01,    7.4268e-02,    2.0000e+00
2.6487e-01,    7.4950e-02,    2.0000e+00
2.6732e-01,    7.5639e-02,    2.0000e+00
2.6980e-01,    7.6333e-02,    2.0000e+00
2.7229e-01,    7.7034e-02,    2.0000e+00
2.7482e-01,    7.7742e-02,    2.0000e+00
2.7736e-01,    7.8455e-02,    2.0000e+00
2.7993e-01,    7.9175e-02,    2.0000e+00
2.8252e-01,    7.9902e-02,    2.0000e+00
2.8514e-01,    8.0635e-02,    2.0000e+00
2.8778e-01,    8.1375e-02,    2.0000e+00
2.9044e-01,    8.2121e-02,    2.0000e+00
2.9313e-01,    8.2874e-02,    2.0000e+00
2.9584e-01,    8.3634e-02,    2.0000e+00
2.9858e-01,    8.4401e-02,    2.0000e+00
3.0135e-01,    8.5175e-02,    2.0000e+00
3.0414e-01,    8.5955e-02,    2.0000e+00
3.0695e-01,    8.6743e-02,    2.0000e+00
3.0979e-01,    8.7537e-02,    2.0000e+00
3.1266e-01,    8.8339e-02,    2.0000e+00
3.1556e-01,    8.9148e-02,    2.0000e+00
3.1848e-01,    8.9964e-02,    2.0000e+00
3.2143e-01,    9.0788e-02,    2.0000e+00
3.2440e-01,    9.1618e-02,    2.0000e+00
3.2741e-01,    9.2457e-02,    2.0000e+00
3.3044e-01,    9.3302e-02,    2.0000e+00
3.3350e-01,    9.4156e-02,    2.0000e+00
3.3659e-01,    9.5016e-02,    2.0000e+00
3.3970e-01,    9.5885e-02,    2.0000e+00
3.4285e-01,    9.6761e-02,    2.0000e+00
3.4602e-01,    9.7645e-02,    2.0000e+00
3.4923e-01,    9.8537e-02,    2.0000e+00
3.5246e-01,    9.9437e-02,    2.0000e+00
3.5572e-01,    1.0035e-01,    2.0000e+00
3.5902e-01,    1.0126e-01,    2.0000e+00
3.6234e-01,    1.0218e-01,    2.0000e+00
3.6569e-01,    1.0312e-01,    2.0000e+00
3.6908e-01,    1.0406e-01,    2.0000e+00
3.7250e-01,    1.0501e-01,    2.0000e+00
3.7595e-01,    1.0596e-01,    2.0000e+00
3.7943e-01,    1.0693e-01,    2.0000e+00
3.8294e-01,    1.0790e-01,    2.0000e+00
3.8649e-01,    1.0889e-01,    2.0000e+00
3.9006e-01,    1.0988e-01,    2.0000e+00
3.9368e-01,    1.1088e-01,    2.0000e+00
3.9732e-01,    1.1189e-01,    2.0000e+00
4.0100e-01,    1.1290e-01,    2.0000e+00
4.0471e-01,    1.1393e-01,    2.0000e+00
4.0846e-01,    1.1497e-01,    2.0000e+00
4.1224e-01,    1.1601e-01,    2.0000e+00
4.1606e-01,    1.1706e-01,    2.0000e+00
4.1991e-01,    1.1813e-01,    2.0000e+00
4.2380e-01,    1.1920e-01,    2.0000e+00
4.2772e-01,    1.2028e-01,    2.0000e+00
4.3168e-01,    1.2137e-01,    2.0000e+00
4.3568e-01,    1.2247e-01,    2.0000e+00
4.3971e-01,    1.2358e-01,    2.0000e+00
4.4378e-01,    1.2470e-01,    2.0000e+00
4.4789e-01,    1.2583e-01,    2.0000e+00
4.5204e-01,    1.2697e-01,    2.0000e+00
4.5622e-01,    1.2812e-01,    2.0000e+00
4.6045e-01,    1.2928e-01,    2.0000e+00
4.6471e-01,    1.3045e-01,    2.0000e+00
4.6901e-01,    1.3163e-01,    2.0000e+00
4.7336e-01,    1.3281e-01,    2.0000e+00
4.7774e-01,    1.3401e-01,    2.0000e+00
4.8216e-01,    1.3522e-01,    2.0000e+00
4.8663e-01,    1.3644e-01,    2.0000e+00
4.9113e-01,    1.3767e-01,    2.0000e+00
4.9568e-01,    1.3891e-01,    2.0000e+00
5.0027e-01,    1.4016e-01,    2.0000e+00
5.0490e-01,    1.4143e-01,    2.0000e+00
5.0958e-01,    1.4270e-01,    2.0000e+00
5.1429e-01,    1.4398e-01,    2.0000e+00
5.1906e-01,    1.4528e-01,    2.0000e+00
5.2386e-01,    1.4658e-01,    2.0000e+00
5.2871e-01,    1.4790e-01,    2.0000e+00
5.3361e-01,    1.4922e-01,    2.0000e+00
5.3855e-01,    1.5056e-01,    2.0000e+00
5.4353e-01,    1.5191e-01,    2.0000e+00
5.4857e-01,    1.5327e-01,    2.0000e+00
5.5365e-01,    1.5464e-01,    2.0000e+00
5.5877e-01,    1.5603e-01,    2.0000e+00
5.6394e-01,    1.5742e-01,    2.0000e+00
5.6917e-01,    1.5883e-01,    2.0000e+00
5.7444e-01,    1.6025e-01,    2.0000e+00
5.7975e-01,    1.6168e-01,    2.0000e+00
5.8512e-01,    1.6312e-01,    2.0000e+00
5.9054e-01,    1.6457e-01,    2.0000e+00
5.9601e-01,    1.6604e-01,    2.0000e+00
6.0153e-01,    1.6752e-01,    2.0000e+00
6.0709e-01,    1.6901e-01,    2.0000e+00
6.1272e-01,    1.7051e-01,    2.0000e+00
6.1839e-01,    1.7202e-01,    2.0000e+00
6.2411e-01,    1.7355e-01,    2.0000e+00
6.2989e-01,    1.7509e-01,    2.0000e+00
6.3572e-01,    1.7664e-01,    2.0000e+00
6.4161e-01,    1.7820e-01,    2.0000e+00
6.4755e-01,    1.7978e-01,    2.0000e+00
6.5355e-01,    1.8137e-01,    2.0000e+00
6.5960e-01,    1.8297e-01,    2.0000e+00
6.6570e-01,    1.8458e-01,    2.0000e+00
6.7187e-01,    1.8621e-01,    2.0000e+00
6.7809e-01,    1.8785e-01,    2.0000e+00
6.8437e-01,    1.8950e-01,    2.0000e+00
6.9070e-01,    1.9117e-01,    2.0000e+00
6.9710e-01,    1.9284e-01,    2.0000e+00
7.0355e-01,    1.9454e-01,    2.0000e+00
7.1007e-01,    1.9624e-01,    2.0000e+00
7.1664e-01,    1.9796e-01,    2.0000e+00
7.2328e-01,    1.9969e-01,    2.0000e+00
7.2997e-01,    2.0144e-01,    2.0000e+00
7.3673e-01,    2.0319e-01,    2.0000e+00
7.4355e-01,    2.0497e-01,    2.0000e+00
7.5044e-01,    2.0675e-01,    2.0000e+00
7.5738e-01,    2.0855e-01,    2.0000e+00
7.6440e-01,    2.1036e-01,    2.0000e+00
7.7147e-01,    2.1219e-01,    2.0000e+00
7.7862e-01,    2.1403e-01,    2.0000e+00
7.8583e-01,    2.1588e-01,    2.0000e+00
7.9310e-01,    2.1775e-01,    2.0000e+00
8.0045e-01,    2.1963e-01,    2.0000e+00
8.0786e-01,    2.2152e-01,    2.0000e+00
8.1534e-01,    2.2343e-01,    2.0000e+00
8.2288e-01,    2.2536e-01,    2.0000e+00
8.3050e-01,    2.2729e-01,    2.0000e+00
8.3819e-01,    2.2924e-01,    2.0000e+00
8.4595e-01,    2.3121e-01,    2.0000e+00
8.5379e-01,    2.3319e-01,    2.0000e+00
8.6169e-01,    2.3518e-01,    2.0000e+00
8.6967e-01,    2.3719e-01,    2.0000e+00
8.7772e-01,    2.3921e-01,    2.0000e+00
8.8585e-01,    2.4125e-01,    2.0000e+00
8.9405e-01,    2.4330e-01,    2.0000e+00
9.0233e-01,    2.4536e-01,    2.0000e+00
9.1068e-01,    2.4744e-01,    2.0000e+00
9.1911e-01,    2.4953e-01,    2.0000e+00
9.2762e-01,    2.5164e-01,    2.0000e+00
9.3621e-01,    2.5376e-01,    2.0000e+00
9.4488e-01,    2.5590e-01,    2.0000e+00
9.5363e-01,    2.5805e-01,    2.0000e+00
9.6246e-01,    2.6021e-01,    2.0000e+00
9.7137e-01,    2.6239e-01,    2.0000e+00
9.8036e-01,    2.6458e-01,    2.0000e+00
9.8944e-01,    2.6679e-01,    2.0000e+00
9.9860e-01,    2.6901e-01,    2.0000e+00
1.0078e+00,    2.7125e-01,    2.0000e+00
1.0172e+00,    2.7350e-01,    2.0000e+00
1.0266e+00,    2.7576e-01,    2.0000e+00
1.0361e+00,    2.7804e-01,    2.0000e+00
1.0457e+00,    2.8033e-01,    2.0000e+00
1.0554e+00,    2.8264e-01,    2.0000e+00
1.0651e+00,    2.8496e-01,    2.0000e+00
1.0750e+00,    2.8730e-01,    2.0000e+00
1.0850e+00,    2.8965e-01,    2.0000e+00
1.0950e+00,    2.9201e-01,    2.0000e+00
1.1051e+00,    2.9439e-01,    2.0000e+00
1.1154e+00,    2.9678e-01,    2.0000e+00
1.1257e+00,    2.9918e-01,    2.0000e+00
1.1361e+00,    3.0160e-01,    2.0000e+00
1.1466e+00,    3.0404e-01,    2.0000e+00
1.1573e+00,    3.0648e-01,    2.0000e+00
1.1680e+00,    3.0894e-01,    2.0000e+00
1.1788e+00,    3.1142e-01,    2.0000e+00
1.1897e+00,    3.1390e-01,    2.0000e+00
1.2007e+00,    3.1641e-01,    2.0000e+00
1.2118e+00,    3.1892e-01,    2.0000e+00
1.2231e+00,    3.2145e-01,    2.0000e+00
1.2344e+00,    3.2399e-01,    2.0000e+00
1.2458e+00,    3.2654e-01,    2.0000e+00
1.2573e+00,    3.2911e-01,    2.0000e+00
1.2690e+00,    3.3169e-01,    2.0000e+00
1.2807e+00,    3.3428e-01,    2.0000e+00
1.2926e+00,    3.3689e-01,    2.0000e+00
1.3046e+00,    3.3950e-01,    2.0000e+00
1.3166e+00,    3.4213e-01,    2.0000e+00
1.3288e+00,    3.4478e-01,    2.0000e+00
1.3411e+00,    3.4743e-01,    2.0000e+00
1.3535e+00,    3.5010e-01,    2.0000e+00
1.3661e+00,    3.5278e-01,    2.0000e+00
1.3787e+00,    3.5547e-01,    2.0000e+00
1.3915e+00,    3.5817e-01,    2.0000e+00
1.4044e+00,    3.6088e-01,    2.0000e+00
1.4174e+00,    3.6361e-01,    2.0000e+00
1.4305e+00,    3.6634e-01,    2.0000e+00
1.4437e+00,    3.6909e-01,    2.0000e+00
1.4571e+00,    3.7185e-01,    2.0000e+00
1.4706e+00,    3.7461e-01,    2.0000e+00
1.4842e+00,    3.7739e-01,    2.0000e+00
1.4980e+00,    3.8018e-01,    2.0000e+00
1.5118e+00,    3.8298e-01,    2.0000e+00
1.5258e+00,    3.8579e-01,    2.0000e+00
1.5400e+00,    3.8861e-01,    2.0000e+00
1.5542e+00,    3.9143e-01,    2.0000e+00
1.5686e+00,    3.9427e-01,    2.0000e+00
1.5831e+00,    3.9712e-01,    2.0000e+00
1.5978e+00,    3.9997e-01,    2.0000e+00
1.6126e+00,    4.0283e-01,    2.0000e+00
1.6275e+00,    4.0570e-01,    2.0000e+00
1.6426e+00,    4.0858e-01,    2.0000e+00
1.6578e+00,    4.1147e-01,    2.0000e+00
1.6731e+00,    4.1437e-01,    2.0000e+00
1.6886e+00,    4.1727e-01,    2.0000e+00
1.7043e+00,    4.2018e-01,    2.0000e+00
1.7200e+00,    4.2309e-01,    2.0000e+00
1.7360e+00,    4.2601e-01,    2.0000e+00
1.7520e+00,    4.2894e-01,    2.0000e+00
1.7683e+00,    4.3188e-01,    2.0000e+00
1.7846e+00,    4.3482e-01,    2.0000e+00
1.8012e+00,    4.3776e-01,    2.0000e+00
1.8178e+00,    4.4071e-01,    2.0000e+00
1.8347e+00,    4.4367e-01,    2.0000e+00
1.8517e+00,    4.4663e-01,    2.0000e+00
1.8688e+00,    4.4960e-01,    2.0000e+00
1.8861e+00,    4.5256e-01,    2.0000e+00
1.9036e+00,    4.5554e-01,    2.0000e+00
1.9212e+00,    4.5851e-01,    2.0000e+00
1.9390e+00,    4.6149e-01,    2.0000e+00
1.9569e+00,    4.6447e-01,    2.0000e+00
1.9750e+00,    4.6746e-01,    2.0000e+00
1.9933e+00,    4.7044e-01,    2.0000e+00
2.0118e+00,    4.7343e-01,    2.0000e+00
2.0304e+00,    4.7642e-01,    2.0000e+00
2.0492e+00,    4.7941e-01,    2.0000e+00
2.0682e+00,    4.8240e-01,    2.0000e+00
2.0873e+00,    4.8539e-01,    2.0000e+00
2.1067e+00,    4.8838e-01,    2.0000e+00
2.1262e+00,    4.9137e-01,    2.0000e+00
2.1458e+00,    4.9436e-01,    2.0000e+00
2.1657e+00,    4.9736e-01,    2.0000e+00
2.1858e+00,    5.0034e-01,    2.0000e+00
2.2060e+00,    5.0333e-01,    2.0000e+00
2.2264e+00,    5.0632e-01,    2.0000e+00
2.2470e+00,    5.0930e-01,    2.0000e+00
2.2678e+00,    5.1228e-01,    2.0000e+00
2.2888e+00,    5.1526e-01,    2.0000e+00
2.3100e+00,    5.1823e-01,    2.0000e+00
2.3314e+00,    5.2121e-01,    2.0000e+00
2.3530e+00,    5.2417e-01,    2.0000e+00
2.3748e+00,    5.2714e-01,    2.0000e+00
2.3968e+00,    5.3010e-01,    2.0000e+00
2.4190e+00,    5.3305e-01,    2.0000e+00
2.4414e+00,    5.3600e-01,    2.0000e+00
2.4640e+00,    5.3894e-01,    2.0000e+00
2.4868e+00,    5.4188e-01,    2.0000e+00
2.5098e+00,    5.4481e-01,    2.0000e+00
2.5331e+00,    5.4773e-01,    2.0000e+00
2.5565e+00,    5.5065e-01,    2.0000e+00
2.5802e+00,    5.5356e-01,    2.0000e+00
2.6041e+00,    5.5646e-01,    2.0000e+00
2.6282e+00,    5.5936e-01,    2.0000e+00
2.6525e+00,    5.6225e-01,    2.0000e+00
2.6771e+00,    5.6513e-01,    2.0000e+00
2.7019e+00,    5.6800e-01,    2.0000e+00
2.7269e+00,    5.7086e-01,    2.0000e+00
2.7521e+00,    5.7371e-01,    2.0000e+00
2.7776e+00,    5.7655e-01,    2.0000e+00
2.8033e+00,    5.7938e-01,    2.0000e+00
2.8293e+00,    5.8221e-01,    2.0000e+00
2.8555e+00,    5.8502e-01,    2.0000e+00
2.8819e+00,    5.8782e-01,    2.0000e+00
2.9086e+00,    5.9061e-01,    2.0000e+00
2.9355e+00,    5.9339e-01,    2.0000e+00
2.9627e+00,    5.9616e-01,    2.0000e+00
2.9901e+00,    5.9891e-01,    2.0000e+00
3.0178e+00,    6.0166e-01,    2.0000e+00
3.0458e+00,    6.0439e-01,    2.0000e+00
3.0740e+00,    6.0711e-01,    2.0000e+00
3.1024e+00,    6.0982e-01,    2.0000e+00
3.1311e+00,    6.1251e-01,    2.0000e+00
3.1601e+00,    6.1519e-01,    2.0000e+00
3.1894e+00,    6.1786e-01,    2.0000e+00
3.2189e+00,    6.2052e-01,    2.0000e+00
3.2487e+00,    6.2316e-01,    2.0000e+00
3.2788e+00,    6.2578e-01,    2.0000e+00
3.3092e+00,    6.2840e-01,    2.0000e+00
3.3398e+00,    6.3100e-01,    2.0000e+00
3.3707e+00,    6.3358e-01,    2.0000e+00
3.4019e+00,    6.3615e-01,    2.0000e+00
3.4334e+00,    6.3871e-01,    2.0000e+00
3.4652e+00,    6.4125e-01,    2.0000e+00
3.4973e+00,    6.4377e-01,    2.0000e+00
3.5297e+00,    6.4628e-01,    2.0000e+00
3.5624e+00,    6.4878e-01,    2.0000e+00
3.5953e+00,    6.5126e-01,    2.0000e+00
3.6286e+00,    6.5373e-01,    2.0000e+00
3.6622e+00,    6.5618e-01,    2.0000e+00
3.6961e+00,    6.5861e-01,    2.0000e+00
3.7303e+00,    6.6103e-01,    2.0000e+00
3.7649e+00,    6.6343e-01,    2.0000e+00
3.7997e+00,    6.6582e-01,    2.0000e+00
3.8349e+00,    6.6819e-01,    2.0000e+00
3.8704e+00,    6.7054e-01,    2.0000e+00
3.9063e+00,    6.7288e-01,    2.0000e+00
3.9424e+00,    6.7521e-01,    2.0000e+00
3.9789e+00,    6.7751e-01,    2.0000e+00
4.0158e+00,    6.7981e-01,    2.0000e+00
4.0530e+00,    6.8208e-01,    2.0000e+00
4.0905e+00,    6.8434e-01,    2.0000e+00
4.1284e+00,    6.8658e-01,    2.0000e+00
4.1666e+00,    6.8881e-01,    2.0000e+00
4.2052e+00,    6.9102e-01,    2.0000e+00
4.2441e+00,    6.9321e-01,    2.0000e+00
4.2834e+00,    6.9539e-01,    2.0000e+00
4.3230e+00,    6.9755e-01,    2.0000e+00
4.3631e+00,    6.9970e-01,    2.0000e+00
4.4035e+00,    7.0183e-01,    2.0000e+00
4.4442e+00,    7.0394e-01,    2.0000e+00
4.4854e+00,    7.0604e-01,    2.0000e+00
4.5269e+00,    7.0812e-01,    2.0000e+00
4.5688e+00,    7.1018e-01,    2.0000e+00
4.6111e+00,    7.1223e-01,    2.0000e+00
4.6538e+00,    7.1427e-01,    2.0000e+00
4.6969e+00,    7.1629e-01,    2.0000e+00
4.7404e+00,    7.1829e-01,    2.0000e+00
4.7843e+00,    7.2027e-01,    2.0000e+00
4.8286e+00,    7.2224e-01,    2.0000e+00
4.8733e+00,    7.2420e-01,    2.0000e+00
4.9184e+00,    7.2614e-01,    2.0000e+00
4.9639e+00,    7.2806e-01,    2.0000e+00
5.0099e+00,    7.2997e-01,    2.0000e+00
5.0563e+00,    7.3186e-01,    2.0000e+00
5.1031e+00,    7.3374e-01,    2.0000e+00
5.1504e+00,    7.3560e-01,    2.0000e+00
5.1980e+00,    7.3745e-01,    2.0000e+00
5.2462e+00,    7.3929e-01,    2.0000e+00
5.2947e+00,    7.4110e-01,    2.0000e+00
5.3438e+00,    7.4291e-01,    2.0000e+00
5.3932e+00,    7.4469e-01,    2.0000e+00
5.4432e+00,    7.4647e-01,    2.0000e+00
5.4936e+00,    7.4823e-01,    2.0000e+00
5.5444e+00,    7.4997e-01,    2.0000e+00
5.5958e+00,    7.5170e-01,    2.0000e+00
5.6476e+00,    7.5342e-01,    2.0000e+00
5.6999e+00,    7.5512e-01,    2.0000e+00
5.7526e+00,    7.5681e-01,    2.0000e+00
5.8059e+00,    7.5849e-01,    2.0000e+00
5.8597e+00,    7.6015e-01,    2.0000e+00
5.9139e+00,    7.6179e-01,    2.0000e+00
5.9687e+00,    7.6343e-01,    2.0000e+00
6.0239e+00,    7.6505e-01,    2.0000e+00
6.0797e+00,    7.6665e-01,    2.0000e+00
6.1360e+00,    7.6825e-01,    2.0000e+00
6.1928e+00,    7.6983e-01,    2.0000e+00
6.2501e+00,    7.7140e-01,    2.0000e+00
6.3080e+00,    7.7295e-01,    2.0000e+00
6.3664e+00,    7.7449e-01,    2.0000e+00
6.4254e+00,    7.7602e-01,    2.0000e+00
6.4848e+00,    7.7754e-01,    2.0000e+00
6.5449e+00,    7.7904e-01,    2.0000e+00
6.6055e+00,    7.8053e-01,    2.0000e+00
6.6666e+00,    7.8201e-01,    2.0000e+00
6.7284e+00,    7.8348e-01,    2.0000e+00
6.7907e+00,    7.8494e-01,    2.0000e+00
6.8535e+00,    7.8638e-01,    2.0000e+00
6.9170e+00,    7.8781e-01,    2.0000e+00
6.9810e+00,    7.8923e-01,    2.0000e+00
7.0457e+00,    7.9064e-01,    2.0000e+00
7.1109e+00,    7.9203e-01,    2.0000e+00
7.1767e+00,    7.9342e-01,    2.0000e+00
7.2432e+00,    7.9479e-01,    2.0000e+00
7.3102e+00,    7.9616e-01,    2.0000e+00
7.3779e+00,    7.9751e-01,    2.0000e+00
7.4462e+00,    7.9885e-01,    2.0000e+00
7.5152e+00,    8.0018e-01,    2.0000e+00
7.5848e+00,    8.0150e-01,    2.0000e+00
7.6550e+00,    8.0281e-01,    2.0000e+00
7.7259e+00,    8.0410e-01,    2.0000e+00
7.7974e+00,    8.0539e-01,    2.0000e+00
7.8696e+00,    8.0667e-01,    2.0000e+00
7.9424e+00,    8.0793e-01,    2.0000e+00
8.0160e+00,    8.0919e-01,    2.0000e+00
8.0902e+00,    8.1044e-01,    2.0000e+00
8.1651e+00,    8.1167e-01,    2.0000e+00
8.2407e+00,    8.1290e-01,    2.0000e+00
8.3170e+00,    8.1412e-01,    2.0000e+00
8.3940e+00,    8.1532e-01,    2.0000e+00
8.4717e+00,    8.1652e-01,    2.0000e+00
8.5502e+00,    8.1771e-01,    2.0000e+00
8.6293e+00,    8.1888e-01,    2.0000e+00
8.7092e+00,    8.2005e-01,    2.0000e+00
8.7899e+00,    8.2121e-01,    2.0000e+00
8.8712e+00,    8.2236e-01,    2.0000e+00
8.9534e+00,    8.2350e-01,    2.0000e+00
9.0363e+00,    8.2464e-01,    2.0000e+00
9.1199e+00,    8.2576e-01,    2.0000e+00
9.2044e+00,    8.2687e-01,    2.0000e+00
9.2896e+00,    8.2798e-01,    2.0000e+00
9.3756e+00,    8.2908e-01,    2.0000e+00
9.4624e+00,    8.3016e-01,    2.0000e+00
9.5500e+00,    8.3124e-01,    2.0000e+00
9.6384e+00,    8.3232e-01,    2.0000e+00
9.7277e+00,    8.3338e-01,    2.0000e+00
9.8178e+00,    8.3443e-01,    2.0000e+00
9.9087e+00,    8.3548e-01,    2.0000e+00
1.0000e+01,    8.3652e-01,    2.0000e+00
1.0093e+01,    8.3755e-01,    2.0000e+00
1.0186e+01,    8.3857e-01,    2.0000e+00
1.0281e+01,    8.3959e-01,    2.0000e+00
1.0376e+01,    8.4059e-01,    2.0000e+00
1.0472e+01,    8.4159e-01,    2.0000e+00
1.0569e+01,    8.4258e-01,    2.0000e+00
1.0667e+01,    8.4357e-01,    2.0000e+00
1.0766e+01,    8.4454e-01,    2.0000e+00
1.0865e+01,    8.4551e-01,    2.0000e+00
1.0966e+01,    8.4647e-01,    2.0000e+00
1.1067e+01,    8.4743e-01,    2.0000e+00
1.1170e+01,    8.4837e-01,    2.0000e+00
1.1273e+01,    8.4931e-01,    2.0000e+00
1.1378e+01,    8.5025e-01,    2.0000e+00
1.1483e+01,    8.5117e-01,    2.0000e+00
1.1589e+01,    8.5209e-01,    2.0000e+00
1.1697e+01,    8.5300e-01,    2.0000e+00
1.1805e+01,    8.5391e-01,    2.0000e+00
1.1914e+01,    8.5481e-01,    2.0000e+00
1.2025e+01,    8.5570e-01,    2.0000e+00
1.2136e+01,    8.5658e-01,    2.0000e+00
1.2248e+01,    8.5746e-01,    2.0000e+00
1.2362e+01,    8.5833e-01,    2.0000e+00
1.2476e+01,    8.5920e-01,    2.0000e+00
1.2592e+01,    8.6005e-01,    2.0000e+00
1.2708e+01,    8.6091e-01,    2.0000e+00
1.2826e+01,    8.6175e-01,    2.0000e+00
1.2945e+01,    8.6259e-01,    2.0000e+00
1.3064e+01,    8.6343e-01,    2.0000e+00
1.3185e+01,    8.6425e-01,    2.0000e+00
1.3307e+01,    8.6507e-01,    2.0000e+00
1.3431e+01,    8.6589e-01,    2.0000e+00
1.3555e+01,    8.6670e-01,    2.0000e+00
1.3681e+01,    8.6750e-01,    2.0000e+00
1.3807e+01,    8.6830e-01,    2.0000e+00
1.3935e+01,    8.6909e-01,    2.0000e+00
1.4064e+01,    8.6988e-01,    2.0000e+00
1.4194e+01,    8.7066e-01,    2.0000e+00
1.4326e+01,    8.7143e-01,    2.0000e+00
1.4458e+01,    8.7220e-01,    2.0000e+00
1.4592e+01,    8.7297e-01,    2.0000e+00
1.4727e+01,    8.7372e-01,    2.0000e+00
1.4864e+01,    8.7448e-01,    2.0000e+00
1.5001e+01,    8.7522e-01,    2.0000e+00
1.5140e+01,    8.7597e-01,    2.0000e+00
1.5280e+01,    8.7670e-01,    2.0000e+00
1.5422e+01,    8.7743e-01,    2.0000e+00
1.5565e+01,    8.7816e-01,    2.0000e+00
1.5709e+01,    8.7888e-01,    2.0000e+00
1.5854e+01,    8.7960e-01,    2.0000e+00
1.6001e+01,    8.8031e-01,    2.0000e+00
1.6149e+01,    8.8101e-01,    2.0000e+00
1.6299e+01,    8.8172e-01,    2.0000e+00
1.6449e+01,    8.8241e-01,    2.0000e+00
1.6602e+01,    8.8310e-01,    2.0000e+00
1.6755e+01,    8.8379e-01,    2.0000e+00
1.6911e+01,    8.8447e-01,    2.0000e+00
1.7067e+01,    8.8515e-01,    2.0000e+00
1.7225e+01,    8.8582e-01,    2.0000e+00
1.7385e+01,    8.8649e-01,    2.0000e+00
1.7546e+01,    8.8715e-01,    2.0000e+00
1.7708e+01,    8.8781e-01,    2.0000e+00
1.7872e+01,    8.8846e-01,    2.0000e+00
1.8038e+01,    8.8911e-01,    2.0000e+00
1.8205e+01,    8.8976e-01,    2.0000e+00
1.8373e+01,    8.9040e-01,    2.0000e+00
1.8543e+01,    8.9103e-01,    2.0000e+00
1.8715e+01,    8.9166e-01,    2.0000e+00
1.8888e+01,    8.9229e-01,    2.0000e+00
1.9063e+01,    8.9291e-01,    2.0000e+00
1.9240e+01,    8.9353e-01,    2.0000e+00
1.9418e+01,    8.9415e-01,    2.0000e+00
1.9597e+01,    8.9476e-01,    2.0000e+00
1.9779e+01,    8.9537e-01,    2.0000e+00
1.9962e+01,    8.9597e-01,    2.0000e+00
2.0147e+01,    8.9657e-01,    2.0000e+00
2.0333e+01,    8.9716e-01,    2.0000e+00
2.0522e+01,    8.9775e-01,    2.0000e+00
2.0712e+01,    8.9834e-01,    2.0000e+00
2.0903e+01,    8.9892e-01,    2.0000e+00
2.1097e+01,    8.9950e-01,    2.0000e+00
2.1292e+01,    9.0007e-01,    2.0000e+00
2.1489e+01,    9.0064e-01,    2.0000e+00
2.1688e+01,    9.0121e-01,    2.0000e+00
2.1889e+01,    9.0177e-01,    2.0000e+00
2.2092e+01,    9.0233e-01,    2.0000e+00
2.2296e+01,    9.0289e-01,    2.0000e+00
2.2503e+01,    9.0344e-01,    2.0000e+00
2.2711e+01,    9.0399e-01,    2.0000e+00
2.2921e+01,    9.0453e-01,    2.0000e+00
2.3134e+01,    9.0507e-01,    2.0000e+00
2.3348e+01,    9.0561e-01,    2.0000e+00
2.3564e+01,    9.0615e-01,    2.0000e+00
2.3782e+01,    9.0668e-01,    2.0000e+00
2.4002e+01,    9.0720e-01,    2.0000e+00
2.4225e+01,    9.0773e-01,    2.0000e+00
2.4449e+01,    9.0825e-01,    2.0000e+00
2.4675e+01,    9.0877e-01,    2.0000e+00
2.4904e+01,    9.0928e-01,    2.0000e+00
2.5134e+01,    9.0979e-01,    2.0000e+00
2.5367e+01,    9.1030e-01,    2.0000e+00
2.5602e+01,    9.1080e-01,    2.0000e+00
2.5839e+01,    9.1130e-01,    2.0000e+00
2.6078e+01,    9.1180e-01,    2.0000e+00
2.6320e+01,    9.1229e-01,    2.0000e+00
2.6563e+01,    9.1278e-01,    2.0000e+00
2.6809e+01,    9.1327e-01,    2.0000e+00
2.7057e+01,    9.1376e-01,    2.0000e+00
2.7308e+01,    9.1424e-01,    2.0000e+00
2.7561e+01,    9.1472e-01,    2.0000e+00
2.7816e+01,    9.1519e-01,    2.0000e+00
2.8074e+01,    9.1566e-01,    2.0000e+00
2.8333e+01,    9.1613e-01,    2.0000e+00
2.8596e+01,    9.1660e-01,    2.0000e+00
2.8861e+01,    9.1706e-01,    2.0000e+00
2.9128e+01,    9.1752e-01,    2.0000e+00
2.9397e+01,    9.1798e-01,    2.0000e+00
2.9670e+01,    9.1844e-01,    2.0000e+00
2.9944e+01,    9.1889e-01,    2.0000e+00
3.0222e+01,    9.1934e-01,    2.0000e+00
3.0501e+01,    9.1978e-01,    2.0000e+00
3.0784e+01,    9.2023e-01,    2.0000e+00
3.1069e+01,    9.2067e-01,    2.0000e+00
3.1356e+01,    9.2111e-01,    2.0000e+00
3.1647e+01,    9.2154e-01,    2.0000e+00
3.1940e+01,    9.2197e-01,    2.0000e+00
3.2236e+01,    9.2240e-01,    2.0000e+00
3.2534e+01,    9.2283e-01,    2.0000e+00
3.2835e+01,    9.2326e-01,    2.0000e+00
3.3139e+01,    9.2368e-01,    2.0000e+00
3.3446e+01,    9.2410e-01,    2.0000e+00
3.3756e+01,    9.2451e-01,    2.0000e+00
3.4068e+01,    9.2493e-01,    2.0000e+00
3.4384e+01,    9.2534e-01,    2.0000e+00
3.4702e+01,    9.2575e-01,    2.0000e+00
3.5023e+01,    9.2616e-01,    2.0000e+00
3.5348e+01,    9.2656e-01,    2.0000e+00
3.5675e+01,    9.2696e-01,    2.0000e+00
3.6005e+01,    9.2736e-01,    2.0000e+00
3.6339e+01,    9.2776e-01,    2.0000e+00
3.6675e+01,    9.2815e-01,    2.0000e+00
3.7015e+01,    9.2854e-01,    2.0000e+00
3.7357e+01,    9.2893e-01,    2.0000e+00
3.7703e+01,    9.2932e-01,    2.0000e+00
3.8052e+01,    9.2971e-01,    2.0000e+00
3.8405e+01,    9.3009e-01,    2.0000e+00
3.8760e+01,    9.3047e-01,    2.0000e+00
3.9119e+01,    9.3085e-01,    2.0000e+00
3.9481e+01,    9.3122e-01,    2.0000e+00
3.9847e+01,    9.3159e-01,    2.0000e+00
4.0216e+01,    9.3197e-01,    2.0000e+00
4.0588e+01,    9.3233e-01,    2.0000e+00
4.0964e+01,    9.3270e-01,    2.0000e+00
4.1343e+01,    9.3307e-01,    2.0000e+00
4.1726e+01,    9.3343e-01,    2.0000e+00
4.2112e+01,    9.3379e-01,    2.0000e+00
4.2502e+01,    9.3415e-01,    2.0000e+00
4.2896e+01,    9.3450e-01,    2.0000e+00
4.3293e+01,    9.3485e-01,    2.0000e+00
4.3694e+01,    9.3521e-01,    2.0000e+00
4.4098e+01,    9.3556e-01,    2.0000e+00
4.4506e+01,    9.3590e-01,    2.0000e+00
4.4918e+01,    9.3625e-01,    2.0000e+00
4.5334e+01,    9.3659e-01,    2.0000e+00
4.5754e+01,    9.3693e-01,    2.0000e+00
4.6178e+01,    9.3727e-01,    2.0000e+00
4.6605e+01,    9.3761e-01,    2.0000e+00
4.7037e+01,    9.3794e-01,    2.0000e+00
4.7472e+01,    9.3828e-01,    2.0000e+00
4.7912e+01,    9.3861e-01,    2.0000e+00
4.8355e+01,    9.3894e-01,    2.0000e+00
4.8803e+01,    9.3926e-01,    2.0000e+00
4.9255e+01,    9.3959e-01,    2.0000e+00
4.9711e+01,    9.3991e-01,    2.0000e+00
5.0171e+01,    9.4023e-01,    2.0000e+00
5.0636e+01,    9.4055e-01,    2.0000e+00
5.1105e+01,    9.4087e-01,    2.0000e+00
5.1578e+01,    9.4119e-01,    2.0000e+00
5.2055e+01,    9.4150e-01,    2.0000e+00
5.2537e+01,    9.4181e-01,    2.0000e+00
5.3024e+01,    9.4212e-01,    2.0000e+00
5.3515e+01,    9.4243e-01,    2.0000e+00
5.4010e+01,    9.4274e-01,    2.0000e+00
5.4510e+01,    9.4304e-01,    2.0000e+00
5.5015e+01,    9.4334e-01,    2.0000e+00
5.5524e+01,    9.4365e-01,    2.0000e+00
5.6038e+01,    9.4395e-01,    2.0000e+00
5.6557e+01,    9.4424e-01,    2.0000e+00
5.7081e+01,    9.4454e-01,    2.0000e+00
5.7609e+01,    9.4483e-01,    2.0000e+00
5.8143e+01,    9.4513e-01,    2.0000e+00
5.8681e+01,    9.4542e-01,    2.0000e+00
5.9224e+01,    9.4571e-01,    2.0000e+00
5.9773e+01,    9.4599e-01,    2.0000e+00
6.0326e+01,    9.4628e-01,    2.0000e+00
6.0885e+01,    9.4656e-01,    2.0000e+00
6.1448e+01,    9.4685e-01,    2.0000e+00
6.2017e+01,    9.4713e-01,    2.0000e+00
6.2591e+01,    9.4741e-01,    2.0000e+00
6.3171e+01,    9.4768e-01,    2.0000e+00
6.3756e+01,    9.4796e-01,    2.0000e+00
6.4346e+01,    9.4823e-01,    2.0000e+00
6.4942e+01,    9.4851e-01,    2.0000e+00
6.5543e+01,    9.4878e-01,    2.0000e+00
6.6150e+01,    9.4905e-01,    2.0000e+00
6.6762e+01,    9.4932e-01,    2.0000e+00
6.7381e+01,    9.4958e-01,    2.0000e+00
6.8004e+01,    9.4985e-01,    2.0000e+00
6.8634e+01,    9.5011e-01,    2.0000e+00
6.9270e+01,    9.5037e-01,    2.0000e+00
6.9911e+01,    9.5063e-01,    2.0000e+00
7.0558e+01,    9.5089e-01,    2.0000e+00
7.1211e+01,    9.5115e-01,    2.0000e+00
7.1871e+01,    9.5141e-01,    2.0000e+00
7.2536e+01,    9.5166e-01,    2.0000e+00
7.3208e+01,    9.5191e-01,    2.0000e+00
7.3886e+01,    9.5217e-01,    2.0000e+00
7.4570e+01,    9.5242e-01,    2.0000e+00
7.5260e+01,    9.5266e-01,    2.0000e+00
7.5957e+01,    9.5291e-01,    2.0000e+00
7.6660e+01,    9.5316e-01,    2.0000e+00
7.7370e+01,    9.5340e-01,    2.0000e+00
7.8086e+01,    9.5365e-01,    2.0000e+00
7.8809e+01,    9.5389e-01,    2.0000e+00
7.9539e+01,    9.5413e-01,    2.0000e+00
8.0275e+01,    9.5437e-01,    2.0000e+00
8.1019e+01,    9.5460e-01,    2.0000e+00
8.1769e+01,    9.5484e-01,    2.0000e+00
8.2526e+01,    9.5508e-01,    2.0000e+00
8.3290e+01,    9.5531e-01,    2.0000e+00
8.4061e+01,    9.5554e-01,    2.0000e+00
8.4839e+01,    9.5577e-01,    2.0000e+00
8.5625e+01,    9.5600e-01,    2.0000e+00
8.6418e+01,    9.5623e-01,    2.0000e+00
8.7218e+01,    9.5646e-01,    2.0000e+00
8.8025e+01,    9.5668e-01,    2.0000e+00
8.8840e+01,    9.5691e-01,    2.0000e+00
8.9663e+01,    9.5713e-01,    2.0000e+00
9.0493e+01,    9.5736e-01,    2.0000e+00
9.1331e+01,    9.5758e-01,    2.0000e+00
9.2176e+01,    9.5780e-01,    2.0000e+00
9.3030e+01,    9.5801e-01,    2.0000e+00
9.3891e+01,    9.5823e-01,    2.0000e+00
9.4761e+01,    9.5845e-01,    2.0000e+00
9.5638e+01,    9.5866e-01,    2.0000e+00
9.6523e+01,    9.5888e-01,    2.0000e+00
9.7417e+01,    9.5909e-01,    2.0000e+00
9.8319e+01,    9.5930e-01,    2.0000e+00
9.9229e+01,    9.5951e-01,    2.0000e+00
1.0015e+02,    9.5972e-01,    2.0000e+00
1.0108e+02,    9.5993e-01,    2.0000e+00
1.0201e+02,    9.6013e-01,    2.0000e+00
1.0296e+02,    9.6034e-01,    2.0000e+00
1.0391e+02,    9.6054e-01,    2.0000e+00
1.0487e+02,    9.6074e-01,    2.0000e+00
1.0584e+02,    9.6095e-01,    2.0000e+00
1.0682e+02,    9.6115e-01,    2.0000e+00
1.0781e+02,    9.6135e-01,    2.0000e+00
1.0881e+02,    9.6155e-01,    2.0000e+00
1.0982e+02,    9.6174e-01,    2.0000e+00
1.1083e+02,    9.6194e-01,    2.0000e+00
1.1186e+02,    9.6213e-01,    2.0000e+00
1.1290e+02,    9.6233e-01,    2.0000e+00
1.1394e+02,    9.6252e-01,    2.0000e+00
1.1500e+02,    9.6271e-01,    2.0000e+00
1.1606e+02,    9.6290e-01,    2.0000e+00
1.1713e+02,    9.6309e-01,    2.0000e+00
1.1822e+02,    9.6328e-01,    2.0000e+00
