# Force βfL, Extension z/L, Persistence Length λ
8.4697e-02,    3.3084e-03,    6.2500e-02
8.5481e-02,    3.3391e-03,    6.2500e-02
8.6272e-02,    3.3700e-03,    6.2500e-02
8.7071e-02,    3.4012e-03,    6.2500e-02
8.7877e-02,    3.4326e-03,    6.2500e-02
8.8691e-02,    3.4644e-03,    6.2500e-02
8.9512e-02,    3.4965e-03,    6.2500e-02
9.0341e-02,    3.5289e-03,    6.2500e-02
9.1177e-02,    3.5615e-03,    6.2500e-02
9.2021e-02,    3.5945e-03,    6.2500e-02
9.2873e-02,    3.6278e-03,    6.2500e-02
9.3733e-02,    3.6614e-03,    6.2500e-02
9.4601e-02,    3.6953e-03,    6.2500e-02
9.5477e-02,    3.7295e-03,    6.2500e-02
9.6361e-02,    3.7640e-03,    6.2500e-02
9.7253e-02,    3.7989e-03,    6.2500e-02
9.8154e-02,    3.8341e-03,    6.2500e-02
9.9062e-02,    3.8695e-03,    6.2500e-02
9.9980e-02,    3.9054e-03,    6.2500e-02
1.0091e-01,    3.9415e-03,    6.2500e-02
1.0184e-01,    3.9780e-03,    6.2500e-02
1.0278e-01,    4.0149e-03,    6.2500e-02
1.0373e-01,    4.0520e-03,    6.2500e-02
1.0469e-01,    4.0895e-03,    6.2500e-02
1.0566e-01,    4.1274e-03,    6.2500e-02
1.0664e-01,    4.1656e-03,    6.2500e-02
1.0763e-01,    4.2042e-03,    6.2500e-02
1.0863e-01,    4.2431e-03,    6.2500e-02
1.0963e-01,    4.2824e-03,    6.2500e-02
1.1065e-01,    4.3220e-03,    6.2500e-02
1.1167e-01,    4.3621e-03,    6.2500e-02
1.1271e-01,    4.4024e-03,    6.2500e-02
1.1375e-01,    4.4432e-03,    6.2500e-02
1.1480e-01,    4.4843e-03,    6.2500e-02
1.1586e-01,    4.5259e-03,    6.2500e-02
1.1694e-01,    4.5677e-03,    6.2500e-02
1.1802e-01,    4.6100e-03,    6.2500e-02
1.1911e-01,    4.6527e-03,    6.2500e-02
1.2022e-01,    4.6958e-03,    6.2500e-02
1.2133e-01,    4.7393e-03,    6.2500e-02
1.2245e-01,    4.7831e-03,    6.2500e-02
1.2359e-01,    4.8274e-03,    6.2500e-02
1.2473e-01,    4.8721e-03,    6.2500e-02
1.2589e-01,    4.9172e-03,    6.2500e-02
1.2705e-01,    4.9627e-03,    6.2500e-02
1.2823e-01,    5.0087e-03,    6.2500e-02
1.2941e-01,    5.0551e-03,    6.2500e-02
1.3061e-01,    5.1019e-03,    6.2500e-02
1.3182e-01,    5.1491e-03,    6.2500e-02
1.3304e-01,    5.1968e-03,    6.2500e-02
1.3427e-01,    5.2449e-03,    6.2500e-02
1.3552e-01,    5.2935e-03,    6.2500e-02
1.3677e-01,    5.3425e-03,    6.2500e-02
1.3804e-01,    5.3919e-03,    6.2500e-02
1.3932e-01,    5.4418e-03,    6.2500e-02
1.4061e-01,    5.4922e-03,    6.2500e-02
1.4191e-01,    5.5430e-03,    6.2500e-02
1.4322e-01,    5.5944e-03,    6.2500e-02
1.4455e-01,    5.6462e-03,    6.2500e-02
1.4589e-01,    5.6984e-03,    6.2500e-02
1.4724e-01,    5.7512e-03,    6.2500e-02
1.4860e-01,    5.8044e-03,    6.2500e-02
1.4998e-01,    5.8582e-03,    6.2500e-02
1.5136e-01,    5.9124e-03,    6.2500e-02
1.5277e-01,    5.9671e-03,    6.2500e-02
1.5418e-01,    6.0224e-03,    6.2500e-02
1.5561e-01,    6.0782e-03,    6.2500e-02
1.5705e-01,    6.1344e-03,    6.2500e-02
1.5850e-01,    6.1912e-03,    6.2500e-02
1.5997e-01,    6.2485e-03,    6.2500e-02
1.6145e-01,    6.3064e-03,    6.2500e-02
1.6295e-01,    6.3648e-03,    6.2500e-02
1.6445e-01,    6.4237e-03,    6.2500e-02
1.6598e-01,    6.4832e-03,    6.2500e-02
1.6751e-01,    6.5432e-03,    6.2500e-02
1.6907e-01,    6.6037e-03,    6.2500e-02
1.7063e-01,    6.6649e-03,    6.2500e-02
1.7221e-01,    6.7266e-03,    6.2500e-02
1.7380e-01,    6.7889e-03,    6.2500e-02
1.7541e-01,    6.8517e-03,    6.2500e-02
1.7704e-01,    6.9152e-03,    6.2500e-02
1.7868e-01,    6.9792e-03,    6.2500e-02
1.8033e-01,    7.0438e-03,    6.2500e-02
1.8200e-01,    7.1090e-03,    6.2500e-02
1.8369e-01,    7.1748e-03,    6.2500e-02
1.8539e-01,    7.2412e-03,    6.2500e-02
1.8710e-01,    7.3082e-03,    6.2500e-02
1.8884e-01,    7.3759e-03,    6.2500e-02
1.9058e-01,    7.4442e-03,    6.2500e-02
1.9235e-01,    7.5131e-03,    6.2500e-02
1.9413e-01,    7.5827e-03,    6.2500e-02
1.9593e-01,    7.6529e-03,    6.2500e-02
1.9774e-01,    7.7237e-03,    6.2500e-02
1.9957e-01,    7.7952e-03,    6.2500e-02
2.0142e-01,    7.8674e-03,    6.2500e-02
2.0328e-01,    7.9402e-03,    6.2500e-02
2.0517e-01,    8.0137e-03,    6.2500e-02
2.0707e-01,    8.0879e-03,    6.2500e-02
2.0898e-01,    8.1628e-03,    6.2500e-02
2.1092e-01,    8.2383e-03,    6.2500e-02
2.1287e-01,    8.3146e-03,    6.2500e-02
2.1484e-01,    8.3916e-03,    6.2500e-02
2.1683e-01,    8.4692e-03,    6.2500e-02
2.1884e-01,    8.5477e-03,    6.2500e-02
2.2086e-01,    8.6268e-03,    6.2500e-02
2.2291e-01,    8.7066e-03,    6.2500e-02
2.2497e-01,    8.7872e-03,    6.2500e-02
2.2706e-01,    8.8686e-03,    6.2500e-02
2.2916e-01,    8.9507e-03,    6.2500e-02
2.3128e-01,    9.0335e-03,    6.2500e-02
2.3342e-01,    9.1172e-03,    6.2500e-02
2.3558e-01,    9.2016e-03,    6.2500e-02
2.3776e-01,    9.2867e-03,    6.2500e-02
2.3997e-01,    9.3727e-03,    6.2500e-02
2.4219e-01,    9.4595e-03,    6.2500e-02
2.4443e-01,    9.5470e-03,    6.2500e-02
2.4669e-01,    9.6354e-03,    6.2500e-02
2.4898e-01,    9.7246e-03,    6.2500e-02
2.5128e-01,    9.8146e-03,    6.2500e-02
2.5361e-01,    9.9055e-03,    6.2500e-02
2.5596e-01,    9.9971e-03,    6.2500e-02
2.5833e-01,    1.0090e-02,    6.2500e-02
2.6072e-01,    1.0183e-02,    6.2500e-02
2.6313e-01,    1.0277e-02,    6.2500e-02
2.6557e-01,    1.0372e-02,    6.2500e-02
2.6803e-01,    1.0468e-02,    6.2500e-02
2.7051e-01,    1.0565e-02,    6.2500e-02
2.7301e-01,    1.0663e-02,    6.2500e-02
2.7554e-01,    1.0762e-02,    6.2500e-02
2.7809e-01,    1.0862e-02,    6.2500e-02
2.8067e-01,    1.0962e-02,    6.2500e-02
2.8327e-01,    1.1064e-02,    6.2500e-02
2.8589e-01,    1.1166e-02,    6.2500e-02
2.8854e-01,    1.1269e-02,    6.2500e-02
2.9121e-01,    1.1374e-02,    6.2500e-02
2.9390e-01,    1.1479e-02,    6.2500e-02
2.9662e-01,    1.1585e-02,    6.2500e-02
2.9937e-01,    1.1692e-02,    6.2500e-02
3.0214e-01,    1.1801e-02,    6.2500e-02
3.0494e-01,    1.1910e-02,    6.2500e-02
3.0776e-01,    1.2020e-02,    6.2500e-02
3.1061e-01,    1.2131e-02,    6.2500e-02
3.1349e-01,    1.2244e-02,    6.2500e-02
3.1639e-01,    1.2357e-02,    6.2500e-02
3.1932e-01,    1.2471e-02,    6.2500e-02
3.2228e-01,    1.2587e-02,    6.2500e-02
3.2526e-01,    1.2703e-02,    6.2500e-02
3.2827e-01,    1.2821e-02,    6.2500e-02
3.3131e-01,    1.2939e-02,    6.2500e-02
3.3438e-01,    1.3059e-02,    6.2500e-02
3.3748e-01,    1.3180e-02,    6.2500e-02
3.4060e-01,    1.3302e-02,    6.2500e-02
3.4375e-01,    1.3425e-02,    6.2500e-02
3.4694e-01,    1.3549e-02,    6.2500e-02
3.5015e-01,    1.3675e-02,    6.2500e-02
3.5339e-01,    1.3801e-02,    6.2500e-02
3.5666e-01,    1.3929e-02,    6.2500e-02
3.5996e-01,    1.4058e-02,    6.2500e-02
3.6330e-01,    1.4188e-02,    6.2500e-02
3.6666e-01,    1.4319e-02,    6.2500e-02
3.7006e-01,    1.4452e-02,    6.2500e-02
3.7348e-01,    1.4586e-02,    6.2500e-02
3.7694e-01,    1.4721e-02,    6.2500e-02
3.8043e-01,    1.4857e-02,    6.2500e-02
3.8395e-01,    1.4994e-02,    6.2500e-02
3.8751e-01,    1.5133e-02,    6.2500e-02
3.9109e-01,    1.5273e-02,    6.2500e-02
3.9472e-01,    1.5414e-02,    6.2500e-02
3.9837e-01,    1.5557e-02,    6.2500e-02
4.0206e-01,    1.5701e-02,    6.2500e-02
4.0578e-01,    1.5846e-02,    6.2500e-02
4.0954e-01,    1.5993e-02,    6.2500e-02
4.1333e-01,    1.6141e-02,    6.2500e-02
4.1716e-01,    1.6290e-02,    6.2500e-02
4.2102e-01,    1.6441e-02,    6.2500e-02
4.2492e-01,    1.6593e-02,    6.2500e-02
4.2885e-01,    1.6747e-02,    6.2500e-02
4.3282e-01,    1.6902e-02,    6.2500e-02
4.3683e-01,    1.7058e-02,    6.2500e-02
4.4087e-01,    1.7216e-02,    6.2500e-02
4.4496e-01,    1.7375e-02,    6.2500e-02
4.4908e-01,    1.7536e-02,    6.2500e-02
4.5323e-01,    1.7698e-02,    6.2500e-02
4.5743e-01,    1.7862e-02,    6.2500e-02
4.6167e-01,    1.8027e-02,    6.2500e-02
4.6594e-01,    1.8194e-02,    6.2500e-02
4.7025e-01,    1.8362e-02,    6.2500e-02
4.7461e-01,    1.8532e-02,    6.2500e-02
4.7900e-01,    1.8704e-02,    6.2500e-02
4.8344e-01,    1.8877e-02,    6.2500e-02
4.8791e-01,    1.9051e-02,    6.2500e-02
4.9243e-01,    1.9227e-02,    6.2500e-02
4.9699e-01,    1.9405e-02,    6.2500e-02
5.0159e-01,    1.9585e-02,    6.2500e-02
5.0623e-01,    1.9766e-02,    6.2500e-02
5.1092e-01,    1.9949e-02,    6.2500e-02
5.1565e-01,    2.0133e-02,    6.2500e-02
5.2043e-01,    2.0320e-02,    6.2500e-02
5.2525e-01,    2.0508e-02,    6.2500e-02
5.3011e-01,    2.0697e-02,    6.2500e-02
5.3502e-01,    2.0889e-02,    6.2500e-02
5.3997e-01,    2.1082e-02,    6.2500e-02
5.4497e-01,    2.1277e-02,    6.2500e-02
5.5001e-01,    2.1474e-02,    6.2500e-02
5.5511e-01,    2.1672e-02,    6.2500e-02
5.6025e-01,    2.1873e-02,    6.2500e-02
5.6543e-01,    2.2075e-02,    6.2500e-02
5.7067e-01,    2.2279e-02,    6.2500e-02
5.7595e-01,    2.2485e-02,    6.2500e-02
5.8129e-01,    2.2693e-02,    6.2500e-02
5.8667e-01,    2.2903e-02,    6.2500e-02
5.9210e-01,    2.3115e-02,    6.2500e-02
5.9758e-01,    2.3329e-02,    6.2500e-02
6.0311e-01,    2.3544e-02,    6.2500e-02
6.0870e-01,    2.3762e-02,    6.2500e-02
6.1433e-01,    2.3982e-02,    6.2500e-02
6.2002e-01,    2.4204e-02,    6.2500e-02
6.2576e-01,    2.4427e-02,    6.2500e-02
6.3156e-01,    2.4653e-02,    6.2500e-02
6.3740e-01,    2.4881e-02,    6.2500e-02
6.4331e-01,    2.5111e-02,    6.2500e-02
6.4926e-01,    2.5343e-02,    6.2500e-02
6.5527e-01,    2.5578e-02,    6.2500e-02
6.6134e-01,    2.5814e-02,    6.2500e-02
6.6746e-01,    2.6053e-02,    6.2500e-02
6.7364e-01,    2.6294e-02,    6.2500e-02
6.7988e-01,    2.6537e-02,    6.2500e-02
6.8617e-01,    2.6782e-02,    6.2500e-02
6.9253e-01,    2.7030e-02,    6.2500e-02
6.9894e-01,    2.7279e-02,    6.2500e-02
7.0541e-01,    2.7532e-02,    6.2500e-02
7.1194e-01,    2.7786e-02,    6.2500e-02
7.1853e-01,    2.8043e-02,    6.2500e-02
7.2519e-01,    2.8302e-02,    6.2500e-02
7.3190e-01,    2.8564e-02,    6.2500e-02
7.3868e-01,    2.8828e-02,    6.2500e-02
7.4552e-01,    2.9094e-02,    6.2500e-02
7.5242e-01,    2.9363e-02,    6.2500e-02
7.5939e-01,    2.9634e-02,    6.2500e-02
7.6642e-01,    2.9908e-02,    6.2500e-02
7.7351e-01,    3.0184e-02,    6.2500e-02
7.8067e-01,    3.0463e-02,    6.2500e-02
7.8790e-01,    3.0745e-02,    6.2500e-02
7.9520e-01,    3.1029e-02,    6.2500e-02
8.0256e-01,    3.1315e-02,    6.2500e-02
8.0999e-01,    3.1605e-02,    6.2500e-02
8.1749e-01,    3.1897e-02,    6.2500e-02
8.2506e-01,    3.2191e-02,    6.2500e-02
8.3270e-01,    3.2489e-02,    6.2500e-02
8.4041e-01,    3.2789e-02,    6.2500e-02
8.4819e-01,    3.3091e-02,    6.2500e-02
8.5604e-01,    3.3397e-02,    6.2500e-02
8.6397e-01,    3.3706e-02,    6.2500e-02
8.7197e-01,    3.4017e-02,    6.2500e-02
8.8004e-01,    3.4331e-02,    6.2500e-02
8.8819e-01,    3.4648e-02,    6.2500e-02
8.9641e-01,    3.4968e-02,    6.2500e-02
9.0471e-01,    3.5291e-02,    6.2500e-02
9.1309e-01,    3.5617e-02,    6.2500e-02
9.2154e-01,    3.5945e-02,    6.2500e-02
9.3007e-01,    3.6277e-02,    6.2500e-02
9.3868e-01,    3.6612e-02,    6.2500e-02
9.4738e-01,    3.6950e-02,    6.2500e-02
9.5615e-01,    3.7291e-02,    6.2500e-02
9.6500e-01,    3.7635e-02,    6.2500e-02
9.7393e-01,    3.7983e-02,    6.2500e-02
9.8295e-01,    3.8333e-02,    6.2500e-02
9.9205e-01,    3.8687e-02,    6.2500e-02
1.0012e+00,    3.9044e-02,    6.2500e-02
1.0105e+00,    3.9404e-02,    6.2500e-02
1.0199e+00,    3.9768e-02,    6.2500e-02
1.0293e+00,    4.0134e-02,    6.2500e-02
1.0388e+00,    4.0505e-02,    6.2500e-02
1.0485e+00,    4.0878e-02,    6.2500e-02
1.0582e+00,    4.1255e-02,    6.2500e-02
1.0680e+00,    4.1636e-02,    6.2500e-02
1.0778e+00,    4.2020e-02,    6.2500e-02
1.0878e+00,    4.2407e-02,    6.2500e-02
1.0979e+00,    4.2798e-02,    6.2500e-02
1.1081e+00,    4.3193e-02,    6.2500e-02
1.1183e+00,    4.3591e-02,    6.2500e-02
1.1287e+00,    4.3993e-02,    6.2500e-02
1.1391e+00,    4.4399e-02,    6.2500e-02
1.1497e+00,    4.4808e-02,    6.2500e-02
1.1603e+00,    4.5221e-02,    6.2500e-02
1.1711e+00,    4.5637e-02,    6.2500e-02
1.1819e+00,    4.6058e-02,    6.2500e-02
1.1928e+00,    4.6482e-02,    6.2500e-02
1.2039e+00,    4.6911e-02,    6.2500e-02
1.2150e+00,    4.7343e-02,    6.2500e-02
1.2263e+00,    4.7779e-02,    6.2500e-02
1.2376e+00,    4.8219e-02,    6.2500e-02
1.2491e+00,    4.8663e-02,    6.2500e-02
1.2607e+00,    4.9111e-02,    6.2500e-02
1.2723e+00,    4.9563e-02,    6.2500e-02
1.2841e+00,    5.0020e-02,    6.2500e-02
1.2960e+00,    5.0480e-02,    6.2500e-02
1.3080e+00,    5.0945e-02,    6.2500e-02
1.3201e+00,    5.1414e-02,    6.2500e-02
1.3323e+00,    5.1887e-02,    6.2500e-02
1.3447e+00,    5.2364e-02,    6.2500e-02
1.3571e+00,    5.2846e-02,    6.2500e-02
1.3697e+00,    5.3332e-02,    6.2500e-02
1.3824e+00,    5.3823e-02,    6.2500e-02
1.3952e+00,    5.4318e-02,    6.2500e-02
1.4081e+00,    5.4818e-02,    6.2500e-02
1.4211e+00,    5.5322e-02,    6.2500e-02
1.4343e+00,    5.5830e-02,    6.2500e-02
1.4476e+00,    5.6344e-02,    6.2500e-02
1.4610e+00,    5.6862e-02,    6.2500e-02
1.4745e+00,    5.7384e-02,    6.2500e-02
1.4881e+00,    5.7911e-02,    6.2500e-02
1.5019e+00,    5.8444e-02,    6.2500e-02
1.5158e+00,    5.8980e-02,    6.2500e-02
1.5299e+00,    5.9522e-02,    6.2500e-02
1.5440e+00,    6.0069e-02,    6.2500e-02
1.5583e+00,    6.0620e-02,    6.2500e-02
1.5727e+00,    6.1177e-02,    6.2500e-02
1.5873e+00,    6.1739e-02,    6.2500e-02
1.6020e+00,    6.2305e-02,    6.2500e-02
1.6168e+00,    6.2877e-02,    6.2500e-02
1.6318e+00,    6.3454e-02,    6.2500e-02
1.6469e+00,    6.4036e-02,    6.2500e-02
1.6622e+00,    6.4624e-02,    6.2500e-02
1.6776e+00,    6.5216e-02,    6.2500e-02
1.6931e+00,    6.5814e-02,    6.2500e-02
1.7088e+00,    6.6418e-02,    6.2500e-02
1.7246e+00,    6.7026e-02,    6.2500e-02
1.7406e+00,    6.7641e-02,    6.2500e-02
1.7567e+00,    6.8260e-02,    6.2500e-02
1.7729e+00,    6.8886e-02,    6.2500e-02
1.7893e+00,    6.9517e-02,    6.2500e-02
1.8059e+00,    7.0153e-02,    6.2500e-02
1.8226e+00,    7.0795e-02,    6.2500e-02
1.8395e+00,    7.1444e-02,    6.2500e-02
1.8565e+00,    7.2097e-02,    6.2500e-02
1.8737e+00,    7.2757e-02,    6.2500e-02
1.8911e+00,    7.3423e-02,    6.2500e-02
1.9086e+00,    7.4094e-02,    6.2500e-02
1.9263e+00,    7.4771e-02,    6.2500e-02
1.9441e+00,    7.5455e-02,    6.2500e-02
1.9621e+00,    7.6145e-02,    6.2500e-02
1.9803e+00,    7.6840e-02,    6.2500e-02
1.9986e+00,    7.7542e-02,    6.2500e-02
2.0171e+00,    7.8250e-02,    6.2500e-02
2.0358e+00,    7.8965e-02,    6.2500e-02
2.0546e+00,    7.9686e-02,    6.2500e-02
2.0736e+00,    8.0413e-02,    6.2500e-02
2.0928e+00,    8.1146e-02,    6.2500e-02
2.1122e+00,    8.1886e-02,    6.2500e-02
2.1318e+00,    8.2633e-02,    6.2500e-02
2.1515e+00,    8.3386e-02,    6.2500e-02
2.1714e+00,    8.4146e-02,    6.2500e-02
2.1915e+00,    8.4913e-02,    6.2500e-02
2.2118e+00,    8.5686e-02,    6.2500e-02
2.2323e+00,    8.6466e-02,    6.2500e-02
2.2530e+00,    8.7253e-02,    6.2500e-02
2.2738e+00,    8.8047e-02,    6.2500e-02
2.2949e+00,    8.8848e-02,    6.2500e-02
2.3161e+00,    8.9656e-02,    6.2500e-02
2.3376e+00,    9.0471e-02,    6.2500e-02
2.3592e+00,    9.1293e-02,    6.2500e-02
2.3811e+00,    9.2122e-02,    6.2500e-02
2.4031e+00,    9.2959e-02,    6.2500e-02
2.4254e+00,    9.3803e-02,    6.2500e-02
2.4478e+00,    9.4654e-02,    6.2500e-02
2.4705e+00,    9.5513e-02,    6.2500e-02
2.4934e+00,    9.6379e-02,    6.2500e-02
2.5164e+00,    9.7252e-02,    6.2500e-02
2.5397e+00,    9.8133e-02,    6.2500e-02
2.5633e+00,    9.9022e-02,    6.2500e-02
2.5870e+00,    9.9919e-02,    6.2500e-02
2.6109e+00,    1.0082e-01,    6.2500e-02
2.6351e+00,    1.0173e-01,    6.2500e-02
2.6595e+00,    1.0265e-01,    6.2500e-02
2.6841e+00,    1.0358e-01,    6.2500e-02
2.7090e+00,    1.0452e-01,    6.2500e-02
2.7341e+00,    1.0546e-01,    6.2500e-02
2.7594e+00,    1.0641e-01,    6.2500e-02
2.7849e+00,    1.0737e-01,    6.2500e-02
2.8107e+00,    1.0834e-01,    6.2500e-02
2.8367e+00,    1.0932e-01,    6.2500e-02
2.8630e+00,    1.1030e-01,    6.2500e-02
2.8895e+00,    1.1130e-01,    6.2500e-02
2.9163e+00,    1.1230e-01,    6.2500e-02
2.9433e+00,    1.1331e-01,    6.2500e-02
2.9705e+00,    1.1433e-01,    6.2500e-02
2.9980e+00,    1.1535e-01,    6.2500e-02
3.0258e+00,    1.1639e-01,    6.2500e-02
3.0538e+00,    1.1743e-01,    6.2500e-02
3.0821e+00,    1.1849e-01,    6.2500e-02
3.1106e+00,    1.1955e-01,    6.2500e-02
3.1394e+00,    1.2062e-01,    6.2500e-02
3.1685e+00,    1.2170e-01,    6.2500e-02
3.1978e+00,    1.2279e-01,    6.2500e-02
3.2274e+00,    1.2389e-01,    6.2500e-02
3.2573e+00,    1.2500e-01,    6.2500e-02
3.2875e+00,    1.2611e-01,    6.2500e-02
3.3179e+00,    1.2724e-01,    6.2500e-02
3.3486e+00,    1.2837e-01,    6.2500e-02
3.3796e+00,    1.2952e-01,    6.2500e-02
3.4109e+00,    1.3067e-01,    6.2500e-02
3.4425e+00,    1.3183e-01,    6.2500e-02
3.4744e+00,    1.3301e-01,    6.2500e-02
3.5065e+00,    1.3419e-01,    6.2500e-02
3.5390e+00,    1.3538e-01,    6.2500e-02
3.5718e+00,    1.3658e-01,    6.2500e-02
3.6048e+00,    1.3780e-01,    6.2500e-02
3.6382e+00,    1.3902e-01,    6.2500e-02
3.6719e+00,    1.4025e-01,    6.2500e-02
3.7059e+00,    1.4149e-01,    6.2500e-02
3.7402e+00,    1.4274e-01,    6.2500e-02
3.7748e+00,    1.4400e-01,    6.2500e-02
3.8098e+00,    1.4527e-01,    6.2500e-02
3.8451e+00,    1.4655e-01,    6.2500e-02
3.8807e+00,    1.4784e-01,    6.2500e-02
3.9166e+00,    1.4915e-01,    6.2500e-02
3.9528e+00,    1.5046e-01,    6.2500e-02
3.9894e+00,    1.5178e-01,    6.2500e-02
4.0264e+00,    1.5311e-01,    6.2500e-02
4.0637e+00,    1.5445e-01,    6.2500e-02
4.1013e+00,    1.5581e-01,    6.2500e-02
4.1393e+00,    1.5717e-01,    6.2500e-02
4.1776e+00,    1.5855e-01,    6.2500e-02
4.2163e+00,    1.5993e-01,    6.2500e-02
4.2553e+00,    1.6133e-01,    6.2500e-02
4.2947e+00,    1.6273e-01,    6.2500e-02
4.3345e+00,    1.6415e-01,    6.2500e-02
4.3746e+00,    1.6558e-01,    6.2500e-02
4.4151e+00,    1.6702e-01,    6.2500e-02
4.4560e+00,    1.6847e-01,    6.2500e-02
4.4972e+00,    1.6993e-01,    6.2500e-02
4.5389e+00,    1.7140e-01,    6.2500e-02
4.5809e+00,    1.7288e-01,    6.2500e-02
4.6233e+00,    1.7437e-01,    6.2500e-02
4.6661e+00,    1.7588e-01,    6.2500e-02
4.7093e+00,    1.7739e-01,    6.2500e-02
4.7529e+00,    1.7892e-01,    6.2500e-02
4.7969e+00,    1.8046e-01,    6.2500e-02
4.8413e+00,    1.8201e-01,    6.2500e-02
4.8862e+00,    1.8357e-01,    6.2500e-02
4.9314e+00,    1.8514e-01,    6.2500e-02
4.9771e+00,    1.8672e-01,    6.2500e-02
5.0231e+00,    1.8832e-01,    6.2500e-02
5.0696e+00,    1.8992e-01,    6.2500e-02
5.1166e+00,    1.9154e-01,    6.2500e-02
5.1640e+00,    1.9317e-01,    6.2500e-02
5.2118e+00,    1.9481e-01,    6.2500e-02
5.2600e+00,    1.9646e-01,    6.2500e-02
5.3087e+00,    1.9812e-01,    6.2500e-02
5.3579e+00,    1.9979e-01,    6.2500e-02
5.4075e+00,    2.0148e-01,    6.2500e-02
5.4575e+00,    2.0317e-01,    6.2500e-02
5.5081e+00,    2.0488e-01,    6.2500e-02
5.5591e+00,    2.0660e-01,    6.2500e-02
5.6105e+00,    2.0833e-01,    6.2500e-02
5.6625e+00,    2.1008e-01,    6.2500e-02
5.7149e+00,    2.1183e-01,    6.2500e-02
5.7678e+00,    2.1360e-01,    6.2500e-02
5.8212e+00,    2.1537e-01,    6.2500e-02
5.8751e+00,    2.1716e-01,    6.2500e-02
5.9295e+00,    2.1896e-01,    6.2500e-02
5.9844e+00,    2.2077e-01,    6.2500e-02
6.0398e+00,    2.2260e-01,    6.2500e-02
6.0958e+00,    2.2443e-01,    6.2500e-02
6.1522e+00,    2.2628e-01,    6.2500e-02
6.2092e+00,    2.2813e-01,    6.2500e-02
6.2666e+00,    2.3000e-01,    6.2500e-02
6.3247e+00,    2.3188e-01,    6.2500e-02
6.3832e+00,    2.3377e-01,    6.2500e-02
6.4423e+00,    2.3568e-01,    6.2500e-02
6.5020e+00,    2.3759e-01,    6.2500e-02
6.5622e+00,    2.3951e-01,    6.2500e-02
6.6229e+00,    2.4145e-01,    6.2500e-02
6.6842e+00,    2.4340e-01,    6.2500e-02
6.7461e+00,    2.4536e-01,    6.2500e-02
6.8086e+00,    2.4733e-01,    6.2500e-02
6.8716e+00,    2.4931e-01,    6.2500e-02
6.9353e+00,    2.5130e-01,    6.2500e-02
6.9995e+00,    2.5330e-01,    6.2500e-02
7.0643e+00,    2.5532e-01,    6.2500e-02
7.1297e+00,    2.5734e-01,    6.2500e-02
7.1957e+00,    2.5938e-01,    6.2500e-02
7.2623e+00,    2.6142e-01,    6.2500e-02
7.3296e+00,    2.6348e-01,    6.2500e-02
7.3974e+00,    2.6555e-01,    6.2500e-02
7.4659e+00,    2.6763e-01,    6.2500e-02
7.5350e+00,    2.6971e-01,    6.2500e-02
7.6048e+00,    2.7181e-01,    6.2500e-02
7.6752e+00,    2.7392e-01,    6.2500e-02
7.7463e+00,    2.7604e-01,    6.2500e-02
7.8180e+00,    2.7817e-01,    6.2500e-02
7.8904e+00,    2.8031e-01,    6.2500e-02
7.9634e+00,    2.8246e-01,    6.2500e-02
8.0372e+00,    2.8462e-01,    6.2500e-02
8.1116e+00,    2.8679e-01,    6.2500e-02
8.1867e+00,    2.8897e-01,    6.2500e-02
8.2625e+00,    2.9116e-01,    6.2500e-02
8.3390e+00,    2.9336e-01,    6.2500e-02
8.4162e+00,    2.9556e-01,    6.2500e-02
8.4941e+00,    2.9778e-01,    6.2500e-02
8.5727e+00,    3.0001e-01,    6.2500e-02
8.6521e+00,    3.0224e-01,    6.2500e-02
8.7322e+00,    3.0448e-01,    6.2500e-02
8.8131e+00,    3.0674e-01,    6.2500e-02
8.8947e+00,    3.0900e-01,    6.2500e-02
8.9770e+00,    3.1127e-01,    6.2500e-02
9.0601e+00,    3.1354e-01,    6.2500e-02
9.1440e+00,    3.1583e-01,    6.2500e-02
9.2287e+00,    3.1813e-01,    6.2500e-02
9.3141e+00,    3.2043e-01,    6.2500e-02
9.4004e+00,    3.2274e-01,    6.2500e-02
9.4874e+00,    3.2505e-01,    6.2500e-02
9.5752e+00,    3.2738e-01,    6.2500e-02
9.6639e+00,    3.2971e-01,    6.2500e-02
9.7534e+00,    3.3205e-01,    6.2500e-02
9.8437e+00,    3.3440e-01,    6.2500e-02
9.9348e+00,    3.3675e-01,    6.2500e-02
1.0027e+01,    3.3911e-01,    6.2500e-02
1.0120e+01,    3.4148e-01,    6.2500e-02
1.0213e+01,    3.4385e-01,    6.2500e-02
1.0308e+01,    3.4623e-01,    6.2500e-02
1.0403e+01,    3.4862e-01,    6.2500e-02
1.0500e+01,    3.5101e-01,    6.2500e-02
1.0597e+01,    3.5340e-01,    6.2500e-02
1.0695e+01,    3.5581e-01,    6.2500e-02
1.0794e+01,    3.5821e-01,    6.2500e-02
1.0894e+01,    3.6062e-01,    6.2500e-02
1.0995e+01,    3.6304e-01,    6.2500e-02
1.1097e+01,    3.6546e-01,    6.2500e-02
1.1199e+01,    3.6789e-01,    6.2500e-02
1.1303e+01,    3.7032e-01,    6.2500e-02
1.1408e+01,    3.7276e-01,    6.2500e-02
1.1513e+01,    3.7520e-01,    6.2500e-02
1.1620e+01,    3.7764e-01,    6.2500e-02
1.1727e+01,    3.8008e-01,    6.2500e-02
1.1836e+01,    3.8253e-01,    6.2500e-02
1.1946e+01,    3.8499e-01,    6.2500e-02
1.2056e+01,    3.8744e-01,    6.2500e-02
1.2168e+01,    3.8990e-01,    6.2500e-02
1.2281e+01,    3.9236e-01,    6.2500e-02
1.2394e+01,    3.9482e-01,    6.2500e-02
1.2509e+01,    3.9729e-01,    6.2500e-02
1.2625e+01,    3.9975e-01,    6.2500e-02
1.2742e+01,    4.0222e-01,    6.2500e-02
1.2860e+01,    4.0469e-01,    6.2500e-02
1.2979e+01,    4.0716e-01,    6.2500e-02
1.3099e+01,    4.0964e-01,    6.2500e-02
1.3220e+01,    4.1211e-01,    6.2500e-02
1.3343e+01,    4.1458e-01,    6.2500e-02
1.3466e+01,    4.1706e-01,    6.2500e-02
1.3591e+01,    4.1953e-01,    6.2500e-02
1.3717e+01,    4.2200e-01,    6.2500e-02
1.3844e+01,    4.2448e-01,    6.2500e-02
1.3972e+01,    4.2695e-01,    6.2500e-02
1.4101e+01,    4.2942e-01,    6.2500e-02
1.4232e+01,    4.3189e-01,    6.2500e-02
1.4363e+01,    4.3436e-01,    6.2500e-02
1.4496e+01,    4.3683e-01,    6.2500e-02
1.4631e+01,    4.3930e-01,    6.2500e-02
1.4766e+01,    4.4177e-01,    6.2500e-02
1.4903e+01,    4.4423e-01,    6.2500e-02
1.5041e+01,    4.4669e-01,    6.2500e-02
1.5180e+01,    4.4915e-01,    6.2500e-02
1.5321e+01,    4.5161e-01,    6.2500e-02
1.5463e+01,    4.5406e-01,    6.2500e-02
1.5606e+01,    4.5651e-01,    6.2500e-02
1.5750e+01,    4.5896e-01,    6.2500e-02
1.5896e+01,    4.6141e-01,    6.2500e-02
1.6043e+01,    4.6385e-01,    6.2500e-02
1.6192e+01,    4.6629e-01,    6.2500e-02
1.6342e+01,    4.6872e-01,    6.2500e-02
1.6493e+01,    4.7115e-01,    6.2500e-02
1.6646e+01,    4.7357e-01,    6.2500e-02
1.6800e+01,    4.7600e-01,    6.2500e-02
1.6955e+01,    4.7841e-01,    6.2500e-02
1.7112e+01,    4.8082e-01,    6.2500e-02
1.7271e+01,    4.8323e-01,    6.2500e-02
1.7431e+01,    4.8563e-01,    6.2500e-02
1.7592e+01,    4.8803e-01,    6.2500e-02
1.7755e+01,    4.9042e-01,    6.2500e-02
1.7919e+01,    4.9280e-01,    6.2500e-02
1.8085e+01,    4.9518e-01,    6.2500e-02
1.8253e+01,    4.9756e-01,    6.2500e-02
1.8422e+01,    4.9992e-01,    6.2500e-02
1.8592e+01,    5.0228e-01,    6.2500e-02
1.8764e+01,    5.0464e-01,    6.2500e-02
1.8938e+01,    5.0699e-01,    6.2500e-02
1.9113e+01,    5.0933e-01,    6.2500e-02
1.9290e+01,    5.1166e-01,    6.2500e-02
1.9469e+01,    5.1399e-01,    6.2500e-02
1.9649e+01,    5.1631e-01,    6.2500e-02
1.9831e+01,    5.1862e-01,    6.2500e-02
2.0015e+01,    5.2093e-01,    6.2500e-02
2.0200e+01,    5.2323e-01,    6.2500e-02
2.0387e+01,    5.2552e-01,    6.2500e-02
2.0576e+01,    5.2780e-01,    6.2500e-02
2.0766e+01,    5.3007e-01,    6.2500e-02
2.0959e+01,    5.3234e-01,    6.2500e-02
2.1153e+01,    5.3460e-01,    6.2500e-02
2.1349e+01,    5.3685e-01,    6.2500e-02
2.1546e+01,    5.3910e-01,    6.2500e-02
2.1746e+01,    5.4133e-01,    6.2500e-02
2.1947e+01,    5.4356e-01,    6.2500e-02
2.2150e+01,    5.4577e-01,    6.2500e-02
2.2355e+01,    5.4798e-01,    6.2500e-02
2.2562e+01,    5.5018e-01,    6.2500e-02
2.2771e+01,    5.5238e-01,    6.2500e-02
2.2982e+01,    5.5456e-01,    6.2500e-02
2.3195e+01,    5.5673e-01,    6.2500e-02
2.3410e+01,    5.5890e-01,    6.2500e-02
2.3626e+01,    5.6106e-01,    6.2500e-02
2.3845e+01,    5.6320e-01,    6.2500e-02
2.4066e+01,    5.6534e-01,    6.2500e-02
2.4289e+01,    5.6747e-01,    6.2500e-02
2.4513e+01,    5.6959e-01,    6.2500e-02
2.4740e+01,    5.7170e-01,    6.2500e-02
2.4970e+01,    5.7380e-01,    6.2500e-02
2.5201e+01,    5.7590e-01,    6.2500e-02
2.5434e+01,    5.7798e-01,    6.2500e-02
2.5670e+01,    5.8005e-01,    6.2500e-02
2.5907e+01,    5.8212e-01,    6.2500e-02
2.6147e+01,    5.8417e-01,    6.2500e-02
2.6389e+01,    5.8622e-01,    6.2500e-02
2.6633e+01,    5.8825e-01,    6.2500e-02
2.6880e+01,    5.9028e-01,    6.2500e-02
2.7129e+01,    5.9230e-01,    6.2500e-02
2.7380e+01,    5.9430e-01,    6.2500e-02
2.7634e+01,    5.9630e-01,    6.2500e-02
2.7889e+01,    5.9829e-01,    6.2500e-02
2.8148e+01,    6.0027e-01,    6.2500e-02
2.8408e+01,    6.0224e-01,    6.2500e-02
2.8671e+01,    6.0419e-01,    6.2500e-02
2.8937e+01,    6.0614e-01,    6.2500e-02
2.9205e+01,    6.0808e-01,    6.2500e-02
2.9475e+01,    6.1001e-01,    6.2500e-02
2.9748e+01,    6.1194e-01,    6.2500e-02
3.0023e+01,    6.1385e-01,    6.2500e-02
3.0301e+01,    6.1575e-01,    6.2500e-02
3.0582e+01,    6.1764e-01,    6.2500e-02
3.0865e+01,    6.1952e-01,    6.2500e-02
3.1151e+01,    6.2140e-01,    6.2500e-02
3.1439e+01,    6.2326e-01,    6.2500e-02
3.1730e+01,    6.2511e-01,    6.2500e-02
3.2024e+01,    6.2696e-01,    6.2500e-02
3.2321e+01,    6.2879e-01,    6.2500e-02
3.2620e+01,    6.3062e-01,    6.2500e-02
3.2922e+01,    6.3244e-01,    6.2500e-02
3.3227e+01,    6.3424e-01,    6.2500e-02
3.3534e+01,    6.3604e-01,    6.2500e-02
3.3845e+01,    6.3783e-01,    6.2500e-02
3.4158e+01,    6.3961e-01,    6.2500e-02
3.4474e+01,    6.4138e-01,    6.2500e-02
3.4794e+01,    6.4314e-01,    6.2500e-02
3.5116e+01,    6.4489e-01,    6.2500e-02
3.5441e+01,    6.4663e-01,    6.2500e-02
3.5769e+01,    6.4837e-01,    6.2500e-02
3.6100e+01,    6.5009e-01,    6.2500e-02
3.6434e+01,    6.5181e-01,    6.2500e-02
3.6772e+01,    6.5351e-01,    6.2500e-02
3.7112e+01,    6.5521e-01,    6.2500e-02
3.7456e+01,    6.5690e-01,    6.2500e-02
3.7803e+01,    6.5858e-01,    6.2500e-02
3.8153e+01,    6.6025e-01,    6.2500e-02
3.8506e+01,    6.6191e-01,    6.2500e-02
3.8862e+01,    6.6356e-01,    6.2500e-02
3.9222e+01,    6.6521e-01,    6.2500e-02
3.9585e+01,    6.6684e-01,    6.2500e-02
3.9952e+01,    6.6847e-01,    6.2500e-02
4.0322e+01,    6.7009e-01,    6.2500e-02
4.0695e+01,    6.7170e-01,    6.2500e-02
4.1072e+01,    6.7330e-01,    6.2500e-02
4.1452e+01,    6.7489e-01,    6.2500e-02
4.1836e+01,    6.7647e-01,    6.2500e-02
4.2223e+01,    6.7805e-01,    6.2500e-02
4.2614e+01,    6.7962e-01,    6.2500e-02
4.3009e+01,    6.8118e-01,    6.2500e-02
4.3407e+01,    6.8273e-01,    6.2500e-02
4.3809e+01,    6.8427e-01,    6.2500e-02
4.4215e+01,    6.8581e-01,    6.2500e-02
4.4624e+01,    6.8733e-01,    6.2500e-02
4.5037e+01,    6.8885e-01,    6.2500e-02
4.5454e+01,    6.9036e-01,    6.2500e-02
4.5875e+01,    6.9186e-01,    6.2500e-02
4.6300e+01,    6.9336e-01,    6.2500e-02
4.6728e+01,    6.9485e-01,    6.2500e-02
4.7161e+01,    6.9633e-01,    6.2500e-02
4.7598e+01,    6.9780e-01,    6.2500e-02
4.8038e+01,    6.9926e-01,    6.2500e-02
4.8483e+01,    7.0072e-01,    6.2500e-02
4.8932e+01,    7.0217e-01,    6.2500e-02
4.9385e+01,    7.0361e-01,    6.2500e-02
4.9842e+01,    7.0504e-01,    6.2500e-02
5.0304e+01,    7.0646e-01,    6.2500e-02
5.0769e+01,    7.0788e-01,    6.2500e-02
5.1240e+01,    7.0929e-01,    6.2500e-02
5.1714e+01,    7.1070e-01,    6.2500e-02
5.2193e+01,    7.1209e-01,    6.2500e-02
5.2676e+01,    7.1348e-01,    6.2500e-02
5.3164e+01,    7.1486e-01,    6.2500e-02
5.3656e+01,    7.1624e-01,    6.2500e-02
5.4153e+01,    7.1761e-01,    6.2500e-02
5.4654e+01,    7.1897e-01,    6.2500e-02
5.5160e+01,    7.2032e-01,    6.2500e-02
5.5671e+01,    7.2167e-01,    6.2500e-02
5.6186e+01,    7.2301e-01,    6.2500e-02
5.6706e+01,    7.2434e-01,    6.2500e-02
5.7232e+01,    7.2566e-01,    6.2500e-02
5.7761e+01,    7.2698e-01,    6.2500e-02
5.8296e+01,    7.2829e-01,    6.2500e-02
5.8836e+01,    7.2960e-01,    6.2500e-02
5.9381e+01,    7.3090e-01,    6.2500e-02
5.9930e+01,    7.3219e-01,    6.2500e-02
6.0485e+01,    7.3347e-01,    6.2500e-02
6.1045e+01,    7.3475e-01,    6.2500e-02
6.1611e+01,    7.3602e-01,    6.2500e-02
6.2181e+01,    7.3729e-01,    6.2500e-02
6.2757e+01,    7.3855e-01,    6.2500e-02
6.3338e+01,    7.3980e-01,    6.2500e-02
6.3924e+01,    7.4105e-01,    6.2500e-02
6.4516e+01,    7.4229e-01,    6.2500e-02
6.5113e+01,    7.4352e-01,    6.2500e-02
6.5716e+01,    7.4475e-01,    6.2500e-02
6.6325e+01,    7.4597e-01,    6.2500e-02
6.6939e+01,    7.4718e-01,    6.2500e-02
6.7559e+01,    7.4839e-01,    6.2500e-02
6.8184e+01,    7.4960e-01,    6.2500e-02
6.8815e+01,    7.5079e-01,    6.2500e-02
6.9452e+01,    7.5198e-01,    6.2500e-02
7.0096e+01,    7.5317e-01,    6.2500e-02
7.0745e+01,    7.5435e-01,    6.2500e-02
7.1400e+01,    7.5552e-01,    6.2500e-02
7.2061e+01,    7.5668e-01,    6.2500e-02
7.2728e+01,    7.5784e-01,    6.2500e-02
7.3401e+01,    7.5900e-01,    6.2500e-02
7.4081e+01,    7.6015e-01,    6.2500e-02
7.4767e+01,    7.6129e-01,    6.2500e-02
7.5459e+01,    7.6243e-01,    6.2500e-02
7.6158e+01,    7.6356e-01,    6.2500e-02
7.6863e+01,    7.6469e-01,    6.2500e-02
7.7574e+01,    7.6581e-01,    6.2500e-02
7.8293e+01,    7.6692e-01,    6.2500e-02
7.9017e+01,    7.6803e-01,    6.2500e-02
7.9749e+01,    7.6914e-01,    6.2500e-02
8.0487e+01,    7.7023e-01,    6.2500e-02
8.1233e+01,    7.7133e-01,    6.2500e-02
8.1985e+01,    7.7241e-01,    6.2500e-02
8.2744e+01,    7.7350e-01,    6.2500e-02
8.3510e+01,    7.7457e-01,    6.2500e-02
8.4283e+01,    7.7564e-01,    6.2500e-02
8.5063e+01,    7.7671e-01,    6.2500e-02
8.5851e+01,    7.7777e-01,    6.2500e-02
8.6646e+01,    7.7883e-01,    6.2500e-02
8.7448e+01,    7.7988e-01,    6.2500e-02
8.8258e+01,    7.8092e-01,    6.2500e-02
8.9075e+01,    7.8196e-01,    6.2500e-02
8.9900e+01,    7.8299e-01,    6.2500e-02
9.0732e+01,    7.8402e-01,    6.2500e-02
9.1572e+01,    7.8505e-01,    6.2500e-02
9.2420e+01,    7.8607e-01,    6.2500e-02
9.3276e+01,    7.8708e-01,    6.2500e-02
9.4139e+01,    7.8809e-01,    6.2500e-02
9.5011e+01,    7.8910e-01,    6.2500e-02
9.5890e+01,    7.9009e-01,    6.2500e-02
9.6778e+01,    7.9109e-01,    6.2500e-02
9.7674e+01,    7.9208e-01,    6.2500e-02
9.8579e+01,    7.9306e-01,    6.2500e-02
9.9491e+01,    7.9404e-01,    6.2500e-02
1.0041e+02,    7.9502e-01,    6.2500e-02
1.0134e+02,    7.9599e-01,    6.2500e-02
1.0228e+02,    7.9695e-01,    6.2500e-02
1.0323e+02,    7.9791e-01,    6.2500e-02
1.0418e+02,    7.9887e-01,    6.2500e-02
1.0515e+02,    7.9982e-01,    6.2500e-02
1.0612e+02,    8.0077e-01,    6.2500e-02
1.0710e+02,    8.0171e-01,    6.2500e-02
1.0810e+02,    8.0265e-01,    6.2500e-02
1.0910e+02,    8.0358e-01,    6.2500e-02
1.1011e+02,    8.0451e-01,    6.2500e-02
1.1113e+02,    8.0543e-01,    6.2500e-02
1.1215e+02,    8.0635e-01,    6.2500e-02
1.1319e+02,    8.0727e-01,    6.2500e-02
1.1424e+02,    8.0818e-01,    6.2500e-02
1.1530e+02,    8.0908e-01,    6.2500e-02
1.1637e+02,    8.0998e-01,    6.2500e-02
1.1744e+02,    8.1088e-01,    6.2500e-02
1.1853e+02,    8.1177e-01,    6.2500e-02
1.1963e+02,    8.1266e-01,    6.2500e-02
1.2074e+02,    8.1354e-01,    6.2500e-02
1.2185e+02,    8.1442e-01,    6.2500e-02
1.2298e+02,    8.1530e-01,    6.2500e-02
1.2412e+02,    8.1617e-01,    6.2500e-02
1.2527e+02,    8.1704e-01,    6.2500e-02
1.2643e+02,    8.1790e-01,    6.2500e-02
1.2760e+02,    8.1876e-01,    6.2500e-02
1.2878e+02,    8.1961e-01,    6.2500e-02
1.2997e+02,    8.2046e-01,    6.2500e-02
1.3118e+02,    8.2131e-01,    6.2500e-02
1.3239e+02,    8.2215e-01,    6.2500e-02
1.3362e+02,    8.2299e-01,    6.2500e-02
1.3486e+02,    8.2382e-01,    6.2500e-02
1.3610e+02,    8.2465e-01,    6.2500e-02
1.3736e+02,    8.2548e-01,    6.2500e-02
1.3864e+02,    8.2630e-01,    6.2500e-02
1.3992e+02,    8.2712e-01,    6.2500e-02
1.4121e+02,    8.2793e-01,    6.2500e-02
1.4252e+02,    8.2874e-01,    6.2500e-02
1.4384e+02,    8.2955e-01,    6.2500e-02
1.4517e+02,    8.3035e-01,    6.2500e-02
1.4652e+02,    8.3115e-01,    6.2500e-02
1.4787e+02,    8.3194e-01,    6.2500e-02
1.4924e+02,    8.3273e-01,    6.2500e-02
1.5063e+02,    8.3352e-01,    6.2500e-02
1.5202e+02,    8.3430e-01,    6.2500e-02
1.5343e+02,    8.3508e-01,    6.2500e-02
1.5485e+02,    8.3585e-01,    6.2500e-02
1.5628e+02,    8.3663e-01,    6.2500e-02
1.5773e+02,    8.3739e-01,    6.2500e-02
1.5919e+02,    8.3816e-01,    6.2500e-02
1.6066e+02,    8.3892e-01,    6.2500e-02
1.6215e+02,    8.3968e-01,    6.2500e-02
1.6365e+02,    8.4043e-01,    6.2500e-02
1.6517e+02,    8.4118e-01,    6.2500e-02
1.6670e+02,    8.4192e-01,    6.2500e-02
1.6824e+02,    8.4267e-01,    6.2500e-02
1.6980e+02,    8.4340e-01,    6.2500e-02
1.7137e+02,    8.4414e-01,    6.2500e-02
1.7296e+02,    8.4487e-01,    6.2500e-02
1.7456e+02,    8.4560e-01,    6.2500e-02
1.7617e+02,    8.4632e-01,    6.2500e-02
1.7780e+02,    8.4705e-01,    6.2500e-02
1.7945e+02,    8.4776e-01,    6.2500e-02
1.8111e+02,    8.4848e-01,    6.2500e-02
1.8279e+02,    8.4919e-01,    6.2500e-02
1.8448e+02,    8.4990e-01,    6.2500e-02
1.8619e+02,    8.5060e-01,    6.2500e-02
1.8791e+02,    8.5130e-01,    6.2500e-02
1.8965e+02,    8.5200e-01,    6.2500e-02
1.9141e+02,    8.5269e-01,    6.2500e-02
1.9318e+02,    8.5338e-01,    6.2500e-02
1.9497e+02,    8.5407e-01,    6.2500e-02
1.9678e+02,    8.5475e-01,    6.2500e-02
1.9860e+02,    8.5543e-01,    6.2500e-02
2.0044e+02,    8.5611e-01,    6.2500e-02
2.0229e+02,    8.5679e-01,    6.2500e-02
2.0416e+02,    8.5746e-01,    6.2500e-02
2.0605e+02,    8.5812e-01,    6.2500e-02
2.0796e+02,    8.5879e-01,    6.2500e-02
2.0989e+02,    8.5945e-01,    6.2500e-02
2.1183e+02,    8.6011e-01,    6.2500e-02
2.1379e+02,    8.6076e-01,    6.2500e-02
2.1577e+02,    8.6142e-01,    6.2500e-02
2.1777e+02,    8.6207e-01,    6.2500e-02
2.1979e+02,    8.6271e-01,    6.2500e-02
2.2182e+02,    8.6335e-01,    6.2500e-02
2.2387e+02,    8.6399e-01,    6.2500e-02
2.2595e+02,    8.6463e-01,    6.2500e-02
2.2804e+02,    8.6526e-01,    6.2500e-02
2.3015e+02,    8.6589e-01,    6.2500e-02
2.3228e+02,    8.6652e-01,    6.2500e-02
2.3443e+02,    8.6715e-01,    6.2500e-02
2.3660e+02,    8.6777e-01,    6.2500e-02
2.3879e+02,    8.6839e-01,    6.2500e-02
2.4100e+02,    8.6900e-01,    6.2500e-02
2.4324e+02,    8.6961e-01,    6.2500e-02
2.4549e+02,    8.7022e-01,    6.2500e-02
2.4776e+02,    8.7083e-01,    6.2500e-02
2.5005e+02,    8.7144e-01,    6.2500e-02
2.5237e+02,    8.7204e-01,    6.2500e-02
2.5471e+02,    8.7263e-01,    6.2500e-02
2.5707e+02,    8.7323e-01,    6.2500e-02
2.5945e+02,    8.7382e-01,    6.2500e-02
2.6185e+02,    8.7441e-01,    6.2500e-02
2.6427e+02,    8.7500e-01,    6.2500e-02
2.6672e+02,    8.7558e-01,    6.2500e-02
2.6919e+02,    8.7616e-01,    6.2500e-02
2.7168e+02,    8.7674e-01,    6.2500e-02
2.7420e+02,    8.7732e-01,    6.2500e-02
2.7673e+02,    8.7789e-01,    6.2500e-02
2.7930e+02,    8.7846e-01,    6.2500e-02
2.8188e+02,    8.7903e-01,    6.2500e-02
2.8449e+02,    8.7960e-01,    6.2500e-02
2.8713e+02,    8.8016e-01,    6.2500e-02
2.8978e+02,    8.8072e-01,    6.2500e-02
2.9247e+02,    8.8127e-01,    6.2500e-02
2.9518e+02,    8.8183e-01,    6.2500e-02
2.9791e+02,    8.8238e-01,    6.2500e-02
3.0067e+02,    8.8293e-01,    6.2500e-02
3.0345e+02,    8.8348e-01,    6.2500e-02
3.0626e+02,    8.8402e-01,    6.2500e-02
3.0910e+02,    8.8456e-01,    6.2500e-02
3.1196e+02,    8.8510e-01,    6.2500e-02
3.1485e+02,    8.8564e-01,    6.2500e-02
3.1776e+02,    8.8617e-01,    6.2500e-02
3.2070e+02,    8.8670e-01,    6.2500e-02
3.2367e+02,    8.8723e-01,    6.2500e-02
3.2667e+02,    8.8776e-01,    6.2500e-02
3.2969e+02,    8.8828e-01,    6.2500e-02
3.3275e+02,    8.8880e-01,    6.2500e-02
3.3583e+02,    8.8932e-01,    6.2500e-02
3.3894e+02,    8.8983e-01,    6.2500e-02
3.4207e+02,    8.9035e-01,    6.2500e-02
3.4524e+02,    8.9086e-01,    6.2500e-02
3.4844e+02,    8.9137e-01,    6.2500e-02
3.5166e+02,    8.9188e-01,    6.2500e-02
3.5492e+02,    8.9238e-01,    6.2500e-02
3.5821e+02,    8.9288e-01,    6.2500e-02
3.6152e+02,    8.9338e-01,    6.2500e-02
3.6487e+02,    8.9388e-01,    6.2500e-02
3.6825e+02,    8.9437e-01,    6.2500e-02
3.7166e+02,    8.9486e-01,    6.2500e-02
3.7510e+02,    8.9535e-01,    6.2500e-02
3.7857e+02,    8.9584e-01,    6.2500e-02
3.8208e+02,    8.9633e-01,    6.2500e-02
3.8561e+02,    8.9681e-01,    6.2500e-02
3.8918e+02,    8.9729e-01,    6.2500e-02
3.9279e+02,    8.9777e-01,    6.2500e-02
3.9642e+02,    8.9825e-01,    6.2500e-02
4.0009e+02,    8.9872e-01,    6.2500e-02
4.0380e+02,    8.9919e-01,    6.2500e-02
4.0754e+02,    8.9966e-01,    6.2500e-02
4.1131e+02,    9.0013e-01,    6.2500e-02
4.1512e+02,    9.0059e-01,    6.2500e-02
4.1896e+02,    9.0106e-01,    6.2500e-02
4.2284e+02,    9.0152e-01,    6.2500e-02
4.2676e+02,    9.0198e-01,    6.2500e-02
4.3071e+02,    9.0243e-01,    6.2500e-02
4.3470e+02,    9.0289e-01,    6.2500e-02
4.3872e+02,    9.0334e-01,    6.2500e-02
4.4278e+02,    9.0379e-01,    6.2500e-02
4.4688e+02,    9.0424e-01,    6.2500e-02
4.5102e+02,    9.0468e-01,    6.2500e-02
4.5520e+02,    9.0512e-01,    6.2500e-02
4.5941e+02,    9.0557e-01,    6.2500e-02
4.6366e+02,    9.0601e-01,    6.2500e-02
4.6796e+02,    9.0644e-01,    6.2500e-02
4.7229e+02,    9.0688e-01,    6.2500e-02
4.7666e+02,    9.0731e-01,    6.2500e-02
4.8108e+02,    9.0774e-01,    6.2500e-02
4.8553e+02,    9.0817e-01,    6.2500e-02
4.9002e+02,    9.0860e-01,    6.2500e-02
4.9456e+02,    9.0902e-01,    6.2500e-02
4.9914e+02,    9.0945e-01,    6.2500e-02
5.0376e+02,    9.0987e-01,    6.2500e-02
5.0843e+02,    9.1029e-01,    6.2500e-02
5.1313e+02,    9.1071e-01,    6.2500e-02
5.1788e+02,    9.1112e-01,    6.2500e-02
5.2268e+02,    9.1153e-01,    6.2500e-02
5.2752e+02,    9.1194e-01,    6.2500e-02
5.3240e+02,    9.1235e-01,    6.2500e-02
5.3733e+02,    9.1276e-01,    6.2500e-02
5.4231e+02,    9.1317e-01,    6.2500e-02
5.4733e+02,    9.1357e-01,    6.2500e-02
5.5240e+02,    9.1397e-01,    6.2500e-02
5.5751e+02,    9.1437e-01,    6.2500e-02
5.6267e+02,    9.1477e-01,    6.2500e-02
5.6788e+02,    9.1517e-01,    6.2500e-02
5.7314e+02,    9.1556e-01,    6.2500e-02
5.7845e+02,    9.1595e-01,    6.2500e-02
5.8380e+02,    9.1634e-01,    6.2500e-02
5.8921e+02,    9.1673e-01,    6.2500e-02
5.9466e+02,    9.1712e-01,    6.2500e-02
6.0017e+02,    9.1750e-01,    6.2500e-02
6.0573e+02,    9.1789e-01,    6.2500e-02
6.1133e+02,    9.1827e-01,    6.2500e-02
6.1699e+02,    9.1865e-01,    6.2500e-02
6.2271e+02,    9.1903e-01,    6.2500e-02
6.2847e+02,    9.1940e-01,    6.2500e-02
6.3429e+02,    9.1978e-01,    6.2500e-02
6.4016e+02,    9.2015e-01,    6.2500e-02
6.4609e+02,    9.2052e-01,    6.2500e-02
6.5207e+02,    9.2089e-01,    6.2500e-02
6.5811e+02,    9.2126e-01,    6.2500e-02
6.6420e+02,    9.2162e-01,    6.2500e-02
6.7035e+02,    9.2199e-01,    6.2500e-02
6.7656e+02,    9.2235e-01,    6.2500e-02
6.8282e+02,    9.2271e-01,    6.2500e-02
6.8915e+02,    9.2307e-01,    6.2500e-02
6.9553e+02,    9.2343e-01,    6.2500e-02
7.0197e+02,    9.2378e-01,    6.2500e-02
7.0846e+02,    9.2414e-01,    6.2500e-02
7.1502e+02,    9.2449e-01,    6.2500e-02
7.2164e+02,    9.2484e-01,    6.2500e-02
7.2833e+02,    9.2519e-01,    6.2500e-02
7.3507e+02,    9.2553e-01,    6.2500e-02
7.4187e+02,    9.2588e-01,    6.2500e-02
7.4874e+02,    9.2622e-01,    6.2500e-02
7.5568e+02,    9.2657e-01,    6.2500e-02
7.6267e+02,    9.2691e-01,    6.2500e-02
7.6973e+02,    9.2725e-01,    6.2500e-02
7.7686e+02,    9.2758e-01,    6.2500e-02
7.8405e+02,    9.2792e-01,    6.2500e-02
7.9131e+02,    9.2825e-01,    6.2500e-02
7.9864e+02,    9.2859e-01,    6.2500e-02
8.0603e+02,    9.2892e-01,    6.2500e-02
8.1350e+02,    9.2925e-01,    6.2500e-02
8.2103e+02,    9.2958e-01,    6.2500e-02
8.2863e+02,    9.2990e-01,    6.2500e-02
8.3630e+02,    9.3023e-01,    6.2500e-02
8.4405e+02,    9.3055e-01,    6.2500e-02
8.5186e+02,    9.3087e-01,    6.2500e-02
8.5975e+02,    9.3119e-01,    6.2500e-02
