# Force βfL, Extension z/L, Persistence Length λ
9.9772e-03,    3.3084e-03,    6.4000e+01
1.0070e-02,    3.3391e-03,    6.4000e+01
1.0163e-02,    3.3700e-03,    6.4000e+01
1.0257e-02,    3.4011e-03,    6.4000e+01
1.0352e-02,    3.4327e-03,    6.4000e+01
1.0448e-02,    3.4644e-03,    6.4000e+01
1.0544e-02,    3.4965e-03,    6.4000e+01
1.0642e-02,    3.5290e-03,    6.4000e+01
1.0741e-02,    3.5616e-03,    6.4000e+01
1.0840e-02,    3.5945e-03,    6.4000e+01
1.0940e-02,    3.6278e-03,    6.4000e+01
1.1042e-02,    3.6615e-03,    6.4000e+01
1.1144e-02,    3.6953e-03,    6.4000e+01
1.1247e-02,    3.7296e-03,    6.4000e+01
1.1351e-02,    3.7641e-03,    6.4000e+01
1.1456e-02,    3.7990e-03,    6.4000e+01
1.1562e-02,    3.8342e-03,    6.4000e+01
1.1669e-02,    3.8696e-03,    6.4000e+01
1.1777e-02,    3.9054e-03,    6.4000e+01
1.1887e-02,    3.9415e-03,    6.4000e+01
1.1997e-02,    3.9780e-03,    6.4000e+01
1.2108e-02,    4.0149e-03,    6.4000e+01
1.2220e-02,    4.0520e-03,    6.4000e+01
1.2333e-02,    4.0895e-03,    6.4000e+01
1.2447e-02,    4.1275e-03,    6.4000e+01
1.2562e-02,    4.1657e-03,    6.4000e+01
1.2679e-02,    4.2042e-03,    6.4000e+01
1.2796e-02,    4.2431e-03,    6.4000e+01
1.2914e-02,    4.2824e-03,    6.4000e+01
1.3034e-02,    4.3221e-03,    6.4000e+01
1.3155e-02,    4.3622e-03,    6.4000e+01
1.3277e-02,    4.4025e-03,    6.4000e+01
1.3399e-02,    4.4432e-03,    6.4000e+01
1.3524e-02,    4.4844e-03,    6.4000e+01
1.3649e-02,    4.5259e-03,    6.4000e+01
1.3775e-02,    4.5678e-03,    6.4000e+01
1.3903e-02,    4.6101e-03,    6.4000e+01
1.4031e-02,    4.6528e-03,    6.4000e+01
1.4161e-02,    4.6959e-03,    6.4000e+01
1.4292e-02,    4.7393e-03,    6.4000e+01
1.4425e-02,    4.7832e-03,    6.4000e+01
1.4558e-02,    4.8275e-03,    6.4000e+01
1.4693e-02,    4.8722e-03,    6.4000e+01
1.4829e-02,    4.9173e-03,    6.4000e+01
1.4966e-02,    4.9628e-03,    6.4000e+01
1.5105e-02,    5.0088e-03,    6.4000e+01
1.5245e-02,    5.0551e-03,    6.4000e+01
1.5386e-02,    5.1018e-03,    6.4000e+01
1.5528e-02,    5.1492e-03,    6.4000e+01
1.5672e-02,    5.1969e-03,    6.4000e+01
1.5817e-02,    5.2450e-03,    6.4000e+01
1.5964e-02,    5.2937e-03,    6.4000e+01
1.6112e-02,    5.3426e-03,    6.4000e+01
1.6261e-02,    5.3920e-03,    6.4000e+01
1.6411e-02,    5.4420e-03,    6.4000e+01
1.6563e-02,    5.4923e-03,    6.4000e+01
1.6717e-02,    5.5431e-03,    6.4000e+01
1.6871e-02,    5.5945e-03,    6.4000e+01
1.7028e-02,    5.6463e-03,    6.4000e+01
1.7185e-02,    5.6986e-03,    6.4000e+01
1.7344e-02,    5.7513e-03,    6.4000e+01
1.7505e-02,    5.8046e-03,    6.4000e+01
1.7667e-02,    5.8583e-03,    6.4000e+01
1.7831e-02,    5.9126e-03,    6.4000e+01
1.7996e-02,    5.9673e-03,    6.4000e+01
1.8162e-02,    6.0226e-03,    6.4000e+01
1.8330e-02,    6.0783e-03,    6.4000e+01
1.8500e-02,    6.1346e-03,    6.4000e+01
1.8671e-02,    6.1913e-03,    6.4000e+01
1.8844e-02,    6.2487e-03,    6.4000e+01
1.9019e-02,    6.3065e-03,    6.4000e+01
1.9195e-02,    6.3649e-03,    6.4000e+01
1.9373e-02,    6.4239e-03,    6.4000e+01
1.9552e-02,    6.4833e-03,    6.4000e+01
1.9733e-02,    6.5433e-03,    6.4000e+01
1.9916e-02,    6.6039e-03,    6.4000e+01
2.0100e-02,    6.6651e-03,    6.4000e+01
2.0286e-02,    6.7268e-03,    6.4000e+01
2.0474e-02,    6.7890e-03,    6.4000e+01
2.0664e-02,    6.8519e-03,    6.4000e+01
2.0855e-02,    6.9153e-03,    6.4000e+01
2.1048e-02,    6.9793e-03,    6.4000e+01
2.1243e-02,    7.0440e-03,    6.4000e+01
2.1439e-02,    7.1092e-03,    6.4000e+01
2.1638e-02,    7.1750e-03,    6.4000e+01
2.1838e-02,    7.2414e-03,    6.4000e+01
2.2041e-02,    7.3085e-03,    6.4000e+01
2.2245e-02,    7.3762e-03,    6.4000e+01
2.2451e-02,    7.4444e-03,    6.4000e+01
2.2658e-02,    7.5133e-03,    6.4000e+01
2.2868e-02,    7.5829e-03,    6.4000e+01
2.3080e-02,    7.6531e-03,    6.4000e+01
2.3294e-02,    7.7240e-03,    6.4000e+01
2.3509e-02,    7.7955e-03,    6.4000e+01
2.3727e-02,    7.8676e-03,    6.4000e+01
2.3947e-02,    7.9405e-03,    6.4000e+01
2.4168e-02,    8.0140e-03,    6.4000e+01
2.4392e-02,    8.0882e-03,    6.4000e+01
2.4618e-02,    8.1630e-03,    6.4000e+01
2.4846e-02,    8.2387e-03,    6.4000e+01
2.5076e-02,    8.3149e-03,    6.4000e+01
2.5308e-02,    8.3919e-03,    6.4000e+01
2.5542e-02,    8.4696e-03,    6.4000e+01
2.5779e-02,    8.5480e-03,    6.4000e+01
2.6018e-02,    8.6271e-03,    6.4000e+01
2.6258e-02,    8.7070e-03,    6.4000e+01
2.6502e-02,    8.7876e-03,    6.4000e+01
2.6747e-02,    8.8690e-03,    6.4000e+01
2.6995e-02,    8.9511e-03,    6.4000e+01
2.7245e-02,    9.0340e-03,    6.4000e+01
2.7497e-02,    9.1175e-03,    6.4000e+01
2.7751e-02,    9.2020e-03,    6.4000e+01
2.8008e-02,    9.2872e-03,    6.4000e+01
2.8268e-02,    9.3731e-03,    6.4000e+01
2.8529e-02,    9.4599e-03,    6.4000e+01
2.8794e-02,    9.5475e-03,    6.4000e+01
2.9060e-02,    9.6358e-03,    6.4000e+01
2.9329e-02,    9.7251e-03,    6.4000e+01
2.9601e-02,    9.8152e-03,    6.4000e+01
2.9875e-02,    9.9060e-03,    6.4000e+01
3.0151e-02,    9.9977e-03,    6.4000e+01
3.0431e-02,    1.0090e-02,    6.4000e+01
3.0712e-02,    1.0184e-02,    6.4000e+01
3.0997e-02,    1.0278e-02,    6.4000e+01
3.1284e-02,    1.0373e-02,    6.4000e+01
3.1573e-02,    1.0469e-02,    6.4000e+01
3.1866e-02,    1.0566e-02,    6.4000e+01
3.2161e-02,    1.0664e-02,    6.4000e+01
3.2458e-02,    1.0763e-02,    6.4000e+01
3.2759e-02,    1.0862e-02,    6.4000e+01
3.3062e-02,    1.0963e-02,    6.4000e+01
3.3368e-02,    1.1064e-02,    6.4000e+01
3.3677e-02,    1.1167e-02,    6.4000e+01
3.3989e-02,    1.1270e-02,    6.4000e+01
3.4304e-02,    1.1374e-02,    6.4000e+01
3.4621e-02,    1.1480e-02,    6.4000e+01
3.4942e-02,    1.1586e-02,    6.4000e+01
3.5265e-02,    1.1693e-02,    6.4000e+01
3.5592e-02,    1.1801e-02,    6.4000e+01
3.5922e-02,    1.1911e-02,    6.4000e+01
3.6254e-02,    1.2021e-02,    6.4000e+01
3.6590e-02,    1.2132e-02,    6.4000e+01
3.6929e-02,    1.2245e-02,    6.4000e+01
3.7270e-02,    1.2358e-02,    6.4000e+01
3.7616e-02,    1.2472e-02,    6.4000e+01
3.7964e-02,    1.2588e-02,    6.4000e+01
3.8315e-02,    1.2704e-02,    6.4000e+01
3.8670e-02,    1.2822e-02,    6.4000e+01
3.9028e-02,    1.2941e-02,    6.4000e+01
3.9389e-02,    1.3060e-02,    6.4000e+01
3.9754e-02,    1.3181e-02,    6.4000e+01
4.0122e-02,    1.3303e-02,    6.4000e+01
4.0494e-02,    1.3426e-02,    6.4000e+01
4.0869e-02,    1.3551e-02,    6.4000e+01
4.1247e-02,    1.3676e-02,    6.4000e+01
4.1629e-02,    1.3803e-02,    6.4000e+01
4.2014e-02,    1.3930e-02,    6.4000e+01
4.2403e-02,    1.4059e-02,    6.4000e+01
4.2796e-02,    1.4190e-02,    6.4000e+01
4.3192e-02,    1.4321e-02,    6.4000e+01
4.3592e-02,    1.4453e-02,    6.4000e+01
4.3996e-02,    1.4587e-02,    6.4000e+01
4.4403e-02,    1.4722e-02,    6.4000e+01
4.4814e-02,    1.4859e-02,    6.4000e+01
4.5229e-02,    1.4996e-02,    6.4000e+01
4.5648e-02,    1.5135e-02,    6.4000e+01
4.6070e-02,    1.5275e-02,    6.4000e+01
4.6497e-02,    1.5416e-02,    6.4000e+01
4.6927e-02,    1.5559e-02,    6.4000e+01
4.7362e-02,    1.5703e-02,    6.4000e+01
4.7800e-02,    1.5848e-02,    6.4000e+01
4.8243e-02,    1.5995e-02,    6.4000e+01
4.8690e-02,    1.6143e-02,    6.4000e+01
4.9141e-02,    1.6293e-02,    6.4000e+01
4.9595e-02,    1.6443e-02,    6.4000e+01
5.0055e-02,    1.6596e-02,    6.4000e+01
5.0518e-02,    1.6749e-02,    6.4000e+01
5.0986e-02,    1.6904e-02,    6.4000e+01
5.1458e-02,    1.7061e-02,    6.4000e+01
5.1934e-02,    1.7219e-02,    6.4000e+01
5.2415e-02,    1.7378e-02,    6.4000e+01
5.2900e-02,    1.7539e-02,    6.4000e+01
5.3390e-02,    1.7701e-02,    6.4000e+01
5.3885e-02,    1.7865e-02,    6.4000e+01
5.4384e-02,    1.8030e-02,    6.4000e+01
5.4887e-02,    1.8197e-02,    6.4000e+01
5.5395e-02,    1.8366e-02,    6.4000e+01
5.5908e-02,    1.8535e-02,    6.4000e+01
5.6426e-02,    1.8707e-02,    6.4000e+01
5.6948e-02,    1.8880e-02,    6.4000e+01
5.7475e-02,    1.9055e-02,    6.4000e+01
5.8008e-02,    1.9231e-02,    6.4000e+01
5.8545e-02,    1.9409e-02,    6.4000e+01
5.9087e-02,    1.9589e-02,    6.4000e+01
5.9634e-02,    1.9770e-02,    6.4000e+01
6.0186e-02,    1.9953e-02,    6.4000e+01
6.0743e-02,    2.0138e-02,    6.4000e+01
6.1306e-02,    2.0324e-02,    6.4000e+01
6.1873e-02,    2.0512e-02,    6.4000e+01
6.2446e-02,    2.0702e-02,    6.4000e+01
6.3024e-02,    2.0894e-02,    6.4000e+01
6.3608e-02,    2.1087e-02,    6.4000e+01
6.4197e-02,    2.1282e-02,    6.4000e+01
6.4791e-02,    2.1479e-02,    6.4000e+01
6.5391e-02,    2.1678e-02,    6.4000e+01
6.5996e-02,    2.1878e-02,    6.4000e+01
6.6607e-02,    2.2081e-02,    6.4000e+01
6.7224e-02,    2.2285e-02,    6.4000e+01
6.7846e-02,    2.2491e-02,    6.4000e+01
6.8475e-02,    2.2699e-02,    6.4000e+01
6.9109e-02,    2.2909e-02,    6.4000e+01
6.9748e-02,    2.3121e-02,    6.4000e+01
7.0394e-02,    2.3335e-02,    6.4000e+01
7.1046e-02,    2.3551e-02,    6.4000e+01
7.1704e-02,    2.3769e-02,    6.4000e+01
7.2368e-02,    2.3989e-02,    6.4000e+01
7.3038e-02,    2.4211e-02,    6.4000e+01
7.3714e-02,    2.4435e-02,    6.4000e+01
7.4396e-02,    2.4661e-02,    6.4000e+01
7.5085e-02,    2.4889e-02,    6.4000e+01
7.5780e-02,    2.5120e-02,    6.4000e+01
7.6482e-02,    2.5352e-02,    6.4000e+01
7.7190e-02,    2.5586e-02,    6.4000e+01
7.7905e-02,    2.5823e-02,    6.4000e+01
7.8626e-02,    2.6062e-02,    6.4000e+01
7.9354e-02,    2.6303e-02,    6.4000e+01
8.0089e-02,    2.6546e-02,    6.4000e+01
8.0830e-02,    2.6792e-02,    6.4000e+01
8.1579e-02,    2.7040e-02,    6.4000e+01
8.2334e-02,    2.7290e-02,    6.4000e+01
8.3096e-02,    2.7542e-02,    6.4000e+01
8.3866e-02,    2.7797e-02,    6.4000e+01
8.4642e-02,    2.8054e-02,    6.4000e+01
8.5426e-02,    2.8314e-02,    6.4000e+01
8.6217e-02,    2.8576e-02,    6.4000e+01
8.7015e-02,    2.8840e-02,    6.4000e+01
8.7821e-02,    2.9107e-02,    6.4000e+01
8.8634e-02,    2.9376e-02,    6.4000e+01
8.9455e-02,    2.9648e-02,    6.4000e+01
9.0283e-02,    2.9922e-02,    6.4000e+01
9.1119e-02,    3.0199e-02,    6.4000e+01
9.1962e-02,    3.0478e-02,    6.4000e+01
9.2814e-02,    3.0760e-02,    6.4000e+01
9.3673e-02,    3.1044e-02,    6.4000e+01
9.4540e-02,    3.1331e-02,    6.4000e+01
9.5416e-02,    3.1621e-02,    6.4000e+01
9.6299e-02,    3.1914e-02,    6.4000e+01
9.7191e-02,    3.2209e-02,    6.4000e+01
9.8091e-02,    3.2506e-02,    6.4000e+01
9.8999e-02,    3.2807e-02,    6.4000e+01
9.9915e-02,    3.3110e-02,    6.4000e+01
1.0084e-01,    3.3417e-02,    6.4000e+01
1.0177e-01,    3.3726e-02,    6.4000e+01
1.0272e-01,    3.4037e-02,    6.4000e+01
1.0367e-01,    3.4352e-02,    6.4000e+01
1.0463e-01,    3.4670e-02,    6.4000e+01
1.0560e-01,    3.4990e-02,    6.4000e+01
1.0657e-01,    3.5314e-02,    6.4000e+01
1.0756e-01,    3.5640e-02,    6.4000e+01
1.0856e-01,    3.5970e-02,    6.4000e+01
1.0956e-01,    3.6302e-02,    6.4000e+01
1.1058e-01,    3.6638e-02,    6.4000e+01
1.1160e-01,    3.6976e-02,    6.4000e+01
1.1263e-01,    3.7318e-02,    6.4000e+01
1.1368e-01,    3.7663e-02,    6.4000e+01
1.1473e-01,    3.8011e-02,    6.4000e+01
1.1579e-01,    3.8362e-02,    6.4000e+01
1.1686e-01,    3.8717e-02,    6.4000e+01
1.1794e-01,    3.9075e-02,    6.4000e+01
1.1904e-01,    3.9436e-02,    6.4000e+01
1.2014e-01,    3.9800e-02,    6.4000e+01
1.2125e-01,    4.0168e-02,    6.4000e+01
1.2237e-01,    4.0539e-02,    6.4000e+01
1.2351e-01,    4.0914e-02,    6.4000e+01
1.2465e-01,    4.1292e-02,    6.4000e+01
1.2580e-01,    4.1673e-02,    6.4000e+01
1.2697e-01,    4.2058e-02,    6.4000e+01
1.2814e-01,    4.2447e-02,    6.4000e+01
1.2933e-01,    4.2839e-02,    6.4000e+01
1.3053e-01,    4.3235e-02,    6.4000e+01
1.3174e-01,    4.3634e-02,    6.4000e+01
1.3296e-01,    4.4037e-02,    6.4000e+01
1.3419e-01,    4.4444e-02,    6.4000e+01
1.3543e-01,    4.4855e-02,    6.4000e+01
1.3668e-01,    4.5269e-02,    6.4000e+01
1.3795e-01,    4.5687e-02,    6.4000e+01
1.3923e-01,    4.6109e-02,    6.4000e+01
1.4052e-01,    4.6535e-02,    6.4000e+01
1.4182e-01,    4.6964e-02,    6.4000e+01
1.4313e-01,    4.7398e-02,    6.4000e+01
1.4445e-01,    4.7836e-02,    6.4000e+01
1.4579e-01,    4.8277e-02,    6.4000e+01
1.4714e-01,    4.8723e-02,    6.4000e+01
1.4850e-01,    4.9173e-02,    6.4000e+01
1.4988e-01,    4.9627e-02,    6.4000e+01
1.5127e-01,    5.0085e-02,    6.4000e+01
1.5267e-01,    5.0547e-02,    6.4000e+01
1.5408e-01,    5.1014e-02,    6.4000e+01
1.5551e-01,    5.1484e-02,    6.4000e+01
1.5695e-01,    5.1960e-02,    6.4000e+01
1.5840e-01,    5.2439e-02,    6.4000e+01
1.5987e-01,    5.2923e-02,    6.4000e+01
1.6135e-01,    5.3411e-02,    6.4000e+01
1.6284e-01,    5.3904e-02,    6.4000e+01
1.6435e-01,    5.4401e-02,    6.4000e+01
1.6587e-01,    5.4903e-02,    6.4000e+01
1.6741e-01,    5.5410e-02,    6.4000e+01
1.6896e-01,    5.5921e-02,    6.4000e+01
1.7052e-01,    5.6437e-02,    6.4000e+01
1.7210e-01,    5.6957e-02,    6.4000e+01
1.7369e-01,    5.7482e-02,    6.4000e+01
1.7530e-01,    5.8012e-02,    6.4000e+01
1.7692e-01,    5.8547e-02,    6.4000e+01
1.7856e-01,    5.9087e-02,    6.4000e+01
1.8022e-01,    5.9632e-02,    6.4000e+01
1.8188e-01,    6.0182e-02,    6.4000e+01
1.8357e-01,    6.0736e-02,    6.4000e+01
1.8527e-01,    6.1296e-02,    6.4000e+01
1.8698e-01,    6.1861e-02,    6.4000e+01
1.8871e-01,    6.2431e-02,    6.4000e+01
1.9046e-01,    6.3006e-02,    6.4000e+01
1.9223e-01,    6.3587e-02,    6.4000e+01
1.9400e-01,    6.4173e-02,    6.4000e+01
1.9580e-01,    6.4764e-02,    6.4000e+01
1.9761e-01,    6.5360e-02,    6.4000e+01
1.9944e-01,    6.5962e-02,    6.4000e+01
2.0129e-01,    6.6570e-02,    6.4000e+01
2.0315e-01,    6.7183e-02,    6.4000e+01
2.0503e-01,    6.7801e-02,    6.4000e+01
2.0693e-01,    6.8426e-02,    6.4000e+01
2.0885e-01,    6.9056e-02,    6.4000e+01
2.1078e-01,    6.9691e-02,    6.4000e+01
2.1273e-01,    7.0333e-02,    6.4000e+01
2.1470e-01,    7.0980e-02,    6.4000e+01
2.1669e-01,    7.1633e-02,    6.4000e+01
2.1870e-01,    7.2292e-02,    6.4000e+01
2.2072e-01,    7.2957e-02,    6.4000e+01
2.2277e-01,    7.3628e-02,    6.4000e+01
2.2483e-01,    7.4305e-02,    6.4000e+01
2.2691e-01,    7.4989e-02,    6.4000e+01
2.2901e-01,    7.5678e-02,    6.4000e+01
2.3113e-01,    7.6374e-02,    6.4000e+01
2.3327e-01,    7.7076e-02,    6.4000e+01
2.3543e-01,    7.7784e-02,    6.4000e+01
2.3761e-01,    7.8499e-02,    6.4000e+01
2.3981e-01,    7.9221e-02,    6.4000e+01
2.4203e-01,    7.9949e-02,    6.4000e+01
2.4427e-01,    8.0683e-02,    6.4000e+01
2.4653e-01,    8.1424e-02,    6.4000e+01
2.4882e-01,    8.2172e-02,    6.4000e+01
2.5112e-01,    8.2926e-02,    6.4000e+01
2.5345e-01,    8.3688e-02,    6.4000e+01
2.5579e-01,    8.4456e-02,    6.4000e+01
2.5816e-01,    8.5231e-02,    6.4000e+01
2.6055e-01,    8.6013e-02,    6.4000e+01
2.6296e-01,    8.6802e-02,    6.4000e+01
2.6540e-01,    8.7598e-02,    6.4000e+01
2.6786e-01,    8.8402e-02,    6.4000e+01
2.7034e-01,    8.9213e-02,    6.4000e+01
2.7284e-01,    9.0031e-02,    6.4000e+01
2.7536e-01,    9.0856e-02,    6.4000e+01
2.7791e-01,    9.1689e-02,    6.4000e+01
2.8049e-01,    9.2529e-02,    6.4000e+01
2.8308e-01,    9.3376e-02,    6.4000e+01
2.8570e-01,    9.4232e-02,    6.4000e+01
2.8835e-01,    9.5095e-02,    6.4000e+01
2.9102e-01,    9.5965e-02,    6.4000e+01
2.9371e-01,    9.6844e-02,    6.4000e+01
2.9643e-01,    9.7730e-02,    6.4000e+01
2.9918e-01,    9.8625e-02,    6.4000e+01
3.0195e-01,    9.9527e-02,    6.4000e+01
3.0474e-01,    1.0044e-01,    6.4000e+01
3.0757e-01,    1.0136e-01,    6.4000e+01
3.1041e-01,    1.0228e-01,    6.4000e+01
3.1329e-01,    1.0322e-01,    6.4000e+01
3.1619e-01,    1.0416e-01,    6.4000e+01
3.1912e-01,    1.0511e-01,    6.4000e+01
3.2207e-01,    1.0607e-01,    6.4000e+01
3.2505e-01,    1.0704e-01,    6.4000e+01
3.2806e-01,    1.0802e-01,    6.4000e+01
3.3110e-01,    1.0900e-01,    6.4000e+01
3.3416e-01,    1.1000e-01,    6.4000e+01
3.3726e-01,    1.1100e-01,    6.4000e+01
3.4038e-01,    1.1201e-01,    6.4000e+01
3.4353e-01,    1.1303e-01,    6.4000e+01
3.4671e-01,    1.1406e-01,    6.4000e+01
3.4992e-01,    1.1510e-01,    6.4000e+01
3.5316e-01,    1.1615e-01,    6.4000e+01
3.5643e-01,    1.1721e-01,    6.4000e+01
3.5973e-01,    1.1828e-01,    6.4000e+01
3.6306e-01,    1.1935e-01,    6.4000e+01
3.6642e-01,    1.2044e-01,    6.4000e+01
3.6982e-01,    1.2153e-01,    6.4000e+01
3.7324e-01,    1.2264e-01,    6.4000e+01
3.7670e-01,    1.2375e-01,    6.4000e+01
3.8019e-01,    1.2488e-01,    6.4000e+01
3.8371e-01,    1.2601e-01,    6.4000e+01
3.8726e-01,    1.2716e-01,    6.4000e+01
3.9084e-01,    1.2831e-01,    6.4000e+01
3.9446e-01,    1.2947e-01,    6.4000e+01
3.9811e-01,    1.3065e-01,    6.4000e+01
4.0180e-01,    1.3183e-01,    6.4000e+01
4.0552e-01,    1.3303e-01,    6.4000e+01
4.0927e-01,    1.3423e-01,    6.4000e+01
4.1306e-01,    1.3545e-01,    6.4000e+01
4.1689e-01,    1.3667e-01,    6.4000e+01
4.2075e-01,    1.3791e-01,    6.4000e+01
4.2464e-01,    1.3916e-01,    6.4000e+01
4.2858e-01,    1.4042e-01,    6.4000e+01
4.3254e-01,    1.4168e-01,    6.4000e+01
4.3655e-01,    1.4296e-01,    6.4000e+01
4.4059e-01,    1.4425e-01,    6.4000e+01
4.4467e-01,    1.4556e-01,    6.4000e+01
4.4879e-01,    1.4687e-01,    6.4000e+01
4.5294e-01,    1.4819e-01,    6.4000e+01
4.5714e-01,    1.4953e-01,    6.4000e+01
4.6137e-01,    1.5087e-01,    6.4000e+01
4.6564e-01,    1.5223e-01,    6.4000e+01
4.6995e-01,    1.5360e-01,    6.4000e+01
4.7430e-01,    1.5498e-01,    6.4000e+01
4.7869e-01,    1.5638e-01,    6.4000e+01
4.8313e-01,    1.5778e-01,    6.4000e+01
4.8760e-01,    1.5920e-01,    6.4000e+01
4.9211e-01,    1.6062e-01,    6.4000e+01
4.9667e-01,    1.6206e-01,    6.4000e+01
5.0127e-01,    1.6352e-01,    6.4000e+01
5.0591e-01,    1.6498e-01,    6.4000e+01
5.1059e-01,    1.6646e-01,    6.4000e+01
5.1532e-01,    1.6795e-01,    6.4000e+01
5.2009e-01,    1.6945e-01,    6.4000e+01
5.2491e-01,    1.7096e-01,    6.4000e+01
5.2977e-01,    1.7249e-01,    6.4000e+01
5.3467e-01,    1.7403e-01,    6.4000e+01
5.3962e-01,    1.7558e-01,    6.4000e+01
5.4462e-01,    1.7714e-01,    6.4000e+01
5.4966e-01,    1.7872e-01,    6.4000e+01
5.5475e-01,    1.8031e-01,    6.4000e+01
5.5989e-01,    1.8191e-01,    6.4000e+01
5.6507e-01,    1.8353e-01,    6.4000e+01
5.7030e-01,    1.8516e-01,    6.4000e+01
5.7558e-01,    1.8680e-01,    6.4000e+01
5.8091e-01,    1.8845e-01,    6.4000e+01
5.8629e-01,    1.9012e-01,    6.4000e+01
5.9172e-01,    1.9181e-01,    6.4000e+01
5.9720e-01,    1.9350e-01,    6.4000e+01
6.0273e-01,    1.9521e-01,    6.4000e+01
6.0831e-01,    1.9693e-01,    6.4000e+01
6.1394e-01,    1.9867e-01,    6.4000e+01
6.1962e-01,    2.0042e-01,    6.4000e+01
6.2536e-01,    2.0218e-01,    6.4000e+01
6.3115e-01,    2.0396e-01,    6.4000e+01
6.3699e-01,    2.0575e-01,    6.4000e+01
6.4289e-01,    2.0756e-01,    6.4000e+01
6.4884e-01,    2.0938e-01,    6.4000e+01
6.5485e-01,    2.1122e-01,    6.4000e+01
6.6091e-01,    2.1306e-01,    6.4000e+01
6.6703e-01,    2.1493e-01,    6.4000e+01
6.7321e-01,    2.1680e-01,    6.4000e+01
6.7944e-01,    2.1870e-01,    6.4000e+01
6.8573e-01,    2.2060e-01,    6.4000e+01
6.9208e-01,    2.2252e-01,    6.4000e+01
6.9849e-01,    2.2446e-01,    6.4000e+01
7.0496e-01,    2.2641e-01,    6.4000e+01
7.1148e-01,    2.2837e-01,    6.4000e+01
7.1807e-01,    2.3035e-01,    6.4000e+01
7.2472e-01,    2.3234e-01,    6.4000e+01
7.3143e-01,    2.3435e-01,    6.4000e+01
7.3820e-01,    2.3638e-01,    6.4000e+01
7.4504e-01,    2.3841e-01,    6.4000e+01
7.5193e-01,    2.4047e-01,    6.4000e+01
7.5890e-01,    2.4254e-01,    6.4000e+01
7.6592e-01,    2.4462e-01,    6.4000e+01
7.7301e-01,    2.4672e-01,    6.4000e+01
7.8017e-01,    2.4883e-01,    6.4000e+01
7.8740e-01,    2.5096e-01,    6.4000e+01
7.9469e-01,    2.5310e-01,    6.4000e+01
8.0204e-01,    2.5526e-01,    6.4000e+01
8.0947e-01,    2.5744e-01,    6.4000e+01
8.1696e-01,    2.5963e-01,    6.4000e+01
8.2453e-01,    2.6183e-01,    6.4000e+01
8.3216e-01,    2.6405e-01,    6.4000e+01
8.3987e-01,    2.6629e-01,    6.4000e+01
8.4764e-01,    2.6854e-01,    6.4000e+01
8.5549e-01,    2.7080e-01,    6.4000e+01
8.6341e-01,    2.7308e-01,    6.4000e+01
8.7141e-01,    2.7538e-01,    6.4000e+01
8.7947e-01,    2.7769e-01,    6.4000e+01
8.8762e-01,    2.8002e-01,    6.4000e+01
8.9583e-01,    2.8236e-01,    6.4000e+01
9.0413e-01,    2.8472e-01,    6.4000e+01
9.1250e-01,    2.8710e-01,    6.4000e+01
9.2095e-01,    2.8948e-01,    6.4000e+01
9.2948e-01,    2.9189e-01,    6.4000e+01
9.3808e-01,    2.9431e-01,    6.4000e+01
9.4677e-01,    2.9674e-01,    6.4000e+01
9.5553e-01,    2.9919e-01,    6.4000e+01
9.6438e-01,    3.0166e-01,    6.4000e+01
9.7331e-01,    3.0414e-01,    6.4000e+01
9.8232e-01,    3.0663e-01,    6.4000e+01
9.9141e-01,    3.0914e-01,    6.4000e+01
1.0006e+00,    3.1167e-01,    6.4000e+01
1.0099e+00,    3.1421e-01,    6.4000e+01
1.0192e+00,    3.1676e-01,    6.4000e+01
1.0286e+00,    3.1934e-01,    6.4000e+01
1.0382e+00,    3.2192e-01,    6.4000e+01
1.0478e+00,    3.2452e-01,    6.4000e+01
1.0575e+00,    3.2714e-01,    6.4000e+01
1.0673e+00,    3.2977e-01,    6.4000e+01
1.0772e+00,    3.3241e-01,    6.4000e+01
1.0871e+00,    3.3507e-01,    6.4000e+01
1.0972e+00,    3.3774e-01,    6.4000e+01
1.1074e+00,    3.4043e-01,    6.4000e+01
1.1176e+00,    3.4313e-01,    6.4000e+01
1.1280e+00,    3.4585e-01,    6.4000e+01
1.1384e+00,    3.4858e-01,    6.4000e+01
1.1489e+00,    3.5132e-01,    6.4000e+01
1.1596e+00,    3.5408e-01,    6.4000e+01
1.1703e+00,    3.5685e-01,    6.4000e+01
1.1811e+00,    3.5964e-01,    6.4000e+01
1.1921e+00,    3.6244e-01,    6.4000e+01
1.2031e+00,    3.6525e-01,    6.4000e+01
1.2143e+00,    3.6807e-01,    6.4000e+01
1.2255e+00,    3.7091e-01,    6.4000e+01
1.2368e+00,    3.7376e-01,    6.4000e+01
1.2483e+00,    3.7663e-01,    6.4000e+01
1.2599e+00,    3.7951e-01,    6.4000e+01
1.2715e+00,    3.8240e-01,    6.4000e+01
1.2833e+00,    3.8530e-01,    6.4000e+01
1.2952e+00,    3.8821e-01,    6.4000e+01
1.3072e+00,    3.9114e-01,    6.4000e+01
1.3193e+00,    3.9407e-01,    6.4000e+01
1.3315e+00,    3.9702e-01,    6.4000e+01
1.3438e+00,    3.9998e-01,    6.4000e+01
1.3563e+00,    4.0296e-01,    6.4000e+01
1.3688e+00,    4.0594e-01,    6.4000e+01
1.3815e+00,    4.0893e-01,    6.4000e+01
1.3943e+00,    4.1194e-01,    6.4000e+01
1.4072e+00,    4.1495e-01,    6.4000e+01
1.4202e+00,    4.1798e-01,    6.4000e+01
1.4334e+00,    4.2101e-01,    6.4000e+01
1.4466e+00,    4.2406e-01,    6.4000e+01
1.4600e+00,    4.2711e-01,    6.4000e+01
1.4735e+00,    4.3017e-01,    6.4000e+01
1.4872e+00,    4.3325e-01,    6.4000e+01
1.5010e+00,    4.3633e-01,    6.4000e+01
1.5149e+00,    4.3942e-01,    6.4000e+01
1.5289e+00,    4.4251e-01,    6.4000e+01
1.5430e+00,    4.4562e-01,    6.4000e+01
1.5573e+00,    4.4873e-01,    6.4000e+01
1.5717e+00,    4.5185e-01,    6.4000e+01
1.5863e+00,    4.5498e-01,    6.4000e+01
1.6010e+00,    4.5811e-01,    6.4000e+01
1.6158e+00,    4.6125e-01,    6.4000e+01
1.6308e+00,    4.6440e-01,    6.4000e+01
1.6459e+00,    4.6755e-01,    6.4000e+01
1.6611e+00,    4.7071e-01,    6.4000e+01
1.6765e+00,    4.7388e-01,    6.4000e+01
1.6920e+00,    4.7704e-01,    6.4000e+01
1.7077e+00,    4.8022e-01,    6.4000e+01
1.7235e+00,    4.8339e-01,    6.4000e+01
1.7394e+00,    4.8658e-01,    6.4000e+01
1.7555e+00,    4.8976e-01,    6.4000e+01
1.7718e+00,    4.9295e-01,    6.4000e+01
1.7882e+00,    4.9614e-01,    6.4000e+01
1.8048e+00,    4.9934e-01,    6.4000e+01
1.8215e+00,    5.0253e-01,    6.4000e+01
1.8383e+00,    5.0573e-01,    6.4000e+01
1.8553e+00,    5.0893e-01,    6.4000e+01
1.8725e+00,    5.1213e-01,    6.4000e+01
1.8899e+00,    5.1533e-01,    6.4000e+01
1.9074e+00,    5.1854e-01,    6.4000e+01
1.9250e+00,    5.2174e-01,    6.4000e+01
1.9428e+00,    5.2494e-01,    6.4000e+01
1.9608e+00,    5.2814e-01,    6.4000e+01
1.9790e+00,    5.3135e-01,    6.4000e+01
1.9973e+00,    5.3455e-01,    6.4000e+01
2.0158e+00,    5.3774e-01,    6.4000e+01
2.0345e+00,    5.4094e-01,    6.4000e+01
2.0533e+00,    5.4413e-01,    6.4000e+01
2.0723e+00,    5.4732e-01,    6.4000e+01
2.0915e+00,    5.5051e-01,    6.4000e+01
2.1109e+00,    5.5370e-01,    6.4000e+01
2.1304e+00,    5.5688e-01,    6.4000e+01
2.1501e+00,    5.6005e-01,    6.4000e+01
2.1700e+00,    5.6323e-01,    6.4000e+01
2.1901e+00,    5.6639e-01,    6.4000e+01
2.2104e+00,    5.6956e-01,    6.4000e+01
2.2309e+00,    5.7271e-01,    6.4000e+01
2.2515e+00,    5.7586e-01,    6.4000e+01
2.2724e+00,    5.7901e-01,    6.4000e+01
2.2934e+00,    5.8214e-01,    6.4000e+01
2.3147e+00,    5.8527e-01,    6.4000e+01
2.3361e+00,    5.8839e-01,    6.4000e+01
2.3577e+00,    5.9151e-01,    6.4000e+01
2.3795e+00,    5.9462e-01,    6.4000e+01
2.4016e+00,    5.9771e-01,    6.4000e+01
2.4238e+00,    6.0080e-01,    6.4000e+01
2.4462e+00,    6.0388e-01,    6.4000e+01
2.4689e+00,    6.0695e-01,    6.4000e+01
2.4918e+00,    6.1001e-01,    6.4000e+01
2.5148e+00,    6.1306e-01,    6.4000e+01
2.5381e+00,    6.1610e-01,    6.4000e+01
2.5616e+00,    6.1913e-01,    6.4000e+01
2.5853e+00,    6.2215e-01,    6.4000e+01
2.6093e+00,    6.2516e-01,    6.4000e+01
2.6334e+00,    6.2815e-01,    6.4000e+01
2.6578e+00,    6.3114e-01,    6.4000e+01
2.6824e+00,    6.3411e-01,    6.4000e+01
2.7072e+00,    6.3707e-01,    6.4000e+01
2.7323e+00,    6.4001e-01,    6.4000e+01
2.7576e+00,    6.4294e-01,    6.4000e+01
2.7831e+00,    6.4586e-01,    6.4000e+01
2.8089e+00,    6.4877e-01,    6.4000e+01
2.8349e+00,    6.5166e-01,    6.4000e+01
2.8612e+00,    6.5454e-01,    6.4000e+01
2.8877e+00,    6.5740e-01,    6.4000e+01
2.9144e+00,    6.6025e-01,    6.4000e+01
2.9414e+00,    6.6308e-01,    6.4000e+01
2.9686e+00,    6.6590e-01,    6.4000e+01
2.9961e+00,    6.6871e-01,    6.4000e+01
3.0238e+00,    6.7149e-01,    6.4000e+01
3.0518e+00,    6.7427e-01,    6.4000e+01
3.0801e+00,    6.7702e-01,    6.4000e+01
3.1086e+00,    6.7976e-01,    6.4000e+01
3.1374e+00,    6.8249e-01,    6.4000e+01
3.1664e+00,    6.8520e-01,    6.4000e+01
3.1958e+00,    6.8789e-01,    6.4000e+01
3.2253e+00,    6.9056e-01,    6.4000e+01
3.2552e+00,    6.9322e-01,    6.4000e+01
3.2853e+00,    6.9586e-01,    6.4000e+01
3.3158e+00,    6.9849e-01,    6.4000e+01
3.3465e+00,    7.0110e-01,    6.4000e+01
3.3774e+00,    7.0369e-01,    6.4000e+01
3.4087e+00,    7.0626e-01,    6.4000e+01
3.4403e+00,    7.0881e-01,    6.4000e+01
3.4721e+00,    7.1135e-01,    6.4000e+01
3.5043e+00,    7.1387e-01,    6.4000e+01
3.5367e+00,    7.1638e-01,    6.4000e+01
3.5695e+00,    7.1886e-01,    6.4000e+01
3.6025e+00,    7.2133e-01,    6.4000e+01
3.6359e+00,    7.2378e-01,    6.4000e+01
3.6695e+00,    7.2621e-01,    6.4000e+01
3.7035e+00,    7.2862e-01,    6.4000e+01
3.7378e+00,    7.3102e-01,    6.4000e+01
3.7724e+00,    7.3339e-01,    6.4000e+01
3.8073e+00,    7.3575e-01,    6.4000e+01
3.8426e+00,    7.3810e-01,    6.4000e+01
3.8782e+00,    7.4042e-01,    6.4000e+01
3.9141e+00,    7.4272e-01,    6.4000e+01
3.9503e+00,    7.4501e-01,    6.4000e+01
3.9869e+00,    7.4728e-01,    6.4000e+01
4.0238e+00,    7.4953e-01,    6.4000e+01
4.0610e+00,    7.5177e-01,    6.4000e+01
4.0986e+00,    7.5398e-01,    6.4000e+01
4.1366e+00,    7.5618e-01,    6.4000e+01
4.1749e+00,    7.5836e-01,    6.4000e+01
4.2135e+00,    7.6052e-01,    6.4000e+01
4.2526e+00,    7.6266e-01,    6.4000e+01
4.2919e+00,    7.6479e-01,    6.4000e+01
4.3317e+00,    7.6690e-01,    6.4000e+01
4.3718e+00,    7.6899e-01,    6.4000e+01
4.4123e+00,    7.7106e-01,    6.4000e+01
4.4531e+00,    7.7312e-01,    6.4000e+01
4.4943e+00,    7.7516e-01,    6.4000e+01
4.5359e+00,    7.7718e-01,    6.4000e+01
4.5779e+00,    7.7918e-01,    6.4000e+01
4.6203e+00,    7.8117e-01,    6.4000e+01
4.6631e+00,    7.8314e-01,    6.4000e+01
4.7063e+00,    7.8509e-01,    6.4000e+01
4.7499e+00,    7.8703e-01,    6.4000e+01
4.7938e+00,    7.8894e-01,    6.4000e+01
4.8382e+00,    7.9085e-01,    6.4000e+01
4.8830e+00,    7.9273e-01,    6.4000e+01
4.9282e+00,    7.9460e-01,    6.4000e+01
4.9739e+00,    7.9645e-01,    6.4000e+01
5.0199e+00,    7.9829e-01,    6.4000e+01
5.0664e+00,    8.0011e-01,    6.4000e+01
5.1133e+00,    8.0191e-01,    6.4000e+01
5.1606e+00,    8.0370e-01,    6.4000e+01
5.2084e+00,    8.0547e-01,    6.4000e+01
5.2566e+00,    8.0723e-01,    6.4000e+01
5.3053e+00,    8.0897e-01,    6.4000e+01
5.3544e+00,    8.1069e-01,    6.4000e+01
5.4040e+00,    8.1240e-01,    6.4000e+01
5.4540e+00,    8.1409e-01,    6.4000e+01
5.5045e+00,    8.1577e-01,    6.4000e+01
5.5555e+00,    8.1744e-01,    6.4000e+01
5.6069e+00,    8.1908e-01,    6.4000e+01
5.6588e+00,    8.2072e-01,    6.4000e+01
5.7112e+00,    8.2234e-01,    6.4000e+01
5.7641e+00,    8.2394e-01,    6.4000e+01
5.8175e+00,    8.2553e-01,    6.4000e+01
5.8714e+00,    8.2711e-01,    6.4000e+01
5.9257e+00,    8.2867e-01,    6.4000e+01
5.9806e+00,    8.3021e-01,    6.4000e+01
6.0359e+00,    8.3175e-01,    6.4000e+01
6.0918e+00,    8.3327e-01,    6.4000e+01
6.1482e+00,    8.3477e-01,    6.4000e+01
6.2052e+00,    8.3626e-01,    6.4000e+01
6.2626e+00,    8.3774e-01,    6.4000e+01
6.3206e+00,    8.3920e-01,    6.4000e+01
6.3791e+00,    8.4065e-01,    6.4000e+01
6.4382e+00,    8.4209e-01,    6.4000e+01
6.4978e+00,    8.4352e-01,    6.4000e+01
6.5579e+00,    8.4493e-01,    6.4000e+01
6.6187e+00,    8.4633e-01,    6.4000e+01
6.6799e+00,    8.4771e-01,    6.4000e+01
6.7418e+00,    8.4909e-01,    6.4000e+01
6.8042e+00,    8.5045e-01,    6.4000e+01
6.8672e+00,    8.5179e-01,    6.4000e+01
6.9308e+00,    8.5313e-01,    6.4000e+01
6.9950e+00,    8.5445e-01,    6.4000e+01
7.0597e+00,    8.5577e-01,    6.4000e+01
7.1251e+00,    8.5707e-01,    6.4000e+01
7.1911e+00,    8.5835e-01,    6.4000e+01
7.2576e+00,    8.5963e-01,    6.4000e+01
7.3248e+00,    8.6089e-01,    6.4000e+01
7.3927e+00,    8.6215e-01,    6.4000e+01
7.4611e+00,    8.6339e-01,    6.4000e+01
7.5302e+00,    8.6462e-01,    6.4000e+01
7.5999e+00,    8.6583e-01,    6.4000e+01
7.6703e+00,    8.6704e-01,    6.4000e+01
7.7413e+00,    8.6824e-01,    6.4000e+01
7.8130e+00,    8.6942e-01,    6.4000e+01
7.8853e+00,    8.7060e-01,    6.4000e+01
7.9583e+00,    8.7176e-01,    6.4000e+01
8.0320e+00,    8.7291e-01,    6.4000e+01
8.1064e+00,    8.7406e-01,    6.4000e+01
8.1814e+00,    8.7519e-01,    6.4000e+01
8.2572e+00,    8.7631e-01,    6.4000e+01
8.3336e+00,    8.7742e-01,    6.4000e+01
8.4108e+00,    8.7852e-01,    6.4000e+01
8.4886e+00,    8.7961e-01,    6.4000e+01
8.5672e+00,    8.8069e-01,    6.4000e+01
8.6466e+00,    8.8176e-01,    6.4000e+01
8.7266e+00,    8.8283e-01,    6.4000e+01
8.8074e+00,    8.8388e-01,    6.4000e+01
8.8890e+00,    8.8492e-01,    6.4000e+01
8.9713e+00,    8.8595e-01,    6.4000e+01
9.0543e+00,    8.8697e-01,    6.4000e+01
9.1381e+00,    8.8799e-01,    6.4000e+01
9.2228e+00,    8.8899e-01,    6.4000e+01
9.3081e+00,    8.8999e-01,    6.4000e+01
9.3943e+00,    8.9097e-01,    6.4000e+01
9.4813e+00,    8.9195e-01,    6.4000e+01
9.5691e+00,    8.9292e-01,    6.4000e+01
9.6577e+00,    8.9388e-01,    6.4000e+01
9.7471e+00,    8.9483e-01,    6.4000e+01
9.8374e+00,    8.9577e-01,    6.4000e+01
9.9284e+00,    8.9670e-01,    6.4000e+01
1.0020e+01,    8.9762e-01,    6.4000e+01
1.0113e+01,    8.9854e-01,    6.4000e+01
1.0207e+01,    8.9945e-01,    6.4000e+01
1.0301e+01,    9.0035e-01,    6.4000e+01
1.0397e+01,    9.0124e-01,    6.4000e+01
1.0493e+01,    9.0212e-01,    6.4000e+01
1.0590e+01,    9.0299e-01,    6.4000e+01
1.0688e+01,    9.0386e-01,    6.4000e+01
1.0787e+01,    9.0472e-01,    6.4000e+01
1.0887e+01,    9.0557e-01,    6.4000e+01
1.0988e+01,    9.0641e-01,    6.4000e+01
1.1089e+01,    9.0725e-01,    6.4000e+01
1.1192e+01,    9.0808e-01,    6.4000e+01
1.1296e+01,    9.0890e-01,    6.4000e+01
1.1400e+01,    9.0971e-01,    6.4000e+01
1.1506e+01,    9.1051e-01,    6.4000e+01
1.1612e+01,    9.1131e-01,    6.4000e+01
1.1720e+01,    9.1210e-01,    6.4000e+01
1.1828e+01,    9.1288e-01,    6.4000e+01
1.1938e+01,    9.1366e-01,    6.4000e+01
1.2049e+01,    9.1443e-01,    6.4000e+01
1.2160e+01,    9.1519e-01,    6.4000e+01
1.2273e+01,    9.1595e-01,    6.4000e+01
1.2386e+01,    9.1669e-01,    6.4000e+01
1.2501e+01,    9.1743e-01,    6.4000e+01
1.2617e+01,    9.1817e-01,    6.4000e+01
1.2734e+01,    9.1890e-01,    6.4000e+01
1.2851e+01,    9.1962e-01,    6.4000e+01
1.2970e+01,    9.2033e-01,    6.4000e+01
1.3090e+01,    9.2104e-01,    6.4000e+01
1.3212e+01,    9.2174e-01,    6.4000e+01
1.3334e+01,    9.2243e-01,    6.4000e+01
1.3457e+01,    9.2312e-01,    6.4000e+01
1.3582e+01,    9.2381e-01,    6.4000e+01
1.3708e+01,    9.2448e-01,    6.4000e+01
1.3835e+01,    9.2515e-01,    6.4000e+01
1.3963e+01,    9.2581e-01,    6.4000e+01
1.4092e+01,    9.2647e-01,    6.4000e+01
1.4223e+01,    9.2712e-01,    6.4000e+01
1.4354e+01,    9.2777e-01,    6.4000e+01
1.4487e+01,    9.2841e-01,    6.4000e+01
1.4621e+01,    9.2904e-01,    6.4000e+01
1.4757e+01,    9.2967e-01,    6.4000e+01
1.4893e+01,    9.3029e-01,    6.4000e+01
1.5031e+01,    9.3091e-01,    6.4000e+01
1.5170e+01,    9.3152e-01,    6.4000e+01
1.5311e+01,    9.3212e-01,    6.4000e+01
1.5453e+01,    9.3272e-01,    6.4000e+01
1.5596e+01,    9.3332e-01,    6.4000e+01
1.5740e+01,    9.3391e-01,    6.4000e+01
1.5886e+01,    9.3449e-01,    6.4000e+01
1.6033e+01,    9.3507e-01,    6.4000e+01
1.6181e+01,    9.3564e-01,    6.4000e+01
1.6331e+01,    9.3621e-01,    6.4000e+01
1.6482e+01,    9.3677e-01,    6.4000e+01
1.6635e+01,    9.3733e-01,    6.4000e+01
1.6789e+01,    9.3788e-01,    6.4000e+01
1.6944e+01,    9.3842e-01,    6.4000e+01
1.7101e+01,    9.3897e-01,    6.4000e+01
1.7260e+01,    9.3950e-01,    6.4000e+01
1.7419e+01,    9.4003e-01,    6.4000e+01
1.7581e+01,    9.4056e-01,    6.4000e+01
1.7743e+01,    9.4108e-01,    6.4000e+01
1.7908e+01,    9.4160e-01,    6.4000e+01
1.8074e+01,    9.4211e-01,    6.4000e+01
1.8241e+01,    9.4262e-01,    6.4000e+01
1.8410e+01,    9.4313e-01,    6.4000e+01
1.8580e+01,    9.4362e-01,    6.4000e+01
1.8752e+01,    9.4412e-01,    6.4000e+01
1.8926e+01,    9.4461e-01,    6.4000e+01
1.9101e+01,    9.4509e-01,    6.4000e+01
1.9278e+01,    9.4557e-01,    6.4000e+01
1.9456e+01,    9.4605e-01,    6.4000e+01
1.9637e+01,    9.4652e-01,    6.4000e+01
1.9818e+01,    9.4699e-01,    6.4000e+01
2.0002e+01,    9.4745e-01,    6.4000e+01
2.0187e+01,    9.4791e-01,    6.4000e+01
2.0374e+01,    9.4837e-01,    6.4000e+01
2.0563e+01,    9.4882e-01,    6.4000e+01
2.0753e+01,    9.4926e-01,    6.4000e+01
2.0945e+01,    9.4971e-01,    6.4000e+01
2.1139e+01,    9.5015e-01,    6.4000e+01
2.1335e+01,    9.5058e-01,    6.4000e+01
2.1532e+01,    9.5101e-01,    6.4000e+01
2.1732e+01,    9.5144e-01,    6.4000e+01
2.1933e+01,    9.5186e-01,    6.4000e+01
2.2136e+01,    9.5228e-01,    6.4000e+01
2.2341e+01,    9.5269e-01,    6.4000e+01
2.2548e+01,    9.5310e-01,    6.4000e+01
2.2757e+01,    9.5351e-01,    6.4000e+01
2.2967e+01,    9.5392e-01,    6.4000e+01
2.3180e+01,    9.5432e-01,    6.4000e+01
2.3394e+01,    9.5471e-01,    6.4000e+01
2.3611e+01,    9.5510e-01,    6.4000e+01
2.3830e+01,    9.5549e-01,    6.4000e+01
2.4050e+01,    9.5588e-01,    6.4000e+01
2.4273e+01,    9.5626e-01,    6.4000e+01
2.4498e+01,    9.5664e-01,    6.4000e+01
2.4725e+01,    9.5702e-01,    6.4000e+01
2.4953e+01,    9.5739e-01,    6.4000e+01
2.5184e+01,    9.5776e-01,    6.4000e+01
2.5418e+01,    9.5812e-01,    6.4000e+01
2.5653e+01,    9.5848e-01,    6.4000e+01
2.5891e+01,    9.5884e-01,    6.4000e+01
2.6130e+01,    9.5919e-01,    6.4000e+01
2.6372e+01,    9.5955e-01,    6.4000e+01
2.6616e+01,    9.5989e-01,    6.4000e+01
2.6863e+01,    9.6024e-01,    6.4000e+01
2.7111e+01,    9.6058e-01,    6.4000e+01
2.7363e+01,    9.6092e-01,    6.4000e+01
2.7616e+01,    9.6126e-01,    6.4000e+01
2.7872e+01,    9.6159e-01,    6.4000e+01
2.8130e+01,    9.6192e-01,    6.4000e+01
2.8390e+01,    9.6225e-01,    6.4000e+01
2.8653e+01,    9.6257e-01,    6.4000e+01
2.8918e+01,    9.6289e-01,    6.4000e+01
2.9186e+01,    9.6321e-01,    6.4000e+01
2.9456e+01,    9.6352e-01,    6.4000e+01
2.9729e+01,    9.6384e-01,    6.4000e+01
3.0004e+01,    9.6415e-01,    6.4000e+01
3.0282e+01,    9.6445e-01,    6.4000e+01
3.0562e+01,    9.6476e-01,    6.4000e+01
3.0845e+01,    9.6506e-01,    6.4000e+01
3.1131e+01,    9.6535e-01,    6.4000e+01
3.1419e+01,    9.6565e-01,    6.4000e+01
3.1710e+01,    9.6594e-01,    6.4000e+01
3.2004e+01,    9.6623e-01,    6.4000e+01
3.2300e+01,    9.6652e-01,    6.4000e+01
3.2599e+01,    9.6680e-01,    6.4000e+01
3.2901e+01,    9.6709e-01,    6.4000e+01
3.3205e+01,    9.6737e-01,    6.4000e+01
3.3513e+01,    9.6764e-01,    6.4000e+01
3.3823e+01,    9.6792e-01,    6.4000e+01
3.4136e+01,    9.6819e-01,    6.4000e+01
3.4452e+01,    9.6846e-01,    6.4000e+01
3.4771e+01,    9.6873e-01,    6.4000e+01
3.5093e+01,    9.6899e-01,    6.4000e+01
3.5418e+01,    9.6925e-01,    6.4000e+01
3.5746e+01,    9.6951e-01,    6.4000e+01
3.6077e+01,    9.6977e-01,    6.4000e+01
3.6411e+01,    9.7003e-01,    6.4000e+01
3.6748e+01,    9.7028e-01,    6.4000e+01
3.7088e+01,    9.7053e-01,    6.4000e+01
3.7432e+01,    9.7078e-01,    6.4000e+01
3.7778e+01,    9.7102e-01,    6.4000e+01
3.8128e+01,    9.7127e-01,    6.4000e+01
3.8481e+01,    9.7151e-01,    6.4000e+01
3.8837e+01,    9.7175e-01,    6.4000e+01
3.9197e+01,    9.7198e-01,    6.4000e+01
3.9560e+01,    9.7222e-01,    6.4000e+01
3.9926e+01,    9.7245e-01,    6.4000e+01
4.0296e+01,    9.7268e-01,    6.4000e+01
4.0669e+01,    9.7291e-01,    6.4000e+01
4.1046e+01,    9.7314e-01,    6.4000e+01
4.1426e+01,    9.7336e-01,    6.4000e+01
4.1809e+01,    9.7358e-01,    6.4000e+01
4.2196e+01,    9.7381e-01,    6.4000e+01
4.2587e+01,    9.7402e-01,    6.4000e+01
4.2981e+01,    9.7424e-01,    6.4000e+01
4.3379e+01,    9.7445e-01,    6.4000e+01
4.3781e+01,    9.7467e-01,    6.4000e+01
4.4186e+01,    9.7488e-01,    6.4000e+01
4.4595e+01,    9.7509e-01,    6.4000e+01
4.5008e+01,    9.7529e-01,    6.4000e+01
4.5425e+01,    9.7550e-01,    6.4000e+01
4.5845e+01,    9.7570e-01,    6.4000e+01
4.6270e+01,    9.7590e-01,    6.4000e+01
4.6698e+01,    9.7610e-01,    6.4000e+01
4.7131e+01,    9.7630e-01,    6.4000e+01
4.7567e+01,    9.7649e-01,    6.4000e+01
4.8007e+01,    9.7669e-01,    6.4000e+01
4.8452e+01,    9.7688e-01,    6.4000e+01
4.8901e+01,    9.7707e-01,    6.4000e+01
4.9353e+01,    9.7726e-01,    6.4000e+01
4.9810e+01,    9.7745e-01,    6.4000e+01
5.0271e+01,    9.7763e-01,    6.4000e+01
5.0737e+01,    9.7781e-01,    6.4000e+01
5.1207e+01,    9.7800e-01,    6.4000e+01
5.1681e+01,    9.7818e-01,    6.4000e+01
5.2159e+01,    9.7836e-01,    6.4000e+01
5.2642e+01,    9.7853e-01,    6.4000e+01
5.3130e+01,    9.7871e-01,    6.4000e+01
5.3621e+01,    9.7888e-01,    6.4000e+01
5.4118e+01,    9.7905e-01,    6.4000e+01
5.4619e+01,    9.7922e-01,    6.4000e+01
5.5125e+01,    9.7939e-01,    6.4000e+01
5.5635e+01,    9.7956e-01,    6.4000e+01
5.6150e+01,    9.7973e-01,    6.4000e+01
5.6670e+01,    9.7989e-01,    6.4000e+01
5.7195e+01,    9.8006e-01,    6.4000e+01
5.7724e+01,    9.8022e-01,    6.4000e+01
5.8259e+01,    9.8038e-01,    6.4000e+01
5.8798e+01,    9.8054e-01,    6.4000e+01
5.9343e+01,    9.8069e-01,    6.4000e+01
5.9892e+01,    9.8085e-01,    6.4000e+01
6.0446e+01,    9.8100e-01,    6.4000e+01
6.1006e+01,    9.8116e-01,    6.4000e+01
6.1571e+01,    9.8131e-01,    6.4000e+01
6.2141e+01,    9.8146e-01,    6.4000e+01
6.2716e+01,    9.8161e-01,    6.4000e+01
6.3297e+01,    9.8175e-01,    6.4000e+01
6.3883e+01,    9.8190e-01,    6.4000e+01
6.4475e+01,    9.8205e-01,    6.4000e+01
6.5072e+01,    9.8219e-01,    6.4000e+01
6.5674e+01,    9.8233e-01,    6.4000e+01
6.6282e+01,    9.8247e-01,    6.4000e+01
6.6896e+01,    9.8261e-01,    6.4000e+01
6.7515e+01,    9.8275e-01,    6.4000e+01
6.8140e+01,    9.8289e-01,    6.4000e+01
6.8771e+01,    9.8302e-01,    6.4000e+01
6.9408e+01,    9.8316e-01,    6.4000e+01
7.0050e+01,    9.8329e-01,    6.4000e+01
7.0699e+01,    9.8343e-01,    6.4000e+01
7.1354e+01,    9.8356e-01,    6.4000e+01
7.2014e+01,    9.8369e-01,    6.4000e+01
7.2681e+01,    9.8382e-01,    6.4000e+01
7.3354e+01,    9.8394e-01,    6.4000e+01
7.4033e+01,    9.8407e-01,    6.4000e+01
7.4719e+01,    9.8419e-01,    6.4000e+01
7.5410e+01,    9.8432e-01,    6.4000e+01
7.6109e+01,    9.8444e-01,    6.4000e+01
7.6813e+01,    9.8456e-01,    6.4000e+01
7.7524e+01,    9.8469e-01,    6.4000e+01
7.8242e+01,    9.8481e-01,    6.4000e+01
7.8967e+01,    9.8492e-01,    6.4000e+01
7.9698e+01,    9.8504e-01,    6.4000e+01
8.0436e+01,    9.8516e-01,    6.4000e+01
8.1180e+01,    9.8527e-01,    6.4000e+01
8.1932e+01,    9.8539e-01,    6.4000e+01
8.2691e+01,    9.8550e-01,    6.4000e+01
8.3456e+01,    9.8562e-01,    6.4000e+01
8.4229e+01,    9.8573e-01,    6.4000e+01
8.5009e+01,    9.8584e-01,    6.4000e+01
8.5796e+01,    9.8595e-01,    6.4000e+01
8.6590e+01,    9.8606e-01,    6.4000e+01
8.7392e+01,    9.8616e-01,    6.4000e+01
8.8201e+01,    9.8627e-01,    6.4000e+01
8.9018e+01,    9.8638e-01,    6.4000e+01
8.9842e+01,    9.8648e-01,    6.4000e+01
9.0674e+01,    9.8658e-01,    6.4000e+01
9.1513e+01,    9.8669e-01,    6.4000e+01
9.2360e+01,    9.8679e-01,    6.4000e+01
9.3216e+01,    9.8689e-01,    6.4000e+01
9.4079e+01,    9.8699e-01,    6.4000e+01
9.4950e+01,    9.8709e-01,    6.4000e+01
9.5829e+01,    9.8719e-01,    6.4000e+01
9.6716e+01,    9.8729e-01,    6.4000e+01
9.7612e+01,    9.8738e-01,    6.4000e+01
9.8515e+01,    9.8748e-01,    6.4000e+01
9.9427e+01,    9.8757e-01,    6.4000e+01
1.0035e+02,    9.8767e-01,    6.4000e+01
1.0128e+02,    9.8776e-01,    6.4000e+01
