# Force βfL, Extension z/L, Persistence Length λ
1.0029e-02,    3.3085e-03,    3.2000e+01
1.0122e-02,    3.3390e-03,    3.2000e+01
1.0216e-02,    3.3699e-03,    3.2000e+01
1.0310e-02,    3.4011e-03,    3.2000e+01
1.0406e-02,    3.4326e-03,    3.2000e+01
1.0502e-02,    3.4644e-03,    3.2000e+01
1.0599e-02,    3.4966e-03,    3.2000e+01
1.0697e-02,    3.5290e-03,    3.2000e+01
1.0796e-02,    3.5616e-03,    3.2000e+01
1.0896e-02,    3.5946e-03,    3.2000e+01
1.0997e-02,    3.6279e-03,    3.2000e+01
1.1099e-02,    3.6615e-03,    3.2000e+01
1.1202e-02,    3.6953e-03,    3.2000e+01
1.1306e-02,    3.7294e-03,    3.2000e+01
1.1410e-02,    3.7641e-03,    3.2000e+01
1.1516e-02,    3.7989e-03,    3.2000e+01
1.1623e-02,    3.8340e-03,    3.2000e+01
1.1730e-02,    3.8697e-03,    3.2000e+01
1.1839e-02,    3.9054e-03,    3.2000e+01
1.1948e-02,    3.9414e-03,    3.2000e+01
1.2059e-02,    3.9781e-03,    3.2000e+01
1.2171e-02,    4.0150e-03,    3.2000e+01
1.2283e-02,    4.0521e-03,    3.2000e+01
1.2397e-02,    4.0895e-03,    3.2000e+01
1.2512e-02,    4.1275e-03,    3.2000e+01
1.2628e-02,    4.1657e-03,    3.2000e+01
1.2745e-02,    4.2042e-03,    3.2000e+01
1.2863e-02,    4.2431e-03,    3.2000e+01
1.2982e-02,    4.2824e-03,    3.2000e+01
1.3102e-02,    4.3222e-03,    3.2000e+01
1.3223e-02,    4.3621e-03,    3.2000e+01
1.3346e-02,    4.4024e-03,    3.2000e+01
1.3469e-02,    4.4433e-03,    3.2000e+01
1.3594e-02,    4.4843e-03,    3.2000e+01
1.3720e-02,    4.5259e-03,    3.2000e+01
1.3847e-02,    4.5679e-03,    3.2000e+01
1.3975e-02,    4.6102e-03,    3.2000e+01
1.4104e-02,    4.6527e-03,    3.2000e+01
1.4235e-02,    4.6958e-03,    3.2000e+01
1.4367e-02,    4.7394e-03,    3.2000e+01
1.4500e-02,    4.7832e-03,    3.2000e+01
1.4634e-02,    4.8275e-03,    3.2000e+01
1.4769e-02,    4.8722e-03,    3.2000e+01
1.4906e-02,    4.9173e-03,    3.2000e+01
1.5044e-02,    4.9629e-03,    3.2000e+01
1.5184e-02,    5.0088e-03,    3.2000e+01
1.5324e-02,    5.0552e-03,    3.2000e+01
1.5466e-02,    5.1020e-03,    3.2000e+01
1.5609e-02,    5.1492e-03,    3.2000e+01
1.5754e-02,    5.1970e-03,    3.2000e+01
1.5900e-02,    5.2450e-03,    3.2000e+01
1.6047e-02,    5.2934e-03,    3.2000e+01
1.6195e-02,    5.3426e-03,    3.2000e+01
1.6345e-02,    5.3921e-03,    3.2000e+01
1.6497e-02,    5.4419e-03,    3.2000e+01
1.6649e-02,    5.4923e-03,    3.2000e+01
1.6804e-02,    5.5431e-03,    3.2000e+01
1.6959e-02,    5.5944e-03,    3.2000e+01
1.7116e-02,    5.6463e-03,    3.2000e+01
1.7275e-02,    5.6986e-03,    3.2000e+01
1.7435e-02,    5.7513e-03,    3.2000e+01
1.7596e-02,    5.8046e-03,    3.2000e+01
1.7759e-02,    5.8584e-03,    3.2000e+01
1.7923e-02,    5.9126e-03,    3.2000e+01
1.8089e-02,    5.9672e-03,    3.2000e+01
1.8257e-02,    6.0226e-03,    3.2000e+01
1.8426e-02,    6.0783e-03,    3.2000e+01
1.8596e-02,    6.1345e-03,    3.2000e+01
1.8769e-02,    6.1914e-03,    3.2000e+01
1.8942e-02,    6.2487e-03,    3.2000e+01
1.9118e-02,    6.3065e-03,    3.2000e+01
1.9295e-02,    6.3649e-03,    3.2000e+01
1.9473e-02,    6.4238e-03,    3.2000e+01
1.9654e-02,    6.4834e-03,    3.2000e+01
1.9836e-02,    6.5434e-03,    3.2000e+01
2.0019e-02,    6.6039e-03,    3.2000e+01
2.0205e-02,    6.6651e-03,    3.2000e+01
2.0392e-02,    6.7268e-03,    3.2000e+01
2.0580e-02,    6.7890e-03,    3.2000e+01
2.0771e-02,    6.8519e-03,    3.2000e+01
2.0963e-02,    6.9153e-03,    3.2000e+01
2.1157e-02,    6.9793e-03,    3.2000e+01
2.1353e-02,    7.0439e-03,    3.2000e+01
2.1551e-02,    7.1092e-03,    3.2000e+01
2.1751e-02,    7.1751e-03,    3.2000e+01
2.1952e-02,    7.2415e-03,    3.2000e+01
2.2155e-02,    7.3085e-03,    3.2000e+01
2.2360e-02,    7.3762e-03,    3.2000e+01
2.2567e-02,    7.4444e-03,    3.2000e+01
2.2776e-02,    7.5133e-03,    3.2000e+01
2.2987e-02,    7.5829e-03,    3.2000e+01
2.3200e-02,    7.6531e-03,    3.2000e+01
2.3415e-02,    7.7240e-03,    3.2000e+01
2.3632e-02,    7.7954e-03,    3.2000e+01
2.3850e-02,    7.8677e-03,    3.2000e+01
2.4071e-02,    7.9405e-03,    3.2000e+01
2.4294e-02,    8.0140e-03,    3.2000e+01
2.4519e-02,    8.0882e-03,    3.2000e+01
2.4746e-02,    8.1630e-03,    3.2000e+01
2.4975e-02,    8.2386e-03,    3.2000e+01
2.5206e-02,    8.3150e-03,    3.2000e+01
2.5440e-02,    8.3919e-03,    3.2000e+01
2.5675e-02,    8.4696e-03,    3.2000e+01
2.5913e-02,    8.5480e-03,    3.2000e+01
2.6153e-02,    8.6271e-03,    3.2000e+01
2.6395e-02,    8.7070e-03,    3.2000e+01
2.6639e-02,    8.7876e-03,    3.2000e+01
2.6886e-02,    8.8690e-03,    3.2000e+01
2.7135e-02,    8.9511e-03,    3.2000e+01
2.7386e-02,    9.0340e-03,    3.2000e+01
2.7640e-02,    9.1175e-03,    3.2000e+01
2.7896e-02,    9.2020e-03,    3.2000e+01
2.8154e-02,    9.2872e-03,    3.2000e+01
2.8415e-02,    9.3732e-03,    3.2000e+01
2.8678e-02,    9.4600e-03,    3.2000e+01
2.8943e-02,    9.5475e-03,    3.2000e+01
2.9211e-02,    9.6358e-03,    3.2000e+01
2.9482e-02,    9.7251e-03,    3.2000e+01
2.9755e-02,    9.8152e-03,    3.2000e+01
3.0030e-02,    9.9060e-03,    3.2000e+01
3.0308e-02,    9.9977e-03,    3.2000e+01
3.0589e-02,    1.0090e-02,    3.2000e+01
3.0872e-02,    1.0184e-02,    3.2000e+01
3.1158e-02,    1.0278e-02,    3.2000e+01
3.1446e-02,    1.0373e-02,    3.2000e+01
3.1738e-02,    1.0469e-02,    3.2000e+01
3.2031e-02,    1.0566e-02,    3.2000e+01
3.2328e-02,    1.0664e-02,    3.2000e+01
3.2627e-02,    1.0763e-02,    3.2000e+01
3.2929e-02,    1.0862e-02,    3.2000e+01
3.3234e-02,    1.0963e-02,    3.2000e+01
3.3542e-02,    1.1064e-02,    3.2000e+01
3.3852e-02,    1.1167e-02,    3.2000e+01
3.4166e-02,    1.1270e-02,    3.2000e+01
3.4482e-02,    1.1374e-02,    3.2000e+01
3.4801e-02,    1.1480e-02,    3.2000e+01
3.5124e-02,    1.1586e-02,    3.2000e+01
3.5449e-02,    1.1693e-02,    3.2000e+01
3.5777e-02,    1.1801e-02,    3.2000e+01
3.6108e-02,    1.1911e-02,    3.2000e+01
3.6443e-02,    1.2021e-02,    3.2000e+01
3.6780e-02,    1.2132e-02,    3.2000e+01
3.7121e-02,    1.2245e-02,    3.2000e+01
3.7464e-02,    1.2358e-02,    3.2000e+01
3.7811e-02,    1.2472e-02,    3.2000e+01
3.8161e-02,    1.2588e-02,    3.2000e+01
3.8515e-02,    1.2704e-02,    3.2000e+01
3.8871e-02,    1.2822e-02,    3.2000e+01
3.9231e-02,    1.2941e-02,    3.2000e+01
3.9594e-02,    1.3060e-02,    3.2000e+01
3.9961e-02,    1.3181e-02,    3.2000e+01
4.0331e-02,    1.3303e-02,    3.2000e+01
4.0704e-02,    1.3426e-02,    3.2000e+01
4.1081e-02,    1.3551e-02,    3.2000e+01
4.1462e-02,    1.3676e-02,    3.2000e+01
4.1845e-02,    1.3803e-02,    3.2000e+01
4.2233e-02,    1.3930e-02,    3.2000e+01
4.2624e-02,    1.4059e-02,    3.2000e+01
4.3019e-02,    1.4190e-02,    3.2000e+01
4.3417e-02,    1.4321e-02,    3.2000e+01
4.3819e-02,    1.4453e-02,    3.2000e+01
4.4224e-02,    1.4587e-02,    3.2000e+01
4.4634e-02,    1.4722e-02,    3.2000e+01
4.5047e-02,    1.4859e-02,    3.2000e+01
4.5464e-02,    1.4996e-02,    3.2000e+01
4.5885e-02,    1.5135e-02,    3.2000e+01
4.6310e-02,    1.5275e-02,    3.2000e+01
4.6739e-02,    1.5416e-02,    3.2000e+01
4.7172e-02,    1.5559e-02,    3.2000e+01
4.7608e-02,    1.5703e-02,    3.2000e+01
4.8049e-02,    1.5848e-02,    3.2000e+01
4.8494e-02,    1.5995e-02,    3.2000e+01
4.8943e-02,    1.6143e-02,    3.2000e+01
4.9396e-02,    1.6293e-02,    3.2000e+01
4.9853e-02,    1.6443e-02,    3.2000e+01
5.0315e-02,    1.6596e-02,    3.2000e+01
5.0781e-02,    1.6749e-02,    3.2000e+01
5.1251e-02,    1.6904e-02,    3.2000e+01
5.1726e-02,    1.7061e-02,    3.2000e+01
5.2204e-02,    1.7219e-02,    3.2000e+01
5.2688e-02,    1.7378e-02,    3.2000e+01
5.3176e-02,    1.7539e-02,    3.2000e+01
5.3668e-02,    1.7701e-02,    3.2000e+01
5.4165e-02,    1.7865e-02,    3.2000e+01
5.4666e-02,    1.8030e-02,    3.2000e+01
5.5173e-02,    1.8197e-02,    3.2000e+01
5.5683e-02,    1.8365e-02,    3.2000e+01
5.6199e-02,    1.8535e-02,    3.2000e+01
5.6719e-02,    1.8707e-02,    3.2000e+01
5.7244e-02,    1.8880e-02,    3.2000e+01
5.7774e-02,    1.9055e-02,    3.2000e+01
5.8309e-02,    1.9231e-02,    3.2000e+01
5.8849e-02,    1.9409e-02,    3.2000e+01
5.9394e-02,    1.9589e-02,    3.2000e+01
5.9944e-02,    1.9770e-02,    3.2000e+01
6.0499e-02,    1.9953e-02,    3.2000e+01
6.1059e-02,    2.0138e-02,    3.2000e+01
6.1624e-02,    2.0324e-02,    3.2000e+01
6.2195e-02,    2.0512e-02,    3.2000e+01
6.2771e-02,    2.0702e-02,    3.2000e+01
6.3352e-02,    2.0894e-02,    3.2000e+01
6.3939e-02,    2.1087e-02,    3.2000e+01
6.4531e-02,    2.1282e-02,    3.2000e+01
6.5128e-02,    2.1479e-02,    3.2000e+01
6.5731e-02,    2.1678e-02,    3.2000e+01
6.6340e-02,    2.1878e-02,    3.2000e+01
6.6954e-02,    2.2081e-02,    3.2000e+01
6.7574e-02,    2.2285e-02,    3.2000e+01
6.8199e-02,    2.2491e-02,    3.2000e+01
6.8831e-02,    2.2699e-02,    3.2000e+01
6.9468e-02,    2.2909e-02,    3.2000e+01
7.0111e-02,    2.3121e-02,    3.2000e+01
7.0760e-02,    2.3335e-02,    3.2000e+01
7.1416e-02,    2.3551e-02,    3.2000e+01
7.2077e-02,    2.3769e-02,    3.2000e+01
7.2744e-02,    2.3989e-02,    3.2000e+01
7.3418e-02,    2.4211e-02,    3.2000e+01
7.4097e-02,    2.4435e-02,    3.2000e+01
7.4783e-02,    2.4661e-02,    3.2000e+01
7.5476e-02,    2.4889e-02,    3.2000e+01
7.6175e-02,    2.5119e-02,    3.2000e+01
7.6880e-02,    2.5352e-02,    3.2000e+01
7.7592e-02,    2.5586e-02,    3.2000e+01
7.8310e-02,    2.5823e-02,    3.2000e+01
7.9035e-02,    2.6062e-02,    3.2000e+01
7.9767e-02,    2.6303e-02,    3.2000e+01
8.0505e-02,    2.6546e-02,    3.2000e+01
8.1251e-02,    2.6792e-02,    3.2000e+01
8.2003e-02,    2.7040e-02,    3.2000e+01
8.2762e-02,    2.7290e-02,    3.2000e+01
8.3529e-02,    2.7542e-02,    3.2000e+01
8.4302e-02,    2.7797e-02,    3.2000e+01
8.5083e-02,    2.8054e-02,    3.2000e+01
8.5870e-02,    2.8314e-02,    3.2000e+01
8.6665e-02,    2.8576e-02,    3.2000e+01
8.7468e-02,    2.8840e-02,    3.2000e+01
8.8278e-02,    2.9107e-02,    3.2000e+01
8.9095e-02,    2.9376e-02,    3.2000e+01
8.9920e-02,    2.9648e-02,    3.2000e+01
9.0752e-02,    2.9922e-02,    3.2000e+01
9.1593e-02,    3.0199e-02,    3.2000e+01
9.2441e-02,    3.0478e-02,    3.2000e+01
9.3297e-02,    3.0760e-02,    3.2000e+01
9.4160e-02,    3.1044e-02,    3.2000e+01
9.5032e-02,    3.1331e-02,    3.2000e+01
9.5912e-02,    3.1621e-02,    3.2000e+01
9.6800e-02,    3.1913e-02,    3.2000e+01
9.7696e-02,    3.2208e-02,    3.2000e+01
9.8601e-02,    3.2506e-02,    3.2000e+01
9.9514e-02,    3.2807e-02,    3.2000e+01
1.0044e-01,    3.3110e-02,    3.2000e+01
1.0136e-01,    3.3416e-02,    3.2000e+01
1.0230e-01,    3.3725e-02,    3.2000e+01
1.0325e-01,    3.4037e-02,    3.2000e+01
1.0421e-01,    3.4352e-02,    3.2000e+01
1.0517e-01,    3.4669e-02,    3.2000e+01
1.0615e-01,    3.4990e-02,    3.2000e+01
1.0713e-01,    3.5313e-02,    3.2000e+01
1.0812e-01,    3.5640e-02,    3.2000e+01
1.0912e-01,    3.5969e-02,    3.2000e+01
1.1013e-01,    3.6302e-02,    3.2000e+01
1.1115e-01,    3.6637e-02,    3.2000e+01
1.1218e-01,    3.6976e-02,    3.2000e+01
1.1322e-01,    3.7318e-02,    3.2000e+01
1.1427e-01,    3.7663e-02,    3.2000e+01
1.1532e-01,    3.8011e-02,    3.2000e+01
1.1639e-01,    3.8362e-02,    3.2000e+01
1.1747e-01,    3.8717e-02,    3.2000e+01
1.1856e-01,    3.9075e-02,    3.2000e+01
1.1966e-01,    3.9436e-02,    3.2000e+01
1.2076e-01,    3.9800e-02,    3.2000e+01
1.2188e-01,    4.0168e-02,    3.2000e+01
1.2301e-01,    4.0539e-02,    3.2000e+01
1.2415e-01,    4.0914e-02,    3.2000e+01
1.2530e-01,    4.1292e-02,    3.2000e+01
1.2646e-01,    4.1673e-02,    3.2000e+01
1.2763e-01,    4.2058e-02,    3.2000e+01
1.2881e-01,    4.2447e-02,    3.2000e+01
1.3000e-01,    4.2839e-02,    3.2000e+01
1.3121e-01,    4.3235e-02,    3.2000e+01
1.3242e-01,    4.3634e-02,    3.2000e+01
1.3365e-01,    4.4037e-02,    3.2000e+01
1.3489e-01,    4.4444e-02,    3.2000e+01
1.3613e-01,    4.4854e-02,    3.2000e+01
1.3739e-01,    4.5269e-02,    3.2000e+01
1.3867e-01,    4.5687e-02,    3.2000e+01
1.3995e-01,    4.6109e-02,    3.2000e+01
1.4125e-01,    4.6534e-02,    3.2000e+01
1.4255e-01,    4.6964e-02,    3.2000e+01
1.4387e-01,    4.7398e-02,    3.2000e+01
1.4521e-01,    4.7835e-02,    3.2000e+01
1.4655e-01,    4.8277e-02,    3.2000e+01
1.4791e-01,    4.8723e-02,    3.2000e+01
1.4928e-01,    4.9172e-02,    3.2000e+01
1.5066e-01,    4.9626e-02,    3.2000e+01
1.5205e-01,    5.0084e-02,    3.2000e+01
1.5346e-01,    5.0547e-02,    3.2000e+01
1.5488e-01,    5.1013e-02,    3.2000e+01
1.5632e-01,    5.1484e-02,    3.2000e+01
1.5776e-01,    5.1959e-02,    3.2000e+01
1.5922e-01,    5.2439e-02,    3.2000e+01
1.6070e-01,    5.2923e-02,    3.2000e+01
1.6219e-01,    5.3411e-02,    3.2000e+01
1.6369e-01,    5.3904e-02,    3.2000e+01
1.6520e-01,    5.4401e-02,    3.2000e+01
1.6673e-01,    5.4903e-02,    3.2000e+01
1.6828e-01,    5.5409e-02,    3.2000e+01
1.6984e-01,    5.5920e-02,    3.2000e+01
1.7141e-01,    5.6436e-02,    3.2000e+01
1.7299e-01,    5.6956e-02,    3.2000e+01
1.7460e-01,    5.7482e-02,    3.2000e+01
1.7621e-01,    5.8012e-02,    3.2000e+01
1.7784e-01,    5.8547e-02,    3.2000e+01
1.7949e-01,    5.9086e-02,    3.2000e+01
1.8115e-01,    5.9631e-02,    3.2000e+01
1.8283e-01,    6.0181e-02,    3.2000e+01
1.8452e-01,    6.0736e-02,    3.2000e+01
1.8623e-01,    6.1295e-02,    3.2000e+01
1.8796e-01,    6.1860e-02,    3.2000e+01
1.8970e-01,    6.2430e-02,    3.2000e+01
1.9145e-01,    6.3006e-02,    3.2000e+01
1.9322e-01,    6.3586e-02,    3.2000e+01
1.9501e-01,    6.4172e-02,    3.2000e+01
1.9682e-01,    6.4763e-02,    3.2000e+01
1.9864e-01,    6.5359e-02,    3.2000e+01
2.0048e-01,    6.5961e-02,    3.2000e+01
2.0234e-01,    6.6569e-02,    3.2000e+01
2.0421e-01,    6.7182e-02,    3.2000e+01
2.0610e-01,    6.7800e-02,    3.2000e+01
2.0801e-01,    6.8425e-02,    3.2000e+01
2.0994e-01,    6.9055e-02,    3.2000e+01
2.1188e-01,    6.9690e-02,    3.2000e+01
2.1384e-01,    7.0332e-02,    3.2000e+01
2.1582e-01,    7.0979e-02,    3.2000e+01
2.1782e-01,    7.1632e-02,    3.2000e+01
2.1984e-01,    7.2291e-02,    3.2000e+01
2.2187e-01,    7.2956e-02,    3.2000e+01
2.2393e-01,    7.3627e-02,    3.2000e+01
2.2600e-01,    7.4304e-02,    3.2000e+01
2.2809e-01,    7.4987e-02,    3.2000e+01
2.3020e-01,    7.5677e-02,    3.2000e+01
2.3233e-01,    7.6373e-02,    3.2000e+01
2.3449e-01,    7.7075e-02,    3.2000e+01
2.3666e-01,    7.7783e-02,    3.2000e+01
2.3885e-01,    7.8498e-02,    3.2000e+01
2.4106e-01,    7.9219e-02,    3.2000e+01
2.4329e-01,    7.9947e-02,    3.2000e+01
2.4554e-01,    8.0681e-02,    3.2000e+01
2.4782e-01,    8.1422e-02,    3.2000e+01
2.5011e-01,    8.2170e-02,    3.2000e+01
2.5243e-01,    8.2925e-02,    3.2000e+01
2.5476e-01,    8.3686e-02,    3.2000e+01
2.5712e-01,    8.4454e-02,    3.2000e+01
2.5950e-01,    8.5229e-02,    3.2000e+01
2.6191e-01,    8.6011e-02,    3.2000e+01
2.6433e-01,    8.6800e-02,    3.2000e+01
2.6678e-01,    8.7596e-02,    3.2000e+01
2.6925e-01,    8.8400e-02,    3.2000e+01
2.7174e-01,    8.9210e-02,    3.2000e+01
2.7426e-01,    9.0028e-02,    3.2000e+01
2.7680e-01,    9.0853e-02,    3.2000e+01
2.7936e-01,    9.1686e-02,    3.2000e+01
2.8195e-01,    9.2526e-02,    3.2000e+01
2.8456e-01,    9.3374e-02,    3.2000e+01
2.8719e-01,    9.4229e-02,    3.2000e+01
2.8985e-01,    9.5092e-02,    3.2000e+01
2.9253e-01,    9.5963e-02,    3.2000e+01
2.9524e-01,    9.6841e-02,    3.2000e+01
2.9798e-01,    9.7727e-02,    3.2000e+01
3.0073e-01,    9.8622e-02,    3.2000e+01
3.0352e-01,    9.9524e-02,    3.2000e+01
3.0633e-01,    1.0043e-01,    3.2000e+01
3.0917e-01,    1.0135e-01,    3.2000e+01
3.1203e-01,    1.0228e-01,    3.2000e+01
3.1492e-01,    1.0321e-01,    3.2000e+01
3.1783e-01,    1.0416e-01,    3.2000e+01
3.2078e-01,    1.0511e-01,    3.2000e+01
3.2375e-01,    1.0607e-01,    3.2000e+01
3.2674e-01,    1.0704e-01,    3.2000e+01
3.2977e-01,    1.0801e-01,    3.2000e+01
3.3282e-01,    1.0900e-01,    3.2000e+01
3.3590e-01,    1.0999e-01,    3.2000e+01
3.3901e-01,    1.1100e-01,    3.2000e+01
3.4215e-01,    1.1201e-01,    3.2000e+01
3.4532e-01,    1.1303e-01,    3.2000e+01
3.4852e-01,    1.1406e-01,    3.2000e+01
3.5174e-01,    1.1510e-01,    3.2000e+01
3.5500e-01,    1.1615e-01,    3.2000e+01
3.5829e-01,    1.1721e-01,    3.2000e+01
3.6160e-01,    1.1827e-01,    3.2000e+01
3.6495e-01,    1.1935e-01,    3.2000e+01
3.6833e-01,    1.2043e-01,    3.2000e+01
3.7174e-01,    1.2153e-01,    3.2000e+01
3.7518e-01,    1.2263e-01,    3.2000e+01
3.7866e-01,    1.2375e-01,    3.2000e+01
3.8216e-01,    1.2487e-01,    3.2000e+01
3.8570e-01,    1.2601e-01,    3.2000e+01
3.8927e-01,    1.2715e-01,    3.2000e+01
3.9288e-01,    1.2830e-01,    3.2000e+01
3.9651e-01,    1.2947e-01,    3.2000e+01
4.0018e-01,    1.3064e-01,    3.2000e+01
4.0389e-01,    1.3183e-01,    3.2000e+01
4.0763e-01,    1.3302e-01,    3.2000e+01
4.1140e-01,    1.3423e-01,    3.2000e+01
4.1521e-01,    1.3544e-01,    3.2000e+01
4.1906e-01,    1.3667e-01,    3.2000e+01
4.2294e-01,    1.3790e-01,    3.2000e+01
4.2685e-01,    1.3915e-01,    3.2000e+01
4.3081e-01,    1.4041e-01,    3.2000e+01
4.3479e-01,    1.4168e-01,    3.2000e+01
4.3882e-01,    1.4295e-01,    3.2000e+01
4.4288e-01,    1.4424e-01,    3.2000e+01
4.4698e-01,    1.4555e-01,    3.2000e+01
4.5112e-01,    1.4686e-01,    3.2000e+01
4.5530e-01,    1.4818e-01,    3.2000e+01
4.5951e-01,    1.4952e-01,    3.2000e+01
4.6377e-01,    1.5086e-01,    3.2000e+01
4.6806e-01,    1.5222e-01,    3.2000e+01
4.7240e-01,    1.5359e-01,    3.2000e+01
4.7677e-01,    1.5497e-01,    3.2000e+01
4.8118e-01,    1.5636e-01,    3.2000e+01
4.8564e-01,    1.5777e-01,    3.2000e+01
4.9014e-01,    1.5918e-01,    3.2000e+01
4.9467e-01,    1.6061e-01,    3.2000e+01
4.9925e-01,    1.6205e-01,    3.2000e+01
5.0388e-01,    1.6350e-01,    3.2000e+01
5.0854e-01,    1.6497e-01,    3.2000e+01
5.1325e-01,    1.6644e-01,    3.2000e+01
5.1800e-01,    1.6793e-01,    3.2000e+01
5.2280e-01,    1.6943e-01,    3.2000e+01
5.2764e-01,    1.7095e-01,    3.2000e+01
5.3252e-01,    1.7247e-01,    3.2000e+01
5.3745e-01,    1.7401e-01,    3.2000e+01
5.4243e-01,    1.7556e-01,    3.2000e+01
5.4745e-01,    1.7712e-01,    3.2000e+01
5.5252e-01,    1.7870e-01,    3.2000e+01
5.5764e-01,    1.8029e-01,    3.2000e+01
5.6280e-01,    1.8189e-01,    3.2000e+01
5.6801e-01,    1.8351e-01,    3.2000e+01
5.7327e-01,    1.8514e-01,    3.2000e+01
5.7858e-01,    1.8678e-01,    3.2000e+01
5.8393e-01,    1.8843e-01,    3.2000e+01
5.8934e-01,    1.9010e-01,    3.2000e+01
5.9480e-01,    1.9178e-01,    3.2000e+01
6.0030e-01,    1.9348e-01,    3.2000e+01
6.0586e-01,    1.9519e-01,    3.2000e+01
6.1147e-01,    1.9691e-01,    3.2000e+01
6.1713e-01,    1.9865e-01,    3.2000e+01
6.2285e-01,    2.0040e-01,    3.2000e+01
6.2861e-01,    2.0216e-01,    3.2000e+01
6.3443e-01,    2.0394e-01,    3.2000e+01
6.4031e-01,    2.0573e-01,    3.2000e+01
6.4624e-01,    2.0753e-01,    3.2000e+01
6.5222e-01,    2.0935e-01,    3.2000e+01
6.5826e-01,    2.1119e-01,    3.2000e+01
6.6435e-01,    2.1303e-01,    3.2000e+01
6.7050e-01,    2.1490e-01,    3.2000e+01
6.7671e-01,    2.1677e-01,    3.2000e+01
6.8298e-01,    2.1866e-01,    3.2000e+01
6.8930e-01,    2.2057e-01,    3.2000e+01
6.9568e-01,    2.2249e-01,    3.2000e+01
7.0212e-01,    2.2442e-01,    3.2000e+01
7.0862e-01,    2.2637e-01,    3.2000e+01
7.1518e-01,    2.2833e-01,    3.2000e+01
7.2181e-01,    2.3031e-01,    3.2000e+01
7.2849e-01,    2.3230e-01,    3.2000e+01
7.3523e-01,    2.3431e-01,    3.2000e+01
7.4204e-01,    2.3633e-01,    3.2000e+01
7.4891e-01,    2.3837e-01,    3.2000e+01
7.5585e-01,    2.4042e-01,    3.2000e+01
7.6284e-01,    2.4249e-01,    3.2000e+01
7.6991e-01,    2.4457e-01,    3.2000e+01
7.7704e-01,    2.4667e-01,    3.2000e+01
7.8423e-01,    2.4878e-01,    3.2000e+01
7.9149e-01,    2.5091e-01,    3.2000e+01
7.9882e-01,    2.5305e-01,    3.2000e+01
8.0621e-01,    2.5521e-01,    3.2000e+01
8.1368e-01,    2.5738e-01,    3.2000e+01
8.2121e-01,    2.5957e-01,    3.2000e+01
8.2882e-01,    2.6178e-01,    3.2000e+01
8.3649e-01,    2.6399e-01,    3.2000e+01
8.4424e-01,    2.6623e-01,    3.2000e+01
8.5205e-01,    2.6848e-01,    3.2000e+01
8.5994e-01,    2.7074e-01,    3.2000e+01
8.6790e-01,    2.7302e-01,    3.2000e+01
8.7594e-01,    2.7532e-01,    3.2000e+01
8.8405e-01,    2.7763e-01,    3.2000e+01
8.9223e-01,    2.7995e-01,    3.2000e+01
9.0049e-01,    2.8229e-01,    3.2000e+01
9.0883e-01,    2.8465e-01,    3.2000e+01
9.1725e-01,    2.8702e-01,    3.2000e+01
9.2574e-01,    2.8941e-01,    3.2000e+01
9.3431e-01,    2.9181e-01,    3.2000e+01
9.4296e-01,    2.9423e-01,    3.2000e+01
9.5169e-01,    2.9666e-01,    3.2000e+01
9.6050e-01,    2.9911e-01,    3.2000e+01
9.6940e-01,    3.0157e-01,    3.2000e+01
9.7837e-01,    3.0405e-01,    3.2000e+01
9.8743e-01,    3.0654e-01,    3.2000e+01
9.9657e-01,    3.0905e-01,    3.2000e+01
1.0058e+00,    3.1157e-01,    3.2000e+01
1.0151e+00,    3.1411e-01,    3.2000e+01
1.0245e+00,    3.1667e-01,    3.2000e+01
1.0340e+00,    3.1923e-01,    3.2000e+01
1.0436e+00,    3.2182e-01,    3.2000e+01
1.0532e+00,    3.2441e-01,    3.2000e+01
1.0630e+00,    3.2703e-01,    3.2000e+01
1.0728e+00,    3.2965e-01,    3.2000e+01
1.0828e+00,    3.3230e-01,    3.2000e+01
1.0928e+00,    3.3495e-01,    3.2000e+01
1.1029e+00,    3.3762e-01,    3.2000e+01
1.1131e+00,    3.4031e-01,    3.2000e+01
1.1234e+00,    3.4301e-01,    3.2000e+01
1.1338e+00,    3.4572e-01,    3.2000e+01
1.1443e+00,    3.4845e-01,    3.2000e+01
1.1549e+00,    3.5119e-01,    3.2000e+01
1.1656e+00,    3.5394e-01,    3.2000e+01
1.1764e+00,    3.5671e-01,    3.2000e+01
1.1873e+00,    3.5949e-01,    3.2000e+01
1.1983e+00,    3.6229e-01,    3.2000e+01
1.2094e+00,    3.6510e-01,    3.2000e+01
1.2206e+00,    3.6792e-01,    3.2000e+01
1.2319e+00,    3.7075e-01,    3.2000e+01
1.2433e+00,    3.7360e-01,    3.2000e+01
1.2548e+00,    3.7646e-01,    3.2000e+01
1.2664e+00,    3.7933e-01,    3.2000e+01
1.2781e+00,    3.8222e-01,    3.2000e+01
1.2900e+00,    3.8512e-01,    3.2000e+01
1.3019e+00,    3.8803e-01,    3.2000e+01
1.3140e+00,    3.9095e-01,    3.2000e+01
1.3261e+00,    3.9388e-01,    3.2000e+01
1.3384e+00,    3.9683e-01,    3.2000e+01
1.3508e+00,    3.9978e-01,    3.2000e+01
1.3633e+00,    4.0275e-01,    3.2000e+01
1.3759e+00,    4.0573e-01,    3.2000e+01
1.3887e+00,    4.0872e-01,    3.2000e+01
1.4015e+00,    4.1172e-01,    3.2000e+01
1.4145e+00,    4.1473e-01,    3.2000e+01
1.4276e+00,    4.1775e-01,    3.2000e+01
1.4408e+00,    4.2078e-01,    3.2000e+01
1.4542e+00,    4.2382e-01,    3.2000e+01
1.4676e+00,    4.2687e-01,    3.2000e+01
1.4812e+00,    4.2992e-01,    3.2000e+01
1.4949e+00,    4.3299e-01,    3.2000e+01
1.5088e+00,    4.3606e-01,    3.2000e+01
1.5227e+00,    4.3915e-01,    3.2000e+01
1.5368e+00,    4.4224e-01,    3.2000e+01
1.5511e+00,    4.4534e-01,    3.2000e+01
1.5654e+00,    4.4845e-01,    3.2000e+01
1.5799e+00,    4.5156e-01,    3.2000e+01
1.5945e+00,    4.5468e-01,    3.2000e+01
1.6093e+00,    4.5781e-01,    3.2000e+01
1.6242e+00,    4.6094e-01,    3.2000e+01
1.6392e+00,    4.6409e-01,    3.2000e+01
1.6544e+00,    4.6723e-01,    3.2000e+01
1.6697e+00,    4.7038e-01,    3.2000e+01
1.6852e+00,    4.7354e-01,    3.2000e+01
1.7008e+00,    4.7670e-01,    3.2000e+01
1.7165e+00,    4.7987e-01,    3.2000e+01
1.7324e+00,    4.8304e-01,    3.2000e+01
1.7485e+00,    4.8621e-01,    3.2000e+01
1.7647e+00,    4.8939e-01,    3.2000e+01
1.7810e+00,    4.9257e-01,    3.2000e+01
1.7975e+00,    4.9576e-01,    3.2000e+01
1.8141e+00,    4.9894e-01,    3.2000e+01
1.8309e+00,    5.0213e-01,    3.2000e+01
1.8479e+00,    5.0532e-01,    3.2000e+01
1.8650e+00,    5.0852e-01,    3.2000e+01
1.8823e+00,    5.1171e-01,    3.2000e+01
1.8997e+00,    5.1490e-01,    3.2000e+01
1.9173e+00,    5.1810e-01,    3.2000e+01
1.9350e+00,    5.2129e-01,    3.2000e+01
1.9529e+00,    5.2449e-01,    3.2000e+01
1.9710e+00,    5.2768e-01,    3.2000e+01
1.9893e+00,    5.3087e-01,    3.2000e+01
2.0077e+00,    5.3406e-01,    3.2000e+01
2.0263e+00,    5.3725e-01,    3.2000e+01
2.0450e+00,    5.4044e-01,    3.2000e+01
2.0640e+00,    5.4363e-01,    3.2000e+01
2.0831e+00,    5.4681e-01,    3.2000e+01
2.1024e+00,    5.4999e-01,    3.2000e+01
2.1218e+00,    5.5316e-01,    3.2000e+01
2.1415e+00,    5.5633e-01,    3.2000e+01
2.1613e+00,    5.5950e-01,    3.2000e+01
2.1813e+00,    5.6266e-01,    3.2000e+01
2.2015e+00,    5.6582e-01,    3.2000e+01
2.2219e+00,    5.6897e-01,    3.2000e+01
2.2425e+00,    5.7212e-01,    3.2000e+01
2.2632e+00,    5.7526e-01,    3.2000e+01
2.2842e+00,    5.7839e-01,    3.2000e+01
2.3053e+00,    5.8152e-01,    3.2000e+01
2.3267e+00,    5.8464e-01,    3.2000e+01
2.3482e+00,    5.8775e-01,    3.2000e+01
2.3700e+00,    5.9086e-01,    3.2000e+01
2.3919e+00,    5.9395e-01,    3.2000e+01
2.4141e+00,    5.9704e-01,    3.2000e+01
2.4364e+00,    6.0012e-01,    3.2000e+01
2.4590e+00,    6.0319e-01,    3.2000e+01
2.4817e+00,    6.0625e-01,    3.2000e+01
2.5047e+00,    6.0930e-01,    3.2000e+01
2.5279e+00,    6.1234e-01,    3.2000e+01
2.5513e+00,    6.1537e-01,    3.2000e+01
2.5749e+00,    6.1839e-01,    3.2000e+01
2.5988e+00,    6.2139e-01,    3.2000e+01
2.6228e+00,    6.2439e-01,    3.2000e+01
2.6471e+00,    6.2737e-01,    3.2000e+01
2.6716e+00,    6.3035e-01,    3.2000e+01
2.6964e+00,    6.3331e-01,    3.2000e+01
2.7213e+00,    6.3625e-01,    3.2000e+01
2.7465e+00,    6.3919e-01,    3.2000e+01
2.7720e+00,    6.4211e-01,    3.2000e+01
2.7976e+00,    6.4502e-01,    3.2000e+01
2.8235e+00,    6.4791e-01,    3.2000e+01
2.8497e+00,    6.5079e-01,    3.2000e+01
2.8760e+00,    6.5366e-01,    3.2000e+01
2.9027e+00,    6.5651e-01,    3.2000e+01
2.9296e+00,    6.5935e-01,    3.2000e+01
2.9567e+00,    6.6217e-01,    3.2000e+01
2.9840e+00,    6.6498e-01,    3.2000e+01
3.0117e+00,    6.6777e-01,    3.2000e+01
3.0396e+00,    6.7055e-01,    3.2000e+01
3.0677e+00,    6.7331e-01,    3.2000e+01
3.0961e+00,    6.7605e-01,    3.2000e+01
3.1248e+00,    6.7878e-01,    3.2000e+01
3.1537e+00,    6.8150e-01,    3.2000e+01
3.1829e+00,    6.8419e-01,    3.2000e+01
3.2124e+00,    6.8687e-01,    3.2000e+01
3.2421e+00,    6.8954e-01,    3.2000e+01
3.2721e+00,    6.9218e-01,    3.2000e+01
3.3024e+00,    6.9481e-01,    3.2000e+01
3.3330e+00,    6.9743e-01,    3.2000e+01
3.3639e+00,    7.0002e-01,    3.2000e+01
3.3950e+00,    7.0260e-01,    3.2000e+01
3.4264e+00,    7.0516e-01,    3.2000e+01
3.4582e+00,    7.0771e-01,    3.2000e+01
3.4902e+00,    7.1023e-01,    3.2000e+01
3.5225e+00,    7.1274e-01,    3.2000e+01
3.5551e+00,    7.1524e-01,    3.2000e+01
3.5880e+00,    7.1771e-01,    3.2000e+01
3.6213e+00,    7.2017e-01,    3.2000e+01
3.6548e+00,    7.2260e-01,    3.2000e+01
3.6886e+00,    7.2502e-01,    3.2000e+01
3.7228e+00,    7.2743e-01,    3.2000e+01
3.7572e+00,    7.2981e-01,    3.2000e+01
3.7920e+00,    7.3218e-01,    3.2000e+01
3.8271e+00,    7.3453e-01,    3.2000e+01
3.8626e+00,    7.3686e-01,    3.2000e+01
3.8983e+00,    7.3917e-01,    3.2000e+01
3.9344e+00,    7.4146e-01,    3.2000e+01
3.9709e+00,    7.4374e-01,    3.2000e+01
4.0076e+00,    7.4600e-01,    3.2000e+01
4.0447e+00,    7.4824e-01,    3.2000e+01
4.0822e+00,    7.5046e-01,    3.2000e+01
4.1200e+00,    7.5267e-01,    3.2000e+01
4.1581e+00,    7.5485e-01,    3.2000e+01
4.1966e+00,    7.5702e-01,    3.2000e+01
4.2355e+00,    7.5917e-01,    3.2000e+01
4.2747e+00,    7.6131e-01,    3.2000e+01
4.3143e+00,    7.6342e-01,    3.2000e+01
4.3542e+00,    7.6552e-01,    3.2000e+01
4.3945e+00,    7.6760e-01,    3.2000e+01
4.4352e+00,    7.6967e-01,    3.2000e+01
4.4763e+00,    7.7171e-01,    3.2000e+01
4.5177e+00,    7.7374e-01,    3.2000e+01
4.5595e+00,    7.7575e-01,    3.2000e+01
4.6018e+00,    7.7775e-01,    3.2000e+01
4.6444e+00,    7.7972e-01,    3.2000e+01
4.6874e+00,    7.8168e-01,    3.2000e+01
4.7308e+00,    7.8363e-01,    3.2000e+01
4.7746e+00,    7.8555e-01,    3.2000e+01
4.8188e+00,    7.8746e-01,    3.2000e+01
4.8634e+00,    7.8935e-01,    3.2000e+01
4.9084e+00,    7.9123e-01,    3.2000e+01
4.9539e+00,    7.9309e-01,    3.2000e+01
4.9997e+00,    7.9493e-01,    3.2000e+01
5.0460e+00,    7.9676e-01,    3.2000e+01
5.0927e+00,    7.9857e-01,    3.2000e+01
5.1399e+00,    8.0037e-01,    3.2000e+01
5.1875e+00,    8.0214e-01,    3.2000e+01
5.2355e+00,    8.0391e-01,    3.2000e+01
5.2840e+00,    8.0566e-01,    3.2000e+01
5.3329e+00,    8.0739e-01,    3.2000e+01
5.3823e+00,    8.0910e-01,    3.2000e+01
5.4321e+00,    8.1080e-01,    3.2000e+01
5.4824e+00,    8.1249e-01,    3.2000e+01
5.5332e+00,    8.1416e-01,    3.2000e+01
5.5844e+00,    8.1582e-01,    3.2000e+01
5.6361e+00,    8.1746e-01,    3.2000e+01
5.6883e+00,    8.1908e-01,    3.2000e+01
5.7409e+00,    8.2069e-01,    3.2000e+01
5.7941e+00,    8.2229e-01,    3.2000e+01
5.8477e+00,    8.2387e-01,    3.2000e+01
5.9019e+00,    8.2544e-01,    3.2000e+01
5.9565e+00,    8.2699e-01,    3.2000e+01
6.0117e+00,    8.2853e-01,    3.2000e+01
6.0673e+00,    8.3006e-01,    3.2000e+01
6.1235e+00,    8.3157e-01,    3.2000e+01
6.1802e+00,    8.3306e-01,    3.2000e+01
6.2374e+00,    8.3455e-01,    3.2000e+01
6.2952e+00,    8.3602e-01,    3.2000e+01
6.3535e+00,    8.3748e-01,    3.2000e+01
6.4123e+00,    8.3892e-01,    3.2000e+01
6.4717e+00,    8.4035e-01,    3.2000e+01
6.5316e+00,    8.4177e-01,    3.2000e+01
6.5921e+00,    8.4317e-01,    3.2000e+01
6.6531e+00,    8.4457e-01,    3.2000e+01
6.7147e+00,    8.4594e-01,    3.2000e+01
6.7769e+00,    8.4731e-01,    3.2000e+01
6.8396e+00,    8.4866e-01,    3.2000e+01
6.9029e+00,    8.5001e-01,    3.2000e+01
6.9668e+00,    8.5134e-01,    3.2000e+01
7.0313e+00,    8.5265e-01,    3.2000e+01
7.0965e+00,    8.5396e-01,    3.2000e+01
7.1622e+00,    8.5525e-01,    3.2000e+01
7.2285e+00,    8.5653e-01,    3.2000e+01
7.2954e+00,    8.5780e-01,    3.2000e+01
7.3629e+00,    8.5906e-01,    3.2000e+01
7.4311e+00,    8.6031e-01,    3.2000e+01
7.4999e+00,    8.6154e-01,    3.2000e+01
7.5694e+00,    8.6277e-01,    3.2000e+01
7.6394e+00,    8.6398e-01,    3.2000e+01
7.7102e+00,    8.6518e-01,    3.2000e+01
7.7816e+00,    8.6637e-01,    3.2000e+01
7.8536e+00,    8.6755e-01,    3.2000e+01
7.9263e+00,    8.6872e-01,    3.2000e+01
7.9997e+00,    8.6988e-01,    3.2000e+01
8.0738e+00,    8.7103e-01,    3.2000e+01
8.1485e+00,    8.7216e-01,    3.2000e+01
8.2240e+00,    8.7329e-01,    3.2000e+01
8.3001e+00,    8.7441e-01,    3.2000e+01
8.3770e+00,    8.7551e-01,    3.2000e+01
8.4545e+00,    8.7661e-01,    3.2000e+01
8.5328e+00,    8.7769e-01,    3.2000e+01
8.6118e+00,    8.7877e-01,    3.2000e+01
8.6915e+00,    8.7984e-01,    3.2000e+01
8.7720e+00,    8.8089e-01,    3.2000e+01
8.8532e+00,    8.8194e-01,    3.2000e+01
8.9352e+00,    8.8298e-01,    3.2000e+01
9.0179e+00,    8.8400e-01,    3.2000e+01
9.1014e+00,    8.8502e-01,    3.2000e+01
9.1857e+00,    8.8603e-01,    3.2000e+01
9.2707e+00,    8.8703e-01,    3.2000e+01
9.3566e+00,    8.8802e-01,    3.2000e+01
9.4432e+00,    8.8900e-01,    3.2000e+01
9.5306e+00,    8.8997e-01,    3.2000e+01
9.6189e+00,    8.9094e-01,    3.2000e+01
9.7079e+00,    8.9189e-01,    3.2000e+01
9.7978e+00,    8.9284e-01,    3.2000e+01
9.8885e+00,    8.9377e-01,    3.2000e+01
9.9801e+00,    8.9470e-01,    3.2000e+01
1.0072e+01,    8.9562e-01,    3.2000e+01
1.0166e+01,    8.9654e-01,    3.2000e+01
1.0260e+01,    8.9744e-01,    3.2000e+01
1.0355e+01,    8.9833e-01,    3.2000e+01
1.0451e+01,    8.9922e-01,    3.2000e+01
1.0547e+01,    9.0010e-01,    3.2000e+01
1.0645e+01,    9.0097e-01,    3.2000e+01
1.0744e+01,    9.0183e-01,    3.2000e+01
1.0843e+01,    9.0269e-01,    3.2000e+01
1.0944e+01,    9.0354e-01,    3.2000e+01
1.1045e+01,    9.0437e-01,    3.2000e+01
1.1147e+01,    9.0521e-01,    3.2000e+01
1.1250e+01,    9.0603e-01,    3.2000e+01
1.1355e+01,    9.0685e-01,    3.2000e+01
1.1460e+01,    9.0766e-01,    3.2000e+01
1.1566e+01,    9.0846e-01,    3.2000e+01
1.1673e+01,    9.0925e-01,    3.2000e+01
1.1781e+01,    9.1004e-01,    3.2000e+01
1.1890e+01,    9.1082e-01,    3.2000e+01
1.2000e+01,    9.1159e-01,    3.2000e+01
1.2111e+01,    9.1236e-01,    3.2000e+01
1.2223e+01,    9.1312e-01,    3.2000e+01
1.2336e+01,    9.1387e-01,    3.2000e+01
1.2451e+01,    9.1461e-01,    3.2000e+01
1.2566e+01,    9.1535e-01,    3.2000e+01
1.2682e+01,    9.1608e-01,    3.2000e+01
1.2800e+01,    9.1681e-01,    3.2000e+01
1.2918e+01,    9.1752e-01,    3.2000e+01
1.3038e+01,    9.1823e-01,    3.2000e+01
1.3159e+01,    9.1894e-01,    3.2000e+01
1.3280e+01,    9.1964e-01,    3.2000e+01
1.3403e+01,    9.2033e-01,    3.2000e+01
1.3527e+01,    9.2102e-01,    3.2000e+01
1.3653e+01,    9.2170e-01,    3.2000e+01
1.3779e+01,    9.2237e-01,    3.2000e+01
1.3907e+01,    9.2304e-01,    3.2000e+01
1.4035e+01,    9.2370e-01,    3.2000e+01
1.4165e+01,    9.2435e-01,    3.2000e+01
1.4297e+01,    9.2500e-01,    3.2000e+01
1.4429e+01,    9.2564e-01,    3.2000e+01
1.4563e+01,    9.2628e-01,    3.2000e+01
1.4697e+01,    9.2691e-01,    3.2000e+01
1.4833e+01,    9.2754e-01,    3.2000e+01
1.4971e+01,    9.2816e-01,    3.2000e+01
1.5109e+01,    9.2877e-01,    3.2000e+01
1.5249e+01,    9.2938e-01,    3.2000e+01
1.5390e+01,    9.2998e-01,    3.2000e+01
1.5533e+01,    9.3058e-01,    3.2000e+01
1.5677e+01,    9.3117e-01,    3.2000e+01
1.5822e+01,    9.3176e-01,    3.2000e+01
1.5968e+01,    9.3234e-01,    3.2000e+01
1.6116e+01,    9.3292e-01,    3.2000e+01
1.6265e+01,    9.3349e-01,    3.2000e+01
1.6416e+01,    9.3405e-01,    3.2000e+01
1.6568e+01,    9.3461e-01,    3.2000e+01
1.6721e+01,    9.3517e-01,    3.2000e+01
1.6876e+01,    9.3572e-01,    3.2000e+01
1.7033e+01,    9.3626e-01,    3.2000e+01
1.7190e+01,    9.3680e-01,    3.2000e+01
1.7349e+01,    9.3734e-01,    3.2000e+01
1.7510e+01,    9.3787e-01,    3.2000e+01
1.7672e+01,    9.3839e-01,    3.2000e+01
1.7836e+01,    9.3891e-01,    3.2000e+01
1.8001e+01,    9.3943e-01,    3.2000e+01
1.8168e+01,    9.3994e-01,    3.2000e+01
1.8336e+01,    9.4045e-01,    3.2000e+01
1.8506e+01,    9.4095e-01,    3.2000e+01
1.8677e+01,    9.4145e-01,    3.2000e+01
1.8850e+01,    9.4194e-01,    3.2000e+01
1.9024e+01,    9.4243e-01,    3.2000e+01
1.9200e+01,    9.4291e-01,    3.2000e+01
1.9378e+01,    9.4339e-01,    3.2000e+01
1.9558e+01,    9.4387e-01,    3.2000e+01
1.9739e+01,    9.4434e-01,    3.2000e+01
1.9921e+01,    9.4481e-01,    3.2000e+01
2.0106e+01,    9.4527e-01,    3.2000e+01
2.0292e+01,    9.4573e-01,    3.2000e+01
2.0480e+01,    9.4618e-01,    3.2000e+01
2.0670e+01,    9.4663e-01,    3.2000e+01
2.0861e+01,    9.4707e-01,    3.2000e+01
2.1054e+01,    9.4752e-01,    3.2000e+01
2.1249e+01,    9.4795e-01,    3.2000e+01
2.1446e+01,    9.4839e-01,    3.2000e+01
2.1644e+01,    9.4882e-01,    3.2000e+01
2.1845e+01,    9.4924e-01,    3.2000e+01
2.2047e+01,    9.4967e-01,    3.2000e+01
2.2251e+01,    9.5008e-01,    3.2000e+01
2.2457e+01,    9.5050e-01,    3.2000e+01
2.2665e+01,    9.5091e-01,    3.2000e+01
2.2875e+01,    9.5131e-01,    3.2000e+01
2.3087e+01,    9.5172e-01,    3.2000e+01
2.3300e+01,    9.5212e-01,    3.2000e+01
2.3516e+01,    9.5251e-01,    3.2000e+01
2.3734e+01,    9.5290e-01,    3.2000e+01
2.3954e+01,    9.5329e-01,    3.2000e+01
2.4175e+01,    9.5368e-01,    3.2000e+01
2.4399e+01,    9.5406e-01,    3.2000e+01
2.4625e+01,    9.5444e-01,    3.2000e+01
2.4853e+01,    9.5481e-01,    3.2000e+01
2.5083e+01,    9.5518e-01,    3.2000e+01
2.5315e+01,    9.5555e-01,    3.2000e+01
2.5550e+01,    9.5592e-01,    3.2000e+01
2.5786e+01,    9.5628e-01,    3.2000e+01
2.6025e+01,    9.5664e-01,    3.2000e+01
2.6266e+01,    9.5699e-01,    3.2000e+01
2.6509e+01,    9.5734e-01,    3.2000e+01
2.6755e+01,    9.5769e-01,    3.2000e+01
2.7002e+01,    9.5804e-01,    3.2000e+01
2.7253e+01,    9.5838e-01,    3.2000e+01
2.7505e+01,    9.5872e-01,    3.2000e+01
2.7759e+01,    9.5905e-01,    3.2000e+01
2.8017e+01,    9.5939e-01,    3.2000e+01
2.8276e+01,    9.5972e-01,    3.2000e+01
2.8538e+01,    9.6004e-01,    3.2000e+01
2.8802e+01,    9.6037e-01,    3.2000e+01
2.9069e+01,    9.6069e-01,    3.2000e+01
2.9338e+01,    9.6100e-01,    3.2000e+01
2.9609e+01,    9.6132e-01,    3.2000e+01
2.9883e+01,    9.6163e-01,    3.2000e+01
3.0160e+01,    9.6194e-01,    3.2000e+01
3.0439e+01,    9.6225e-01,    3.2000e+01
3.0721e+01,    9.6255e-01,    3.2000e+01
3.1006e+01,    9.6285e-01,    3.2000e+01
3.1293e+01,    9.6315e-01,    3.2000e+01
3.1582e+01,    9.6345e-01,    3.2000e+01
3.1875e+01,    9.6374e-01,    3.2000e+01
3.2170e+01,    9.6403e-01,    3.2000e+01
3.2468e+01,    9.6432e-01,    3.2000e+01
3.2768e+01,    9.6460e-01,    3.2000e+01
3.3072e+01,    9.6489e-01,    3.2000e+01
3.3378e+01,    9.6517e-01,    3.2000e+01
3.3687e+01,    9.6545e-01,    3.2000e+01
3.3999e+01,    9.6572e-01,    3.2000e+01
3.4314e+01,    9.6599e-01,    3.2000e+01
3.4632e+01,    9.6626e-01,    3.2000e+01
3.4952e+01,    9.6653e-01,    3.2000e+01
3.5276e+01,    9.6680e-01,    3.2000e+01
3.5602e+01,    9.6706e-01,    3.2000e+01
3.5932e+01,    9.6732e-01,    3.2000e+01
3.6265e+01,    9.6758e-01,    3.2000e+01
3.6600e+01,    9.6783e-01,    3.2000e+01
3.6939e+01,    9.6809e-01,    3.2000e+01
3.7281e+01,    9.6834e-01,    3.2000e+01
3.7627e+01,    9.6859e-01,    3.2000e+01
3.7975e+01,    9.6883e-01,    3.2000e+01
3.8326e+01,    9.6908e-01,    3.2000e+01
3.8681e+01,    9.6932e-01,    3.2000e+01
3.9039e+01,    9.6956e-01,    3.2000e+01
3.9401e+01,    9.6980e-01,    3.2000e+01
3.9766e+01,    9.7004e-01,    3.2000e+01
4.0134e+01,    9.7027e-01,    3.2000e+01
4.0506e+01,    9.7050e-01,    3.2000e+01
4.0881e+01,    9.7073e-01,    3.2000e+01
4.1259e+01,    9.7096e-01,    3.2000e+01
4.1641e+01,    9.7118e-01,    3.2000e+01
4.2027e+01,    9.7141e-01,    3.2000e+01
4.2416e+01,    9.7163e-01,    3.2000e+01
4.2808e+01,    9.7185e-01,    3.2000e+01
4.3205e+01,    9.7207e-01,    3.2000e+01
4.3605e+01,    9.7228e-01,    3.2000e+01
4.4008e+01,    9.7250e-01,    3.2000e+01
4.4416e+01,    9.7271e-01,    3.2000e+01
4.4827e+01,    9.7292e-01,    3.2000e+01
4.5242e+01,    9.7313e-01,    3.2000e+01
4.5661e+01,    9.7333e-01,    3.2000e+01
4.6084e+01,    9.7354e-01,    3.2000e+01
4.6511e+01,    9.7374e-01,    3.2000e+01
4.6941e+01,    9.7394e-01,    3.2000e+01
4.7376e+01,    9.7414e-01,    3.2000e+01
4.7814e+01,    9.7434e-01,    3.2000e+01
4.8257e+01,    9.7453e-01,    3.2000e+01
4.8704e+01,    9.7473e-01,    3.2000e+01
4.9155e+01,    9.7492e-01,    3.2000e+01
4.9610e+01,    9.7511e-01,    3.2000e+01
5.0069e+01,    9.7530e-01,    3.2000e+01
5.0533e+01,    9.7548e-01,    3.2000e+01
5.1001e+01,    9.7567e-01,    3.2000e+01
5.1473e+01,    9.7585e-01,    3.2000e+01
5.1950e+01,    9.7604e-01,    3.2000e+01
5.2431e+01,    9.7622e-01,    3.2000e+01
5.2916e+01,    9.7640e-01,    3.2000e+01
5.3406e+01,    9.7657e-01,    3.2000e+01
5.3900e+01,    9.7675e-01,    3.2000e+01
5.4399e+01,    9.7692e-01,    3.2000e+01
5.4903e+01,    9.7710e-01,    3.2000e+01
5.5411e+01,    9.7727e-01,    3.2000e+01
5.5924e+01,    9.7744e-01,    3.2000e+01
5.6442e+01,    9.7760e-01,    3.2000e+01
5.6965e+01,    9.7777e-01,    3.2000e+01
5.7492e+01,    9.7794e-01,    3.2000e+01
5.8025e+01,    9.7810e-01,    3.2000e+01
5.8562e+01,    9.7826e-01,    3.2000e+01
5.9104e+01,    9.7842e-01,    3.2000e+01
5.9651e+01,    9.7858e-01,    3.2000e+01
6.0203e+01,    9.7874e-01,    3.2000e+01
6.0761e+01,    9.7890e-01,    3.2000e+01
6.1323e+01,    9.7905e-01,    3.2000e+01
6.1891e+01,    9.7921e-01,    3.2000e+01
6.2464e+01,    9.7936e-01,    3.2000e+01
6.3043e+01,    9.7951e-01,    3.2000e+01
6.3626e+01,    9.7966e-01,    3.2000e+01
6.4215e+01,    9.7981e-01,    3.2000e+01
6.4810e+01,    9.7996e-01,    3.2000e+01
6.5410e+01,    9.8010e-01,    3.2000e+01
6.6016e+01,    9.8025e-01,    3.2000e+01
6.6627e+01,    9.8039e-01,    3.2000e+01
6.7244e+01,    9.8053e-01,    3.2000e+01
6.7866e+01,    9.8067e-01,    3.2000e+01
6.8495e+01,    9.8081e-01,    3.2000e+01
6.9129e+01,    9.8095e-01,    3.2000e+01
6.9769e+01,    9.8109e-01,    3.2000e+01
7.0415e+01,    9.8123e-01,    3.2000e+01
7.1067e+01,    9.8136e-01,    3.2000e+01
7.1725e+01,    9.8150e-01,    3.2000e+01
7.2389e+01,    9.8163e-01,    3.2000e+01
7.3059e+01,    9.8176e-01,    3.2000e+01
7.3735e+01,    9.8189e-01,    3.2000e+01
7.4418e+01,    9.8202e-01,    3.2000e+01
7.5107e+01,    9.8215e-01,    3.2000e+01
7.5803e+01,    9.8228e-01,    3.2000e+01
7.6504e+01,    9.8240e-01,    3.2000e+01
7.7213e+01,    9.8253e-01,    3.2000e+01
7.7928e+01,    9.8265e-01,    3.2000e+01
7.8649e+01,    9.8277e-01,    3.2000e+01
7.9377e+01,    9.8290e-01,    3.2000e+01
8.0112e+01,    9.8302e-01,    3.2000e+01
8.0854e+01,    9.8314e-01,    3.2000e+01
8.1603e+01,    9.8325e-01,    3.2000e+01
8.2358e+01,    9.8337e-01,    3.2000e+01
8.3121e+01,    9.8349e-01,    3.2000e+01
8.3890e+01,    9.8360e-01,    3.2000e+01
8.4667e+01,    9.8372e-01,    3.2000e+01
8.5451e+01,    9.8383e-01,    3.2000e+01
8.6242e+01,    9.8395e-01,    3.2000e+01
8.7041e+01,    9.8406e-01,    3.2000e+01
8.7846e+01,    9.8417e-01,    3.2000e+01
8.8660e+01,    9.8428e-01,    3.2000e+01
8.9481e+01,    9.8439e-01,    3.2000e+01
9.0309e+01,    9.8450e-01,    3.2000e+01
9.1145e+01,    9.8460e-01,    3.2000e+01
9.1989e+01,    9.8471e-01,    3.2000e+01
9.2841e+01,    9.8482e-01,    3.2000e+01
9.3700e+01,    9.8492e-01,    3.2000e+01
9.4568e+01,    9.8502e-01,    3.2000e+01
9.5444e+01,    9.8513e-01,    3.2000e+01
9.6327e+01,    9.8523e-01,    3.2000e+01
9.7219e+01,    9.8533e-01,    3.2000e+01
9.8119e+01,    9.8543e-01,    3.2000e+01
9.9028e+01,    9.8553e-01,    3.2000e+01
9.9945e+01,    9.8563e-01,    3.2000e+01
1.0087e+02,    9.8573e-01,    3.2000e+01
1.0180e+02,    9.8582e-01,    3.2000e+01
