# Force βfL, Extension z/L, Persistence Length λ
1.6393e-01,    3.3084e-03,    3.1250e-02
1.6545e-01,    3.3391e-03,    3.1250e-02
1.6698e-01,    3.3700e-03,    3.1250e-02
1.6852e-01,    3.4011e-03,    3.1250e-02
1.7009e-01,    3.4326e-03,    3.1250e-02
1.7166e-01,    3.4644e-03,    3.1250e-02
1.7325e-01,    3.4965e-03,    3.1250e-02
1.7485e-01,    3.5289e-03,    3.1250e-02
1.7647e-01,    3.5615e-03,    3.1250e-02
1.7811e-01,    3.5945e-03,    3.1250e-02
1.7976e-01,    3.6278e-03,    3.1250e-02
1.8142e-01,    3.6614e-03,    3.1250e-02
1.8310e-01,    3.6953e-03,    3.1250e-02
1.8479e-01,    3.7295e-03,    3.1250e-02
1.8651e-01,    3.7640e-03,    3.1250e-02
1.8823e-01,    3.7989e-03,    3.1250e-02
1.8997e-01,    3.8340e-03,    3.1250e-02
1.9173e-01,    3.8695e-03,    3.1250e-02
1.9351e-01,    3.9054e-03,    3.1250e-02
1.9530e-01,    3.9415e-03,    3.1250e-02
1.9711e-01,    3.9780e-03,    3.1250e-02
1.9893e-01,    4.0149e-03,    3.1250e-02
2.0078e-01,    4.0520e-03,    3.1250e-02
2.0263e-01,    4.0895e-03,    3.1250e-02
2.0451e-01,    4.1274e-03,    3.1250e-02
2.0640e-01,    4.1656e-03,    3.1250e-02
2.0832e-01,    4.2042e-03,    3.1250e-02
2.1024e-01,    4.2431e-03,    3.1250e-02
2.1219e-01,    4.2824e-03,    3.1250e-02
2.1416e-01,    4.3220e-03,    3.1250e-02
2.1614e-01,    4.3620e-03,    3.1250e-02
2.1814e-01,    4.4024e-03,    3.1250e-02
2.2016e-01,    4.4432e-03,    3.1250e-02
2.2220e-01,    4.4843e-03,    3.1250e-02
2.2425e-01,    4.5258e-03,    3.1250e-02
2.2633e-01,    4.5678e-03,    3.1250e-02
2.2843e-01,    4.6100e-03,    3.1250e-02
2.3054e-01,    4.6527e-03,    3.1250e-02
2.3268e-01,    4.6958e-03,    3.1250e-02
2.3483e-01,    4.7393e-03,    3.1250e-02
2.3700e-01,    4.7831e-03,    3.1250e-02
2.3920e-01,    4.8274e-03,    3.1250e-02
2.4141e-01,    4.8721e-03,    3.1250e-02
2.4365e-01,    4.9172e-03,    3.1250e-02
2.4590e-01,    4.9628e-03,    3.1250e-02
2.4818e-01,    5.0087e-03,    3.1250e-02
2.5048e-01,    5.0551e-03,    3.1250e-02
2.5280e-01,    5.1019e-03,    3.1250e-02
2.5514e-01,    5.1491e-03,    3.1250e-02
2.5750e-01,    5.1968e-03,    3.1250e-02
2.5989e-01,    5.2449e-03,    3.1250e-02
2.6229e-01,    5.2935e-03,    3.1250e-02
2.6472e-01,    5.3425e-03,    3.1250e-02
2.6717e-01,    5.3919e-03,    3.1250e-02
2.6964e-01,    5.4418e-03,    3.1250e-02
2.7214e-01,    5.4922e-03,    3.1250e-02
2.7466e-01,    5.5430e-03,    3.1250e-02
2.7720e-01,    5.5944e-03,    3.1250e-02
2.7977e-01,    5.6462e-03,    3.1250e-02
2.8236e-01,    5.6985e-03,    3.1250e-02
2.8497e-01,    5.7512e-03,    3.1250e-02
2.8761e-01,    5.8044e-03,    3.1250e-02
2.9028e-01,    5.8582e-03,    3.1250e-02
2.9296e-01,    5.9124e-03,    3.1250e-02
2.9568e-01,    5.9672e-03,    3.1250e-02
2.9841e-01,    6.0224e-03,    3.1250e-02
3.0118e-01,    6.0781e-03,    3.1250e-02
3.0397e-01,    6.1344e-03,    3.1250e-02
3.0678e-01,    6.1912e-03,    3.1250e-02
3.0962e-01,    6.2485e-03,    3.1250e-02
3.1249e-01,    6.3064e-03,    3.1250e-02
3.1538e-01,    6.3648e-03,    3.1250e-02
3.1830e-01,    6.4237e-03,    3.1250e-02
3.2125e-01,    6.4832e-03,    3.1250e-02
3.2422e-01,    6.5432e-03,    3.1250e-02
3.2722e-01,    6.6038e-03,    3.1250e-02
3.3025e-01,    6.6649e-03,    3.1250e-02
3.3331e-01,    6.7266e-03,    3.1250e-02
3.3640e-01,    6.7889e-03,    3.1250e-02
3.3951e-01,    6.8517e-03,    3.1250e-02
3.4265e-01,    6.9151e-03,    3.1250e-02
3.4583e-01,    6.9792e-03,    3.1250e-02
3.4903e-01,    7.0438e-03,    3.1250e-02
3.5226e-01,    7.1090e-03,    3.1250e-02
3.5552e-01,    7.1748e-03,    3.1250e-02
3.5881e-01,    7.2412e-03,    3.1250e-02
3.6214e-01,    7.3083e-03,    3.1250e-02
3.6549e-01,    7.3759e-03,    3.1250e-02
3.6887e-01,    7.4442e-03,    3.1250e-02
3.7229e-01,    7.5131e-03,    3.1250e-02
3.7573e-01,    7.5827e-03,    3.1250e-02
3.7921e-01,    7.6529e-03,    3.1250e-02
3.8272e-01,    7.7237e-03,    3.1250e-02
3.8627e-01,    7.7952e-03,    3.1250e-02
3.8984e-01,    7.8674e-03,    3.1250e-02
3.9345e-01,    7.9402e-03,    3.1250e-02
3.9710e-01,    8.0137e-03,    3.1250e-02
4.0077e-01,    8.0879e-03,    3.1250e-02
4.0448e-01,    8.1628e-03,    3.1250e-02
4.0823e-01,    8.2383e-03,    3.1250e-02
4.1201e-01,    8.3146e-03,    3.1250e-02
4.1582e-01,    8.3916e-03,    3.1250e-02
4.1967e-01,    8.4693e-03,    3.1250e-02
4.2356e-01,    8.5476e-03,    3.1250e-02
4.2748e-01,    8.6268e-03,    3.1250e-02
4.3144e-01,    8.7066e-03,    3.1250e-02
4.3543e-01,    8.7872e-03,    3.1250e-02
4.3946e-01,    8.8686e-03,    3.1250e-02
4.4353e-01,    8.9507e-03,    3.1250e-02
4.4764e-01,    9.0335e-03,    3.1250e-02
4.5178e-01,    9.1172e-03,    3.1250e-02
4.5597e-01,    9.2016e-03,    3.1250e-02
4.6019e-01,    9.2867e-03,    3.1250e-02
4.6445e-01,    9.3727e-03,    3.1250e-02
4.6875e-01,    9.4595e-03,    3.1250e-02
4.7309e-01,    9.5470e-03,    3.1250e-02
4.7747e-01,    9.6354e-03,    3.1250e-02
4.8189e-01,    9.7246e-03,    3.1250e-02
4.8635e-01,    9.8146e-03,    3.1250e-02
4.9086e-01,    9.9055e-03,    3.1250e-02
4.9540e-01,    9.9972e-03,    3.1250e-02
4.9999e-01,    1.0090e-02,    3.1250e-02
5.0462e-01,    1.0183e-02,    3.1250e-02
5.0929e-01,    1.0277e-02,    3.1250e-02
5.1400e-01,    1.0372e-02,    3.1250e-02
5.1876e-01,    1.0468e-02,    3.1250e-02
5.2357e-01,    1.0565e-02,    3.1250e-02
5.2841e-01,    1.0663e-02,    3.1250e-02
5.3331e-01,    1.0762e-02,    3.1250e-02
5.3824e-01,    1.0862e-02,    3.1250e-02
5.4323e-01,    1.0962e-02,    3.1250e-02
5.4826e-01,    1.1064e-02,    3.1250e-02
5.5333e-01,    1.1166e-02,    3.1250e-02
5.5846e-01,    1.1269e-02,    3.1250e-02
5.6363e-01,    1.1374e-02,    3.1250e-02
5.6885e-01,    1.1479e-02,    3.1250e-02
5.7411e-01,    1.1585e-02,    3.1250e-02
5.7943e-01,    1.1692e-02,    3.1250e-02
5.8479e-01,    1.1801e-02,    3.1250e-02
5.9021e-01,    1.1910e-02,    3.1250e-02
5.9567e-01,    1.2020e-02,    3.1250e-02
6.0119e-01,    1.2131e-02,    3.1250e-02
6.0675e-01,    1.2244e-02,    3.1250e-02
6.1237e-01,    1.2357e-02,    3.1250e-02
6.1804e-01,    1.2471e-02,    3.1250e-02
6.2376e-01,    1.2587e-02,    3.1250e-02
6.2954e-01,    1.2703e-02,    3.1250e-02
6.3537e-01,    1.2821e-02,    3.1250e-02
6.4125e-01,    1.2939e-02,    3.1250e-02
6.4719e-01,    1.3059e-02,    3.1250e-02
6.5318e-01,    1.3180e-02,    3.1250e-02
6.5923e-01,    1.3302e-02,    3.1250e-02
6.6533e-01,    1.3425e-02,    3.1250e-02
6.7149e-01,    1.3549e-02,    3.1250e-02
6.7771e-01,    1.3675e-02,    3.1250e-02
6.8398e-01,    1.3801e-02,    3.1250e-02
6.9031e-01,    1.3929e-02,    3.1250e-02
6.9671e-01,    1.4058e-02,    3.1250e-02
7.0316e-01,    1.4188e-02,    3.1250e-02
7.0967e-01,    1.4319e-02,    3.1250e-02
7.1624e-01,    1.4452e-02,    3.1250e-02
7.2287e-01,    1.4586e-02,    3.1250e-02
7.2956e-01,    1.4721e-02,    3.1250e-02
7.3632e-01,    1.4857e-02,    3.1250e-02
7.4313e-01,    1.4994e-02,    3.1250e-02
7.5001e-01,    1.5133e-02,    3.1250e-02
7.5696e-01,    1.5273e-02,    3.1250e-02
7.6397e-01,    1.5414e-02,    3.1250e-02
7.7104e-01,    1.5557e-02,    3.1250e-02
7.7818e-01,    1.5701e-02,    3.1250e-02
7.8538e-01,    1.5846e-02,    3.1250e-02
7.9265e-01,    1.5993e-02,    3.1250e-02
7.9999e-01,    1.6141e-02,    3.1250e-02
8.0740e-01,    1.6290e-02,    3.1250e-02
8.1488e-01,    1.6441e-02,    3.1250e-02
8.2242e-01,    1.6593e-02,    3.1250e-02
8.3004e-01,    1.6747e-02,    3.1250e-02
8.3772e-01,    1.6902e-02,    3.1250e-02
8.4548e-01,    1.7058e-02,    3.1250e-02
8.5330e-01,    1.7216e-02,    3.1250e-02
8.6120e-01,    1.7375e-02,    3.1250e-02
8.6918e-01,    1.7536e-02,    3.1250e-02
8.7723e-01,    1.7698e-02,    3.1250e-02
8.8535e-01,    1.7862e-02,    3.1250e-02
8.9355e-01,    1.8027e-02,    3.1250e-02
9.0182e-01,    1.8194e-02,    3.1250e-02
9.1017e-01,    1.8362e-02,    3.1250e-02
9.1859e-01,    1.8532e-02,    3.1250e-02
9.2710e-01,    1.8704e-02,    3.1250e-02
9.3568e-01,    1.8877e-02,    3.1250e-02
9.4435e-01,    1.9051e-02,    3.1250e-02
9.5309e-01,    1.9228e-02,    3.1250e-02
9.6191e-01,    1.9405e-02,    3.1250e-02
9.7082e-01,    1.9585e-02,    3.1250e-02
9.7981e-01,    1.9766e-02,    3.1250e-02
9.8888e-01,    1.9949e-02,    3.1250e-02
9.9804e-01,    2.0133e-02,    3.1250e-02
1.0073e+00,    2.0320e-02,    3.1250e-02
1.0166e+00,    2.0508e-02,    3.1250e-02
1.0260e+00,    2.0697e-02,    3.1250e-02
1.0355e+00,    2.0889e-02,    3.1250e-02
1.0451e+00,    2.1082e-02,    3.1250e-02
1.0548e+00,    2.1277e-02,    3.1250e-02
1.0645e+00,    2.1474e-02,    3.1250e-02
1.0744e+00,    2.1672e-02,    3.1250e-02
1.0843e+00,    2.1873e-02,    3.1250e-02
1.0944e+00,    2.2075e-02,    3.1250e-02
1.1045e+00,    2.2279e-02,    3.1250e-02
1.1147e+00,    2.2485e-02,    3.1250e-02
1.1251e+00,    2.2693e-02,    3.1250e-02
1.1355e+00,    2.2903e-02,    3.1250e-02
1.1460e+00,    2.3115e-02,    3.1250e-02
1.1566e+00,    2.3329e-02,    3.1250e-02
1.1673e+00,    2.3544e-02,    3.1250e-02
1.1781e+00,    2.3762e-02,    3.1250e-02
1.1890e+00,    2.3982e-02,    3.1250e-02
1.2000e+00,    2.4204e-02,    3.1250e-02
1.2112e+00,    2.4427e-02,    3.1250e-02
1.2224e+00,    2.4653e-02,    3.1250e-02
1.2337e+00,    2.4881e-02,    3.1250e-02
1.2451e+00,    2.5111e-02,    3.1250e-02
1.2566e+00,    2.5344e-02,    3.1250e-02
1.2683e+00,    2.5578e-02,    3.1250e-02
1.2800e+00,    2.5814e-02,    3.1250e-02
1.2919e+00,    2.6053e-02,    3.1250e-02
1.3038e+00,    2.6294e-02,    3.1250e-02
1.3159e+00,    2.6537e-02,    3.1250e-02
1.3281e+00,    2.6782e-02,    3.1250e-02
1.3404e+00,    2.7030e-02,    3.1250e-02
1.3528e+00,    2.7280e-02,    3.1250e-02
1.3653e+00,    2.7532e-02,    3.1250e-02
1.3780e+00,    2.7786e-02,    3.1250e-02
1.3907e+00,    2.8043e-02,    3.1250e-02
1.4036e+00,    2.8302e-02,    3.1250e-02
1.4166e+00,    2.8564e-02,    3.1250e-02
1.4297e+00,    2.8828e-02,    3.1250e-02
1.4429e+00,    2.9094e-02,    3.1250e-02
1.4563e+00,    2.9363e-02,    3.1250e-02
1.4698e+00,    2.9634e-02,    3.1250e-02
1.4834e+00,    2.9908e-02,    3.1250e-02
1.4971e+00,    3.0185e-02,    3.1250e-02
1.5110e+00,    3.0463e-02,    3.1250e-02
1.5250e+00,    3.0745e-02,    3.1250e-02
1.5391e+00,    3.1029e-02,    3.1250e-02
1.5533e+00,    3.1316e-02,    3.1250e-02
1.5677e+00,    3.1605e-02,    3.1250e-02
1.5822e+00,    3.1897e-02,    3.1250e-02
1.5969e+00,    3.2191e-02,    3.1250e-02
1.6117e+00,    3.2489e-02,    3.1250e-02
1.6266e+00,    3.2789e-02,    3.1250e-02
1.6417e+00,    3.3092e-02,    3.1250e-02
1.6569e+00,    3.3397e-02,    3.1250e-02
1.6722e+00,    3.3706e-02,    3.1250e-02
1.6877e+00,    3.4017e-02,    3.1250e-02
1.7033e+00,    3.4331e-02,    3.1250e-02
1.7191e+00,    3.4648e-02,    3.1250e-02
1.7350e+00,    3.4968e-02,    3.1250e-02
1.7511e+00,    3.5291e-02,    3.1250e-02
1.7673e+00,    3.5617e-02,    3.1250e-02
1.7836e+00,    3.5946e-02,    3.1250e-02
1.8001e+00,    3.6278e-02,    3.1250e-02
1.8168e+00,    3.6612e-02,    3.1250e-02
1.8336e+00,    3.6950e-02,    3.1250e-02
1.8506e+00,    3.7291e-02,    3.1250e-02
1.8677e+00,    3.7636e-02,    3.1250e-02
1.8850e+00,    3.7983e-02,    3.1250e-02
1.9025e+00,    3.8334e-02,    3.1250e-02
1.9201e+00,    3.8687e-02,    3.1250e-02
1.9379e+00,    3.9044e-02,    3.1250e-02
1.9558e+00,    3.9404e-02,    3.1250e-02
1.9739e+00,    3.9768e-02,    3.1250e-02
1.9922e+00,    4.0135e-02,    3.1250e-02
2.0107e+00,    4.0505e-02,    3.1250e-02
2.0293e+00,    4.0879e-02,    3.1250e-02
2.0481e+00,    4.1256e-02,    3.1250e-02
2.0670e+00,    4.1636e-02,    3.1250e-02
2.0862e+00,    4.2020e-02,    3.1250e-02
2.1055e+00,    4.2408e-02,    3.1250e-02
2.1250e+00,    4.2799e-02,    3.1250e-02
2.1446e+00,    4.3194e-02,    3.1250e-02
2.1645e+00,    4.3592e-02,    3.1250e-02
2.1845e+00,    4.3994e-02,    3.1250e-02
2.2048e+00,    4.4399e-02,    3.1250e-02
2.2252e+00,    4.4808e-02,    3.1250e-02
2.2458e+00,    4.5221e-02,    3.1250e-02
2.2666e+00,    4.5638e-02,    3.1250e-02
2.2876e+00,    4.6059e-02,    3.1250e-02
2.3087e+00,    4.6483e-02,    3.1250e-02
2.3301e+00,    4.6911e-02,    3.1250e-02
2.3517e+00,    4.7344e-02,    3.1250e-02
2.3735e+00,    4.7780e-02,    3.1250e-02
2.3954e+00,    4.8220e-02,    3.1250e-02
2.4176e+00,    4.8664e-02,    3.1250e-02
2.4400e+00,    4.9112e-02,    3.1250e-02
2.4626e+00,    4.9564e-02,    3.1250e-02
2.4854e+00,    5.0021e-02,    3.1250e-02
2.5084e+00,    5.0481e-02,    3.1250e-02
2.5316e+00,    5.0946e-02,    3.1250e-02
2.5551e+00,    5.1415e-02,    3.1250e-02
2.5787e+00,    5.1888e-02,    3.1250e-02
2.6026e+00,    5.2366e-02,    3.1250e-02
2.6267e+00,    5.2847e-02,    3.1250e-02
2.6510e+00,    5.3334e-02,    3.1250e-02
2.6756e+00,    5.3824e-02,    3.1250e-02
2.7003e+00,    5.4319e-02,    3.1250e-02
2.7253e+00,    5.4819e-02,    3.1250e-02
2.7506e+00,    5.5323e-02,    3.1250e-02
2.7760e+00,    5.5832e-02,    3.1250e-02
2.8017e+00,    5.6345e-02,    3.1250e-02
2.8277e+00,    5.6863e-02,    3.1250e-02
2.8539e+00,    5.7386e-02,    3.1250e-02
2.8803e+00,    5.7913e-02,    3.1250e-02
2.9069e+00,    5.8445e-02,    3.1250e-02
2.9339e+00,    5.8982e-02,    3.1250e-02
2.9610e+00,    5.9524e-02,    3.1250e-02
2.9884e+00,    6.0071e-02,    3.1250e-02
3.0161e+00,    6.0622e-02,    3.1250e-02
3.0440e+00,    6.1179e-02,    3.1250e-02
3.0722e+00,    6.1741e-02,    3.1250e-02
3.1007e+00,    6.2307e-02,    3.1250e-02
3.1294e+00,    6.2879e-02,    3.1250e-02
3.1583e+00,    6.3456e-02,    3.1250e-02
3.1876e+00,    6.4038e-02,    3.1250e-02
3.2171e+00,    6.4626e-02,    3.1250e-02
3.2469e+00,    6.5218e-02,    3.1250e-02
3.2769e+00,    6.5817e-02,    3.1250e-02
3.3073e+00,    6.6420e-02,    3.1250e-02
3.3379e+00,    6.7029e-02,    3.1250e-02
3.3688e+00,    6.7643e-02,    3.1250e-02
3.4000e+00,    6.8263e-02,    3.1250e-02
3.4315e+00,    6.8888e-02,    3.1250e-02
3.4633e+00,    6.9519e-02,    3.1250e-02
3.4953e+00,    7.0156e-02,    3.1250e-02
3.5277e+00,    7.0798e-02,    3.1250e-02
3.5603e+00,    7.1446e-02,    3.1250e-02
3.5933e+00,    7.2100e-02,    3.1250e-02
3.6266e+00,    7.2760e-02,    3.1250e-02
3.6602e+00,    7.3426e-02,    3.1250e-02
3.6940e+00,    7.4097e-02,    3.1250e-02
3.7282e+00,    7.4775e-02,    3.1250e-02
3.7628e+00,    7.5458e-02,    3.1250e-02
3.7976e+00,    7.6148e-02,    3.1250e-02
3.8328e+00,    7.6844e-02,    3.1250e-02
3.8682e+00,    7.7546e-02,    3.1250e-02
3.9041e+00,    7.8254e-02,    3.1250e-02
3.9402e+00,    7.8969e-02,    3.1250e-02
3.9767e+00,    7.9690e-02,    3.1250e-02
4.0135e+00,    8.0417e-02,    3.1250e-02
4.0507e+00,    8.1151e-02,    3.1250e-02
4.0882e+00,    8.1891e-02,    3.1250e-02
4.1260e+00,    8.2638e-02,    3.1250e-02
4.1642e+00,    8.3391e-02,    3.1250e-02
4.2028e+00,    8.4151e-02,    3.1250e-02
4.2417e+00,    8.4918e-02,    3.1250e-02
4.2810e+00,    8.5691e-02,    3.1250e-02
4.3206e+00,    8.6471e-02,    3.1250e-02
4.3606e+00,    8.7259e-02,    3.1250e-02
4.4010e+00,    8.8053e-02,    3.1250e-02
4.4417e+00,    8.8854e-02,    3.1250e-02
4.4829e+00,    8.9662e-02,    3.1250e-02
4.5244e+00,    9.0477e-02,    3.1250e-02
4.5662e+00,    9.1299e-02,    3.1250e-02
4.6085e+00,    9.2129e-02,    3.1250e-02
4.6512e+00,    9.2965e-02,    3.1250e-02
4.6943e+00,    9.3809e-02,    3.1250e-02
4.7377e+00,    9.4661e-02,    3.1250e-02
4.7816e+00,    9.5520e-02,    3.1250e-02
4.8259e+00,    9.6386e-02,    3.1250e-02
4.8705e+00,    9.7260e-02,    3.1250e-02
4.9156e+00,    9.8141e-02,    3.1250e-02
4.9611e+00,    9.9030e-02,    3.1250e-02
5.0071e+00,    9.9927e-02,    3.1250e-02
5.0534e+00,    1.0083e-01,    3.1250e-02
5.1002e+00,    1.0174e-01,    3.1250e-02
5.1474e+00,    1.0266e-01,    3.1250e-02
5.1951e+00,    1.0359e-01,    3.1250e-02
5.2432e+00,    1.0453e-01,    3.1250e-02
5.2918e+00,    1.0547e-01,    3.1250e-02
5.3407e+00,    1.0642e-01,    3.1250e-02
5.3902e+00,    1.0738e-01,    3.1250e-02
5.4401e+00,    1.0835e-01,    3.1250e-02
5.4905e+00,    1.0933e-01,    3.1250e-02
5.5413e+00,    1.1031e-01,    3.1250e-02
5.5926e+00,    1.1131e-01,    3.1250e-02
5.6444e+00,    1.1231e-01,    3.1250e-02
5.6966e+00,    1.1332e-01,    3.1250e-02
5.7494e+00,    1.1434e-01,    3.1250e-02
5.8026e+00,    1.1537e-01,    3.1250e-02
5.8563e+00,    1.1640e-01,    3.1250e-02
5.9106e+00,    1.1745e-01,    3.1250e-02
5.9653e+00,    1.1850e-01,    3.1250e-02
6.0205e+00,    1.1956e-01,    3.1250e-02
6.0763e+00,    1.2064e-01,    3.1250e-02
6.1325e+00,    1.2172e-01,    3.1250e-02
6.1893e+00,    1.2281e-01,    3.1250e-02
6.2466e+00,    1.2390e-01,    3.1250e-02
6.3044e+00,    1.2501e-01,    3.1250e-02
6.3628e+00,    1.2613e-01,    3.1250e-02
6.4217e+00,    1.2725e-01,    3.1250e-02
6.4812e+00,    1.2839e-01,    3.1250e-02
6.5412e+00,    1.2954e-01,    3.1250e-02
6.6018e+00,    1.3069e-01,    3.1250e-02
6.6629e+00,    1.3185e-01,    3.1250e-02
6.7246e+00,    1.3303e-01,    3.1250e-02
6.7868e+00,    1.3421e-01,    3.1250e-02
6.8497e+00,    1.3540e-01,    3.1250e-02
6.9131e+00,    1.3660e-01,    3.1250e-02
6.9771e+00,    1.3782e-01,    3.1250e-02
7.0417e+00,    1.3904e-01,    3.1250e-02
7.1069e+00,    1.4027e-01,    3.1250e-02
7.1727e+00,    1.4151e-01,    3.1250e-02
7.2391e+00,    1.4276e-01,    3.1250e-02
7.3061e+00,    1.4402e-01,    3.1250e-02
7.3738e+00,    1.4530e-01,    3.1250e-02
7.4420e+00,    1.4658e-01,    3.1250e-02
7.5109e+00,    1.4787e-01,    3.1250e-02
7.5805e+00,    1.4917e-01,    3.1250e-02
7.6507e+00,    1.5048e-01,    3.1250e-02
7.7215e+00,    1.5181e-01,    3.1250e-02
7.7930e+00,    1.5314e-01,    3.1250e-02
7.8651e+00,    1.5448e-01,    3.1250e-02
7.9380e+00,    1.5584e-01,    3.1250e-02
8.0115e+00,    1.5720e-01,    3.1250e-02
8.0856e+00,    1.5858e-01,    3.1250e-02
8.1605e+00,    1.5996e-01,    3.1250e-02
8.2361e+00,    1.6136e-01,    3.1250e-02
8.3123e+00,    1.6277e-01,    3.1250e-02
8.3893e+00,    1.6418e-01,    3.1250e-02
8.4669e+00,    1.6561e-01,    3.1250e-02
8.5453e+00,    1.6705e-01,    3.1250e-02
8.6245e+00,    1.6850e-01,    3.1250e-02
8.7043e+00,    1.6996e-01,    3.1250e-02
8.7849e+00,    1.7144e-01,    3.1250e-02
8.8662e+00,    1.7292e-01,    3.1250e-02
8.9483e+00,    1.7441e-01,    3.1250e-02
9.0312e+00,    1.7592e-01,    3.1250e-02
9.1148e+00,    1.7744e-01,    3.1250e-02
9.1992e+00,    1.7896e-01,    3.1250e-02
9.2844e+00,    1.8050e-01,    3.1250e-02
9.3703e+00,    1.8205e-01,    3.1250e-02
9.4571e+00,    1.8361e-01,    3.1250e-02
9.5446e+00,    1.8519e-01,    3.1250e-02
9.6330e+00,    1.8677e-01,    3.1250e-02
9.7222e+00,    1.8837e-01,    3.1250e-02
9.8122e+00,    1.8997e-01,    3.1250e-02
9.9031e+00,    1.9159e-01,    3.1250e-02
9.9947e+00,    1.9322e-01,    3.1250e-02
1.0087e+01,    1.9486e-01,    3.1250e-02
1.0181e+01,    1.9651e-01,    3.1250e-02
1.0275e+01,    1.9818e-01,    3.1250e-02
1.0370e+01,    1.9985e-01,    3.1250e-02
1.0466e+01,    2.0154e-01,    3.1250e-02
1.0563e+01,    2.0324e-01,    3.1250e-02
1.0661e+01,    2.0495e-01,    3.1250e-02
1.0759e+01,    2.0667e-01,    3.1250e-02
1.0859e+01,    2.0840e-01,    3.1250e-02
1.0960e+01,    2.1014e-01,    3.1250e-02
1.1061e+01,    2.1190e-01,    3.1250e-02
1.1164e+01,    2.1367e-01,    3.1250e-02
1.1267e+01,    2.1545e-01,    3.1250e-02
1.1371e+01,    2.1724e-01,    3.1250e-02
1.1476e+01,    2.1904e-01,    3.1250e-02
1.1583e+01,    2.2085e-01,    3.1250e-02
1.1690e+01,    2.2268e-01,    3.1250e-02
1.1798e+01,    2.2451e-01,    3.1250e-02
1.1907e+01,    2.2636e-01,    3.1250e-02
1.2018e+01,    2.2822e-01,    3.1250e-02
1.2129e+01,    2.3009e-01,    3.1250e-02
1.2241e+01,    2.3197e-01,    3.1250e-02
1.2355e+01,    2.3386e-01,    3.1250e-02
1.2469e+01,    2.3577e-01,    3.1250e-02
1.2584e+01,    2.3768e-01,    3.1250e-02
1.2701e+01,    2.3961e-01,    3.1250e-02
1.2819e+01,    2.4155e-01,    3.1250e-02
1.2937e+01,    2.4350e-01,    3.1250e-02
1.3057e+01,    2.4546e-01,    3.1250e-02
1.3178e+01,    2.4743e-01,    3.1250e-02
1.3300e+01,    2.4942e-01,    3.1250e-02
1.3423e+01,    2.5141e-01,    3.1250e-02
1.3547e+01,    2.5342e-01,    3.1250e-02
1.3673e+01,    2.5543e-01,    3.1250e-02
1.3799e+01,    2.5746e-01,    3.1250e-02
1.3927e+01,    2.5950e-01,    3.1250e-02
1.4056e+01,    2.6155e-01,    3.1250e-02
1.4186e+01,    2.6361e-01,    3.1250e-02
1.4318e+01,    2.6568e-01,    3.1250e-02
1.4450e+01,    2.6776e-01,    3.1250e-02
1.4584e+01,    2.6985e-01,    3.1250e-02
1.4719e+01,    2.7195e-01,    3.1250e-02
1.4855e+01,    2.7406e-01,    3.1250e-02
1.4993e+01,    2.7618e-01,    3.1250e-02
1.5132e+01,    2.7832e-01,    3.1250e-02
1.5272e+01,    2.8046e-01,    3.1250e-02
1.5413e+01,    2.8261e-01,    3.1250e-02
1.5556e+01,    2.8477e-01,    3.1250e-02
1.5700e+01,    2.8695e-01,    3.1250e-02
1.5845e+01,    2.8913e-01,    3.1250e-02
1.5992e+01,    2.9132e-01,    3.1250e-02
1.6140e+01,    2.9352e-01,    3.1250e-02
1.6289e+01,    2.9573e-01,    3.1250e-02
1.6440e+01,    2.9795e-01,    3.1250e-02
1.6592e+01,    3.0018e-01,    3.1250e-02
1.6746e+01,    3.0242e-01,    3.1250e-02
1.6901e+01,    3.0466e-01,    3.1250e-02
1.7058e+01,    3.0692e-01,    3.1250e-02
1.7215e+01,    3.0918e-01,    3.1250e-02
1.7375e+01,    3.1146e-01,    3.1250e-02
1.7536e+01,    3.1374e-01,    3.1250e-02
1.7698e+01,    3.1603e-01,    3.1250e-02
1.7862e+01,    3.1832e-01,    3.1250e-02
1.8027e+01,    3.2063e-01,    3.1250e-02
1.8194e+01,    3.2294e-01,    3.1250e-02
1.8363e+01,    3.2526e-01,    3.1250e-02
1.8533e+01,    3.2759e-01,    3.1250e-02
1.8704e+01,    3.2993e-01,    3.1250e-02
1.8878e+01,    3.3227e-01,    3.1250e-02
1.9052e+01,    3.3462e-01,    3.1250e-02
1.9229e+01,    3.3698e-01,    3.1250e-02
1.9407e+01,    3.3934e-01,    3.1250e-02
1.9586e+01,    3.4171e-01,    3.1250e-02
1.9768e+01,    3.4409e-01,    3.1250e-02
1.9951e+01,    3.4647e-01,    3.1250e-02
2.0135e+01,    3.4886e-01,    3.1250e-02
2.0322e+01,    3.5125e-01,    3.1250e-02
2.0510e+01,    3.5365e-01,    3.1250e-02
2.0700e+01,    3.5606e-01,    3.1250e-02
2.0892e+01,    3.5847e-01,    3.1250e-02
2.1085e+01,    3.6089e-01,    3.1250e-02
2.1280e+01,    3.6331e-01,    3.1250e-02
2.1477e+01,    3.6573e-01,    3.1250e-02
2.1676e+01,    3.6816e-01,    3.1250e-02
2.1877e+01,    3.7060e-01,    3.1250e-02
2.2079e+01,    3.7303e-01,    3.1250e-02
2.2284e+01,    3.7548e-01,    3.1250e-02
2.2490e+01,    3.7792e-01,    3.1250e-02
2.2698e+01,    3.8037e-01,    3.1250e-02
2.2909e+01,    3.8282e-01,    3.1250e-02
2.3121e+01,    3.8528e-01,    3.1250e-02
2.3335e+01,    3.8774e-01,    3.1250e-02
2.3551e+01,    3.9020e-01,    3.1250e-02
2.3769e+01,    3.9266e-01,    3.1250e-02
2.3989e+01,    3.9513e-01,    3.1250e-02
2.4211e+01,    3.9760e-01,    3.1250e-02
2.4435e+01,    4.0007e-01,    3.1250e-02
2.4661e+01,    4.0254e-01,    3.1250e-02
2.4890e+01,    4.0501e-01,    3.1250e-02
2.5120e+01,    4.0748e-01,    3.1250e-02
2.5353e+01,    4.0996e-01,    3.1250e-02
2.5587e+01,    4.1244e-01,    3.1250e-02
2.5824e+01,    4.1491e-01,    3.1250e-02
2.6063e+01,    4.1739e-01,    3.1250e-02
2.6305e+01,    4.1986e-01,    3.1250e-02
2.6548e+01,    4.2234e-01,    3.1250e-02
2.6794e+01,    4.2482e-01,    3.1250e-02
2.7042e+01,    4.2729e-01,    3.1250e-02
2.7293e+01,    4.2977e-01,    3.1250e-02
2.7545e+01,    4.3224e-01,    3.1250e-02
2.7800e+01,    4.3471e-01,    3.1250e-02
2.8058e+01,    4.3718e-01,    3.1250e-02
2.8317e+01,    4.3965e-01,    3.1250e-02
2.8580e+01,    4.4212e-01,    3.1250e-02
2.8844e+01,    4.4459e-01,    3.1250e-02
2.9111e+01,    4.4705e-01,    3.1250e-02
2.9381e+01,    4.4951e-01,    3.1250e-02
2.9653e+01,    4.5197e-01,    3.1250e-02
2.9927e+01,    4.5443e-01,    3.1250e-02
3.0205e+01,    4.5688e-01,    3.1250e-02
3.0484e+01,    4.5933e-01,    3.1250e-02
3.0766e+01,    4.6177e-01,    3.1250e-02
3.1051e+01,    4.6421e-01,    3.1250e-02
3.1339e+01,    4.6665e-01,    3.1250e-02
3.1629e+01,    4.6909e-01,    3.1250e-02
3.1922e+01,    4.7152e-01,    3.1250e-02
3.2217e+01,    4.7394e-01,    3.1250e-02
3.2516e+01,    4.7636e-01,    3.1250e-02
3.2817e+01,    4.7878e-01,    3.1250e-02
3.3121e+01,    4.8119e-01,    3.1250e-02
3.3427e+01,    4.8360e-01,    3.1250e-02
3.3737e+01,    4.8600e-01,    3.1250e-02
3.4049e+01,    4.8839e-01,    3.1250e-02
3.4364e+01,    4.9078e-01,    3.1250e-02
3.4682e+01,    4.9317e-01,    3.1250e-02
3.5004e+01,    4.9555e-01,    3.1250e-02
3.5328e+01,    4.9792e-01,    3.1250e-02
3.5655e+01,    5.0028e-01,    3.1250e-02
3.5985e+01,    5.0264e-01,    3.1250e-02
3.6318e+01,    5.0499e-01,    3.1250e-02
3.6654e+01,    5.0734e-01,    3.1250e-02
3.6994e+01,    5.0968e-01,    3.1250e-02
3.7336e+01,    5.1201e-01,    3.1250e-02
3.7682e+01,    5.1434e-01,    3.1250e-02
3.8031e+01,    5.1665e-01,    3.1250e-02
3.8383e+01,    5.1897e-01,    3.1250e-02
3.8738e+01,    5.2127e-01,    3.1250e-02
3.9097e+01,    5.2356e-01,    3.1250e-02
3.9459e+01,    5.2585e-01,    3.1250e-02
3.9824e+01,    5.2813e-01,    3.1250e-02
4.0193e+01,    5.3040e-01,    3.1250e-02
4.0565e+01,    5.3267e-01,    3.1250e-02
4.0941e+01,    5.3492e-01,    3.1250e-02
4.1320e+01,    5.3717e-01,    3.1250e-02
4.1702e+01,    5.3941e-01,    3.1250e-02
4.2088e+01,    5.4164e-01,    3.1250e-02
4.2478e+01,    5.4386e-01,    3.1250e-02
4.2871e+01,    5.4607e-01,    3.1250e-02
4.3268e+01,    5.4828e-01,    3.1250e-02
4.3669e+01,    5.5047e-01,    3.1250e-02
4.4073e+01,    5.5266e-01,    3.1250e-02
4.4481e+01,    5.5484e-01,    3.1250e-02
4.4893e+01,    5.5701e-01,    3.1250e-02
4.5309e+01,    5.5917e-01,    3.1250e-02
4.5728e+01,    5.6132e-01,    3.1250e-02
4.6152e+01,    5.6346e-01,    3.1250e-02
4.6579e+01,    5.6559e-01,    3.1250e-02
4.7010e+01,    5.6771e-01,    3.1250e-02
4.7445e+01,    5.6983e-01,    3.1250e-02
4.7885e+01,    5.7193e-01,    3.1250e-02
4.8328e+01,    5.7402e-01,    3.1250e-02
4.8776e+01,    5.7611e-01,    3.1250e-02
4.9227e+01,    5.7819e-01,    3.1250e-02
4.9683e+01,    5.8025e-01,    3.1250e-02
5.0143e+01,    5.8231e-01,    3.1250e-02
5.0607e+01,    5.8436e-01,    3.1250e-02
5.1076e+01,    5.8639e-01,    3.1250e-02
5.1549e+01,    5.8842e-01,    3.1250e-02
5.2026e+01,    5.9044e-01,    3.1250e-02
5.2508e+01,    5.9245e-01,    3.1250e-02
5.2994e+01,    5.9445e-01,    3.1250e-02
5.3484e+01,    5.9643e-01,    3.1250e-02
5.3980e+01,    5.9841e-01,    3.1250e-02
5.4479e+01,    6.0038e-01,    3.1250e-02
5.4984e+01,    6.0234e-01,    3.1250e-02
5.5493e+01,    6.0429e-01,    3.1250e-02
5.6007e+01,    6.0623e-01,    3.1250e-02
5.6525e+01,    6.0817e-01,    3.1250e-02
5.7049e+01,    6.1009e-01,    3.1250e-02
5.7577e+01,    6.1200e-01,    3.1250e-02
5.8110e+01,    6.1390e-01,    3.1250e-02
5.8648e+01,    6.1579e-01,    3.1250e-02
5.9191e+01,    6.1767e-01,    3.1250e-02
5.9739e+01,    6.1955e-01,    3.1250e-02
6.0292e+01,    6.2141e-01,    3.1250e-02
6.0850e+01,    6.2326e-01,    3.1250e-02
6.1414e+01,    6.2511e-01,    3.1250e-02
6.1982e+01,    6.2694e-01,    3.1250e-02
6.2556e+01,    6.2877e-01,    3.1250e-02
6.3135e+01,    6.3058e-01,    3.1250e-02
6.3720e+01,    6.3239e-01,    3.1250e-02
6.4310e+01,    6.3419e-01,    3.1250e-02
6.4905e+01,    6.3597e-01,    3.1250e-02
6.5506e+01,    6.3775e-01,    3.1250e-02
6.6113e+01,    6.3952e-01,    3.1250e-02
6.6725e+01,    6.4128e-01,    3.1250e-02
6.7343e+01,    6.4303e-01,    3.1250e-02
6.7966e+01,    6.4477e-01,    3.1250e-02
6.8595e+01,    6.4650e-01,    3.1250e-02
6.9230e+01,    6.4822e-01,    3.1250e-02
6.9871e+01,    6.4994e-01,    3.1250e-02
7.0518e+01,    6.5164e-01,    3.1250e-02
7.1171e+01,    6.5334e-01,    3.1250e-02
7.1830e+01,    6.5502e-01,    3.1250e-02
7.2495e+01,    6.5670e-01,    3.1250e-02
7.3166e+01,    6.5837e-01,    3.1250e-02
7.3844e+01,    6.6003e-01,    3.1250e-02
7.4528e+01,    6.6168e-01,    3.1250e-02
7.5218e+01,    6.6332e-01,    3.1250e-02
7.5914e+01,    6.6495e-01,    3.1250e-02
7.6617e+01,    6.6658e-01,    3.1250e-02
7.7326e+01,    6.6819e-01,    3.1250e-02
7.8042e+01,    6.6980e-01,    3.1250e-02
7.8765e+01,    6.7140e-01,    3.1250e-02
7.9494e+01,    6.7299e-01,    3.1250e-02
8.0230e+01,    6.7457e-01,    3.1250e-02
8.0973e+01,    6.7614e-01,    3.1250e-02
8.1723e+01,    6.7771e-01,    3.1250e-02
8.2479e+01,    6.7926e-01,    3.1250e-02
8.3243e+01,    6.8081e-01,    3.1250e-02
8.4014e+01,    6.8235e-01,    3.1250e-02
8.4791e+01,    6.8388e-01,    3.1250e-02
8.5577e+01,    6.8541e-01,    3.1250e-02
8.6369e+01,    6.8692e-01,    3.1250e-02
8.7169e+01,    6.8843e-01,    3.1250e-02
8.7976e+01,    6.8993e-01,    3.1250e-02
8.8790e+01,    6.9142e-01,    3.1250e-02
8.9612e+01,    6.9291e-01,    3.1250e-02
9.0442e+01,    6.9438e-01,    3.1250e-02
9.1279e+01,    6.9585e-01,    3.1250e-02
9.2124e+01,    6.9731e-01,    3.1250e-02
9.2977e+01,    6.9877e-01,    3.1250e-02
9.3838e+01,    7.0021e-01,    3.1250e-02
9.4707e+01,    7.0165e-01,    3.1250e-02
9.5584e+01,    7.0308e-01,    3.1250e-02
9.6469e+01,    7.0450e-01,    3.1250e-02
9.7362e+01,    7.0592e-01,    3.1250e-02
9.8264e+01,    7.0733e-01,    3.1250e-02
9.9173e+01,    7.0873e-01,    3.1250e-02
1.0009e+02,    7.1012e-01,    3.1250e-02
1.0102e+02,    7.1151e-01,    3.1250e-02
1.0195e+02,    7.1289e-01,    3.1250e-02
1.0290e+02,    7.1426e-01,    3.1250e-02
1.0385e+02,    7.1562e-01,    3.1250e-02
1.0481e+02,    7.1698e-01,    3.1250e-02
1.0578e+02,    7.1833e-01,    3.1250e-02
1.0676e+02,    7.1967e-01,    3.1250e-02
1.0775e+02,    7.2101e-01,    3.1250e-02
1.0875e+02,    7.2234e-01,    3.1250e-02
1.0975e+02,    7.2366e-01,    3.1250e-02
1.1077e+02,    7.2498e-01,    3.1250e-02
1.1180e+02,    7.2629e-01,    3.1250e-02
1.1283e+02,    7.2759e-01,    3.1250e-02
1.1388e+02,    7.2889e-01,    3.1250e-02
1.1493e+02,    7.3018e-01,    3.1250e-02
1.1599e+02,    7.3146e-01,    3.1250e-02
1.1707e+02,    7.3274e-01,    3.1250e-02
1.1815e+02,    7.3401e-01,    3.1250e-02
1.1925e+02,    7.3527e-01,    3.1250e-02
1.2035e+02,    7.3653e-01,    3.1250e-02
1.2146e+02,    7.3778e-01,    3.1250e-02
1.2259e+02,    7.3902e-01,    3.1250e-02
1.2372e+02,    7.4026e-01,    3.1250e-02
1.2487e+02,    7.4149e-01,    3.1250e-02
1.2603e+02,    7.4271e-01,    3.1250e-02
1.2719e+02,    7.4393e-01,    3.1250e-02
1.2837e+02,    7.4515e-01,    3.1250e-02
1.2956e+02,    7.4635e-01,    3.1250e-02
1.3076e+02,    7.4755e-01,    3.1250e-02
1.3197e+02,    7.4875e-01,    3.1250e-02
1.3319e+02,    7.4994e-01,    3.1250e-02
1.3442e+02,    7.5112e-01,    3.1250e-02
1.3567e+02,    7.5230e-01,    3.1250e-02
1.3692e+02,    7.5347e-01,    3.1250e-02
1.3819e+02,    7.5463e-01,    3.1250e-02
1.3947e+02,    7.5579e-01,    3.1250e-02
1.4076e+02,    7.5695e-01,    3.1250e-02
1.4207e+02,    7.5810e-01,    3.1250e-02
1.4338e+02,    7.5924e-01,    3.1250e-02
1.4471e+02,    7.6037e-01,    3.1250e-02
1.4605e+02,    7.6150e-01,    3.1250e-02
1.4740e+02,    7.6263e-01,    3.1250e-02
1.4877e+02,    7.6375e-01,    3.1250e-02
1.5014e+02,    7.6486e-01,    3.1250e-02
1.5153e+02,    7.6597e-01,    3.1250e-02
1.5294e+02,    7.6708e-01,    3.1250e-02
1.5435e+02,    7.6817e-01,    3.1250e-02
1.5578e+02,    7.6927e-01,    3.1250e-02
1.5722e+02,    7.7035e-01,    3.1250e-02
1.5868e+02,    7.7143e-01,    3.1250e-02
1.6015e+02,    7.7251e-01,    3.1250e-02
1.6163e+02,    7.7358e-01,    3.1250e-02
1.6313e+02,    7.7465e-01,    3.1250e-02
1.6464e+02,    7.7571e-01,    3.1250e-02
1.6616e+02,    7.7676e-01,    3.1250e-02
1.6770e+02,    7.7781e-01,    3.1250e-02
1.6925e+02,    7.7886e-01,    3.1250e-02
1.7082e+02,    7.7990e-01,    3.1250e-02
1.7240e+02,    7.8093e-01,    3.1250e-02
1.7400e+02,    7.8196e-01,    3.1250e-02
1.7561e+02,    7.8299e-01,    3.1250e-02
1.7724e+02,    7.8400e-01,    3.1250e-02
1.7888e+02,    7.8502e-01,    3.1250e-02
1.8053e+02,    7.8603e-01,    3.1250e-02
1.8220e+02,    7.8703e-01,    3.1250e-02
1.8389e+02,    7.8803e-01,    3.1250e-02
1.8559e+02,    7.8903e-01,    3.1250e-02
1.8731e+02,    7.9002e-01,    3.1250e-02
1.8905e+02,    7.9100e-01,    3.1250e-02
1.9080e+02,    7.9198e-01,    3.1250e-02
1.9256e+02,    7.9296e-01,    3.1250e-02
1.9435e+02,    7.9393e-01,    3.1250e-02
1.9615e+02,    7.9490e-01,    3.1250e-02
1.9796e+02,    7.9586e-01,    3.1250e-02
1.9980e+02,    7.9682e-01,    3.1250e-02
2.0164e+02,    7.9777e-01,    3.1250e-02
2.0351e+02,    7.9872e-01,    3.1250e-02
2.0540e+02,    7.9966e-01,    3.1250e-02
2.0730e+02,    8.0060e-01,    3.1250e-02
2.0922e+02,    8.0153e-01,    3.1250e-02
2.1115e+02,    8.0246e-01,    3.1250e-02
2.1311e+02,    8.0339e-01,    3.1250e-02
2.1508e+02,    8.0431e-01,    3.1250e-02
2.1707e+02,    8.0522e-01,    3.1250e-02
2.1908e+02,    8.0613e-01,    3.1250e-02
2.2111e+02,    8.0704e-01,    3.1250e-02
2.2316e+02,    8.0794e-01,    3.1250e-02
2.2523e+02,    8.0884e-01,    3.1250e-02
2.2731e+02,    8.0974e-01,    3.1250e-02
2.2942e+02,    8.1063e-01,    3.1250e-02
2.3154e+02,    8.1151e-01,    3.1250e-02
2.3368e+02,    8.1240e-01,    3.1250e-02
2.3585e+02,    8.1327e-01,    3.1250e-02
2.3803e+02,    8.1415e-01,    3.1250e-02
2.4023e+02,    8.1501e-01,    3.1250e-02
2.4246e+02,    8.1588e-01,    3.1250e-02
2.4470e+02,    8.1674e-01,    3.1250e-02
2.4697e+02,    8.1760e-01,    3.1250e-02
2.4926e+02,    8.1845e-01,    3.1250e-02
2.5156e+02,    8.1930e-01,    3.1250e-02
2.5389e+02,    8.2014e-01,    3.1250e-02
2.5624e+02,    8.2098e-01,    3.1250e-02
2.5862e+02,    8.2182e-01,    3.1250e-02
2.6101e+02,    8.2265e-01,    3.1250e-02
2.6343e+02,    8.2348e-01,    3.1250e-02
2.6587e+02,    8.2430e-01,    3.1250e-02
2.6833e+02,    8.2512e-01,    3.1250e-02
2.7081e+02,    8.2594e-01,    3.1250e-02
2.7332e+02,    8.2675e-01,    3.1250e-02
2.7585e+02,    8.2756e-01,    3.1250e-02
2.7840e+02,    8.2836e-01,    3.1250e-02
2.8098e+02,    8.2916e-01,    3.1250e-02
2.8358e+02,    8.2996e-01,    3.1250e-02
2.8621e+02,    8.3075e-01,    3.1250e-02
2.8886e+02,    8.3154e-01,    3.1250e-02
2.9153e+02,    8.3233e-01,    3.1250e-02
2.9423e+02,    8.3311e-01,    3.1250e-02
2.9696e+02,    8.3389e-01,    3.1250e-02
2.9971e+02,    8.3466e-01,    3.1250e-02
3.0248e+02,    8.3544e-01,    3.1250e-02
3.0528e+02,    8.3620e-01,    3.1250e-02
3.0811e+02,    8.3697e-01,    3.1250e-02
3.1096e+02,    8.3773e-01,    3.1250e-02
3.1384e+02,    8.3848e-01,    3.1250e-02
3.1675e+02,    8.3923e-01,    3.1250e-02
3.1968e+02,    8.3998e-01,    3.1250e-02
3.2264e+02,    8.4073e-01,    3.1250e-02
3.2562e+02,    8.4147e-01,    3.1250e-02
3.2864e+02,    8.4221e-01,    3.1250e-02
3.3168e+02,    8.4295e-01,    3.1250e-02
3.3475e+02,    8.4368e-01,    3.1250e-02
3.3785e+02,    8.4440e-01,    3.1250e-02
3.4098e+02,    8.4513e-01,    3.1250e-02
3.4414e+02,    8.4585e-01,    3.1250e-02
3.4732e+02,    8.4657e-01,    3.1250e-02
3.5054e+02,    8.4728e-01,    3.1250e-02
3.5379e+02,    8.4799e-01,    3.1250e-02
3.5706e+02,    8.4870e-01,    3.1250e-02
3.6037e+02,    8.4941e-01,    3.1250e-02
3.6370e+02,    8.5011e-01,    3.1250e-02
3.6707e+02,    8.5080e-01,    3.1250e-02
3.7047e+02,    8.5150e-01,    3.1250e-02
3.7390e+02,    8.5219e-01,    3.1250e-02
3.7736e+02,    8.5288e-01,    3.1250e-02
3.8086e+02,    8.5356e-01,    3.1250e-02
3.8438e+02,    8.5424e-01,    3.1250e-02
3.8794e+02,    8.5492e-01,    3.1250e-02
3.9153e+02,    8.5560e-01,    3.1250e-02
3.9516e+02,    8.5627e-01,    3.1250e-02
3.9882e+02,    8.5694e-01,    3.1250e-02
4.0251e+02,    8.5760e-01,    3.1250e-02
4.0624e+02,    8.5826e-01,    3.1250e-02
4.1000e+02,    8.5892e-01,    3.1250e-02
4.1379e+02,    8.5958e-01,    3.1250e-02
4.1762e+02,    8.6023e-01,    3.1250e-02
4.2149e+02,    8.6088e-01,    3.1250e-02
4.2539e+02,    8.6153e-01,    3.1250e-02
4.2933e+02,    8.6217e-01,    3.1250e-02
4.3331e+02,    8.6281e-01,    3.1250e-02
4.3732e+02,    8.6345e-01,    3.1250e-02
4.4137e+02,    8.6408e-01,    3.1250e-02
4.4545e+02,    8.6472e-01,    3.1250e-02
4.4958e+02,    8.6534e-01,    3.1250e-02
4.5374e+02,    8.6597e-01,    3.1250e-02
4.5794e+02,    8.6659e-01,    3.1250e-02
4.6218e+02,    8.6721e-01,    3.1250e-02
4.6646e+02,    8.6783e-01,    3.1250e-02
4.7078e+02,    8.6844e-01,    3.1250e-02
4.7514e+02,    8.6905e-01,    3.1250e-02
4.7954e+02,    8.6966e-01,    3.1250e-02
4.8398e+02,    8.7027e-01,    3.1250e-02
4.8846e+02,    8.7087e-01,    3.1250e-02
4.9298e+02,    8.7147e-01,    3.1250e-02
4.9755e+02,    8.7207e-01,    3.1250e-02
5.0215e+02,    8.7266e-01,    3.1250e-02
5.0680e+02,    8.7325e-01,    3.1250e-02
5.1149e+02,    8.7384e-01,    3.1250e-02
5.1623e+02,    8.7443e-01,    3.1250e-02
5.2101e+02,    8.7501e-01,    3.1250e-02
5.2583e+02,    8.7559e-01,    3.1250e-02
5.3070e+02,    8.7617e-01,    3.1250e-02
5.3561e+02,    8.7674e-01,    3.1250e-02
5.4057e+02,    8.7731e-01,    3.1250e-02
5.4558e+02,    8.7788e-01,    3.1250e-02
5.5063e+02,    8.7845e-01,    3.1250e-02
5.5573e+02,    8.7901e-01,    3.1250e-02
5.6087e+02,    8.7957e-01,    3.1250e-02
5.6607e+02,    8.8013e-01,    3.1250e-02
5.7131e+02,    8.8069e-01,    3.1250e-02
5.7660e+02,    8.8124e-01,    3.1250e-02
5.8194e+02,    8.8179e-01,    3.1250e-02
5.8732e+02,    8.8234e-01,    3.1250e-02
5.9276e+02,    8.8289e-01,    3.1250e-02
5.9825e+02,    8.8343e-01,    3.1250e-02
6.0379e+02,    8.8397e-01,    3.1250e-02
6.0938e+02,    8.8451e-01,    3.1250e-02
6.1502e+02,    8.8505e-01,    3.1250e-02
6.2072e+02,    8.8558e-01,    3.1250e-02
6.2646e+02,    8.8611e-01,    3.1250e-02
6.3226e+02,    8.8664e-01,    3.1250e-02
6.3812e+02,    8.8716e-01,    3.1250e-02
6.4402e+02,    8.8769e-01,    3.1250e-02
6.4999e+02,    8.8821e-01,    3.1250e-02
6.5601e+02,    8.8873e-01,    3.1250e-02
6.6208e+02,    8.8924e-01,    3.1250e-02
6.6821e+02,    8.8975e-01,    3.1250e-02
6.7440e+02,    8.9027e-01,    3.1250e-02
6.8064e+02,    8.9077e-01,    3.1250e-02
6.8694e+02,    8.9128e-01,    3.1250e-02
6.9330e+02,    8.9178e-01,    3.1250e-02
6.9972e+02,    8.9229e-01,    3.1250e-02
7.0620e+02,    8.9278e-01,    3.1250e-02
7.1274e+02,    8.9328e-01,    3.1250e-02
7.1934e+02,    8.9378e-01,    3.1250e-02
7.2600e+02,    8.9427e-01,    3.1250e-02
7.3272e+02,    8.9476e-01,    3.1250e-02
7.3950e+02,    8.9525e-01,    3.1250e-02
7.4635e+02,    8.9573e-01,    3.1250e-02
7.5326e+02,    8.9621e-01,    3.1250e-02
7.6023e+02,    8.9670e-01,    3.1250e-02
7.6727e+02,    8.9717e-01,    3.1250e-02
7.7438e+02,    8.9765e-01,    3.1250e-02
7.8155e+02,    8.9812e-01,    3.1250e-02
7.8878e+02,    8.9860e-01,    3.1250e-02
7.9609e+02,    8.9907e-01,    3.1250e-02
8.0346e+02,    8.9953e-01,    3.1250e-02
8.1090e+02,    9.0000e-01,    3.1250e-02
8.1840e+02,    9.0046e-01,    3.1250e-02
8.2598e+02,    9.0092e-01,    3.1250e-02
8.3363e+02,    9.0138e-01,    3.1250e-02
8.4135e+02,    9.0184e-01,    3.1250e-02
8.4914e+02,    9.0229e-01,    3.1250e-02
8.5700e+02,    9.0274e-01,    3.1250e-02
8.6493e+02,    9.0320e-01,    3.1250e-02
8.7294e+02,    9.0364e-01,    3.1250e-02
8.8102e+02,    9.0409e-01,    3.1250e-02
8.8918e+02,    9.0453e-01,    3.1250e-02
8.9741e+02,    9.0498e-01,    3.1250e-02
9.0572e+02,    9.0542e-01,    3.1250e-02
9.1411e+02,    9.0585e-01,    3.1250e-02
9.2257e+02,    9.0629e-01,    3.1250e-02
9.3111e+02,    9.0672e-01,    3.1250e-02
9.3973e+02,    9.0715e-01,    3.1250e-02
9.4844e+02,    9.0758e-01,    3.1250e-02
9.5722e+02,    9.0801e-01,    3.1250e-02
9.6608e+02,    9.0844e-01,    3.1250e-02
9.7502e+02,    9.0886e-01,    3.1250e-02
9.8405e+02,    9.0928e-01,    3.1250e-02
9.9316e+02,    9.0970e-01,    3.1250e-02
1.0024e+03,    9.1012e-01,    3.1250e-02
1.0116e+03,    9.1054e-01,    3.1250e-02
1.0210e+03,    9.1095e-01,    3.1250e-02
1.0305e+03,    9.1136e-01,    3.1250e-02
1.0400e+03,    9.1177e-01,    3.1250e-02
1.0496e+03,    9.1218e-01,    3.1250e-02
1.0593e+03,    9.1259e-01,    3.1250e-02
1.0692e+03,    9.1299e-01,    3.1250e-02
1.0791e+03,    9.1339e-01,    3.1250e-02
1.0890e+03,    9.1379e-01,    3.1250e-02
1.0991e+03,    9.1419e-01,    3.1250e-02
1.1093e+03,    9.1459e-01,    3.1250e-02
1.1196e+03,    9.1499e-01,    3.1250e-02
1.1299e+03,    9.1538e-01,    3.1250e-02
1.1404e+03,    9.1577e-01,    3.1250e-02
1.1510e+03,    9.1616e-01,    3.1250e-02
1.1616e+03,    9.1655e-01,    3.1250e-02
1.1724e+03,    9.1693e-01,    3.1250e-02
1.1832e+03,    9.1732e-01,    3.1250e-02
1.1942e+03,    9.1770e-01,    3.1250e-02
1.2052e+03,    9.1808e-01,    3.1250e-02
1.2164e+03,    9.1846e-01,    3.1250e-02
1.2277e+03,    9.1884e-01,    3.1250e-02
1.2390e+03,    9.1921e-01,    3.1250e-02
1.2505e+03,    9.1958e-01,    3.1250e-02
1.2621e+03,    9.1996e-01,    3.1250e-02
1.2738e+03,    9.2033e-01,    3.1250e-02
1.2856e+03,    9.2069e-01,    3.1250e-02
1.2975e+03,    9.2106e-01,    3.1250e-02
1.3095e+03,    9.2143e-01,    3.1250e-02
1.3216e+03,    9.2179e-01,    3.1250e-02
1.3338e+03,    9.2215e-01,    3.1250e-02
1.3462e+03,    9.2251e-01,    3.1250e-02
1.3586e+03,    9.2287e-01,    3.1250e-02
1.3712e+03,    9.2323e-01,    3.1250e-02
1.3839e+03,    9.2358e-01,    3.1250e-02
1.3967e+03,    9.2393e-01,    3.1250e-02
1.4097e+03,    9.2429e-01,    3.1250e-02
1.4227e+03,    9.2464e-01,    3.1250e-02
1.4359e+03,    9.2498e-01,    3.1250e-02
1.4492e+03,    9.2533e-01,    3.1250e-02
1.4626e+03,    9.2568e-01,    3.1250e-02
1.4761e+03,    9.2602e-01,    3.1250e-02
1.4898e+03,    9.2636e-01,    3.1250e-02
1.5036e+03,    9.2670e-01,    3.1250e-02
1.5175e+03,    9.2704e-01,    3.1250e-02
1.5316e+03,    9.2738e-01,    3.1250e-02
1.5458e+03,    9.2771e-01,    3.1250e-02
1.5601e+03,    9.2805e-01,    3.1250e-02
1.5745e+03,    9.2838e-01,    3.1250e-02
1.5891e+03,    9.2871e-01,    3.1250e-02
1.6038e+03,    9.2904e-01,    3.1250e-02
1.6186e+03,    9.2937e-01,    3.1250e-02
1.6336e+03,    9.2969e-01,    3.1250e-02
1.6488e+03,    9.3002e-01,    3.1250e-02
1.6640e+03,    9.3034e-01,    3.1250e-02
