# Force βfL, Extension z/L, Persistence Length λ
3.2265e-01,    3.3084e-03,    1.5625e-02
3.2564e-01,    3.3390e-03,    1.5625e-02
3.2866e-01,    3.3700e-03,    1.5625e-02
3.3170e-01,    3.4011e-03,    1.5625e-02
3.3477e-01,    3.4326e-03,    1.5625e-02
3.3787e-01,    3.4644e-03,    1.5625e-02
3.4100e-01,    3.4965e-03,    1.5625e-02
3.4416e-01,    3.5289e-03,    1.5625e-02
3.4734e-01,    3.5616e-03,    1.5625e-02
3.5056e-01,    3.5945e-03,    1.5625e-02
3.5380e-01,    3.6278e-03,    1.5625e-02
3.5708e-01,    3.6614e-03,    1.5625e-02
3.6039e-01,    3.6953e-03,    1.5625e-02
3.6372e-01,    3.7295e-03,    1.5625e-02
3.6709e-01,    3.7640e-03,    1.5625e-02
3.7049e-01,    3.7989e-03,    1.5625e-02
3.7392e-01,    3.8340e-03,    1.5625e-02
3.7738e-01,    3.8695e-03,    1.5625e-02
3.8087e-01,    3.9054e-03,    1.5625e-02
3.8440e-01,    3.9415e-03,    1.5625e-02
3.8796e-01,    3.9780e-03,    1.5625e-02
3.9155e-01,    4.0148e-03,    1.5625e-02
3.9518e-01,    4.0520e-03,    1.5625e-02
3.9884e-01,    4.0895e-03,    1.5625e-02
4.0253e-01,    4.1274e-03,    1.5625e-02
4.0626e-01,    4.1656e-03,    1.5625e-02
4.1002e-01,    4.2042e-03,    1.5625e-02
4.1381e-01,    4.2431e-03,    1.5625e-02
4.1765e-01,    4.2824e-03,    1.5625e-02
4.2151e-01,    4.3220e-03,    1.5625e-02
4.2541e-01,    4.3620e-03,    1.5625e-02
4.2935e-01,    4.4024e-03,    1.5625e-02
4.3333e-01,    4.4432e-03,    1.5625e-02
4.3734e-01,    4.4843e-03,    1.5625e-02
4.4139e-01,    4.5259e-03,    1.5625e-02
4.4548e-01,    4.5678e-03,    1.5625e-02
4.4960e-01,    4.6100e-03,    1.5625e-02
4.5376e-01,    4.6527e-03,    1.5625e-02
4.5797e-01,    4.6958e-03,    1.5625e-02
4.6221e-01,    4.7393e-03,    1.5625e-02
4.6648e-01,    4.7832e-03,    1.5625e-02
4.7080e-01,    4.8274e-03,    1.5625e-02
4.7516e-01,    4.8721e-03,    1.5625e-02
4.7956e-01,    4.9172e-03,    1.5625e-02
4.8400e-01,    4.9628e-03,    1.5625e-02
4.8848e-01,    5.0087e-03,    1.5625e-02
4.9301e-01,    5.0551e-03,    1.5625e-02
4.9757e-01,    5.1019e-03,    1.5625e-02
5.0218e-01,    5.1491e-03,    1.5625e-02
5.0683e-01,    5.1968e-03,    1.5625e-02
5.1152e-01,    5.2449e-03,    1.5625e-02
5.1626e-01,    5.2934e-03,    1.5625e-02
5.2104e-01,    5.3425e-03,    1.5625e-02
5.2586e-01,    5.3919e-03,    1.5625e-02
5.3073e-01,    5.4418e-03,    1.5625e-02
5.3564e-01,    5.4922e-03,    1.5625e-02
5.4060e-01,    5.5431e-03,    1.5625e-02
5.4561e-01,    5.5944e-03,    1.5625e-02
5.5066e-01,    5.6462e-03,    1.5625e-02
5.5576e-01,    5.6985e-03,    1.5625e-02
5.6090e-01,    5.7512e-03,    1.5625e-02
5.6610e-01,    5.8044e-03,    1.5625e-02
5.7134e-01,    5.8582e-03,    1.5625e-02
5.7663e-01,    5.9124e-03,    1.5625e-02
5.8197e-01,    5.9672e-03,    1.5625e-02
5.8735e-01,    6.0224e-03,    1.5625e-02
5.9279e-01,    6.0782e-03,    1.5625e-02
5.9828e-01,    6.1344e-03,    1.5625e-02
6.0382e-01,    6.1912e-03,    1.5625e-02
6.0941e-01,    6.2485e-03,    1.5625e-02
6.1505e-01,    6.3064e-03,    1.5625e-02
6.2075e-01,    6.3648e-03,    1.5625e-02
6.2649e-01,    6.4237e-03,    1.5625e-02
6.3230e-01,    6.4832e-03,    1.5625e-02
6.3815e-01,    6.5432e-03,    1.5625e-02
6.4406e-01,    6.6038e-03,    1.5625e-02
6.5002e-01,    6.6649e-03,    1.5625e-02
6.5604e-01,    6.7266e-03,    1.5625e-02
6.6211e-01,    6.7889e-03,    1.5625e-02
6.6824e-01,    6.8517e-03,    1.5625e-02
6.7443e-01,    6.9152e-03,    1.5625e-02
6.8068e-01,    6.9792e-03,    1.5625e-02
6.8698e-01,    7.0438e-03,    1.5625e-02
6.9334e-01,    7.1090e-03,    1.5625e-02
6.9976e-01,    7.1748e-03,    1.5625e-02
7.0624e-01,    7.2412e-03,    1.5625e-02
7.1278e-01,    7.3083e-03,    1.5625e-02
7.1937e-01,    7.3759e-03,    1.5625e-02
7.2603e-01,    7.4442e-03,    1.5625e-02
7.3276e-01,    7.5131e-03,    1.5625e-02
7.3954e-01,    7.5827e-03,    1.5625e-02
7.4639e-01,    7.6529e-03,    1.5625e-02
7.5330e-01,    7.7237e-03,    1.5625e-02
7.6027e-01,    7.7952e-03,    1.5625e-02
7.6731e-01,    7.8674e-03,    1.5625e-02
7.7442e-01,    7.9402e-03,    1.5625e-02
7.8159e-01,    8.0137e-03,    1.5625e-02
7.8882e-01,    8.0879e-03,    1.5625e-02
7.9613e-01,    8.1628e-03,    1.5625e-02
8.0350e-01,    8.2383e-03,    1.5625e-02
8.1094e-01,    8.3146e-03,    1.5625e-02
8.1845e-01,    8.3916e-03,    1.5625e-02
8.2602e-01,    8.4693e-03,    1.5625e-02
8.3367e-01,    8.5477e-03,    1.5625e-02
8.4139e-01,    8.6268e-03,    1.5625e-02
8.4918e-01,    8.7066e-03,    1.5625e-02
8.5704e-01,    8.7872e-03,    1.5625e-02
8.6498e-01,    8.8686e-03,    1.5625e-02
8.7299e-01,    8.9507e-03,    1.5625e-02
8.8107e-01,    9.0335e-03,    1.5625e-02
8.8923e-01,    9.1172e-03,    1.5625e-02
8.9746e-01,    9.2016e-03,    1.5625e-02
9.0577e-01,    9.2867e-03,    1.5625e-02
9.1416e-01,    9.3727e-03,    1.5625e-02
9.2262e-01,    9.4595e-03,    1.5625e-02
9.3116e-01,    9.5470e-03,    1.5625e-02
9.3978e-01,    9.6354e-03,    1.5625e-02
9.4848e-01,    9.7246e-03,    1.5625e-02
9.5727e-01,    9.8146e-03,    1.5625e-02
9.6613e-01,    9.9055e-03,    1.5625e-02
9.7507e-01,    9.9972e-03,    1.5625e-02
9.8410e-01,    1.0090e-02,    1.5625e-02
9.9321e-01,    1.0183e-02,    1.5625e-02
1.0024e+00,    1.0277e-02,    1.5625e-02
1.0117e+00,    1.0372e-02,    1.5625e-02
1.0211e+00,    1.0468e-02,    1.5625e-02
1.0305e+00,    1.0565e-02,    1.5625e-02
1.0401e+00,    1.0663e-02,    1.5625e-02
1.0497e+00,    1.0762e-02,    1.5625e-02
1.0594e+00,    1.0862e-02,    1.5625e-02
1.0692e+00,    1.0962e-02,    1.5625e-02
1.0791e+00,    1.1064e-02,    1.5625e-02
1.0891e+00,    1.1166e-02,    1.5625e-02
1.0992e+00,    1.1269e-02,    1.5625e-02
1.1094e+00,    1.1374e-02,    1.5625e-02
1.1196e+00,    1.1479e-02,    1.5625e-02
1.1300e+00,    1.1585e-02,    1.5625e-02
1.1405e+00,    1.1692e-02,    1.5625e-02
1.1510e+00,    1.1801e-02,    1.5625e-02
1.1617e+00,    1.1910e-02,    1.5625e-02
1.1724e+00,    1.2020e-02,    1.5625e-02
1.1833e+00,    1.2131e-02,    1.5625e-02
1.1942e+00,    1.2244e-02,    1.5625e-02
1.2053e+00,    1.2357e-02,    1.5625e-02
1.2165e+00,    1.2471e-02,    1.5625e-02
1.2277e+00,    1.2587e-02,    1.5625e-02
1.2391e+00,    1.2703e-02,    1.5625e-02
1.2506e+00,    1.2821e-02,    1.5625e-02
1.2621e+00,    1.2939e-02,    1.5625e-02
1.2738e+00,    1.3059e-02,    1.5625e-02
1.2856e+00,    1.3180e-02,    1.5625e-02
1.2975e+00,    1.3302e-02,    1.5625e-02
1.3095e+00,    1.3425e-02,    1.5625e-02
1.3217e+00,    1.3549e-02,    1.5625e-02
1.3339e+00,    1.3675e-02,    1.5625e-02
1.3462e+00,    1.3801e-02,    1.5625e-02
1.3587e+00,    1.3929e-02,    1.5625e-02
1.3713e+00,    1.4058e-02,    1.5625e-02
1.3840e+00,    1.4188e-02,    1.5625e-02
1.3968e+00,    1.4319e-02,    1.5625e-02
1.4097e+00,    1.4452e-02,    1.5625e-02
1.4228e+00,    1.4586e-02,    1.5625e-02
1.4360e+00,    1.4721e-02,    1.5625e-02
1.4493e+00,    1.4857e-02,    1.5625e-02
1.4627e+00,    1.4994e-02,    1.5625e-02
1.4762e+00,    1.5133e-02,    1.5625e-02
1.4899e+00,    1.5273e-02,    1.5625e-02
1.5037e+00,    1.5414e-02,    1.5625e-02
1.5176e+00,    1.5557e-02,    1.5625e-02
1.5317e+00,    1.5701e-02,    1.5625e-02
1.5458e+00,    1.5846e-02,    1.5625e-02
1.5601e+00,    1.5993e-02,    1.5625e-02
1.5746e+00,    1.6141e-02,    1.5625e-02
1.5892e+00,    1.6290e-02,    1.5625e-02
1.6039e+00,    1.6441e-02,    1.5625e-02
1.6187e+00,    1.6593e-02,    1.5625e-02
1.6337e+00,    1.6747e-02,    1.5625e-02
1.6488e+00,    1.6902e-02,    1.5625e-02
1.6641e+00,    1.7058e-02,    1.5625e-02
1.6795e+00,    1.7216e-02,    1.5625e-02
1.6951e+00,    1.7375e-02,    1.5625e-02
1.7108e+00,    1.7536e-02,    1.5625e-02
1.7266e+00,    1.7698e-02,    1.5625e-02
1.7426e+00,    1.7862e-02,    1.5625e-02
1.7587e+00,    1.8027e-02,    1.5625e-02
1.7750e+00,    1.8194e-02,    1.5625e-02
1.7914e+00,    1.8362e-02,    1.5625e-02
1.8080e+00,    1.8532e-02,    1.5625e-02
1.8248e+00,    1.8704e-02,    1.5625e-02
1.8417e+00,    1.8877e-02,    1.5625e-02
1.8587e+00,    1.9051e-02,    1.5625e-02
1.8759e+00,    1.9228e-02,    1.5625e-02
1.8933e+00,    1.9405e-02,    1.5625e-02
1.9108e+00,    1.9585e-02,    1.5625e-02
1.9285e+00,    1.9766e-02,    1.5625e-02
1.9464e+00,    1.9949e-02,    1.5625e-02
1.9644e+00,    2.0134e-02,    1.5625e-02
1.9826e+00,    2.0320e-02,    1.5625e-02
2.0009e+00,    2.0508e-02,    1.5625e-02
2.0195e+00,    2.0697e-02,    1.5625e-02
2.0382e+00,    2.0889e-02,    1.5625e-02
2.0570e+00,    2.1082e-02,    1.5625e-02
2.0761e+00,    2.1277e-02,    1.5625e-02
2.0953e+00,    2.1474e-02,    1.5625e-02
2.1147e+00,    2.1672e-02,    1.5625e-02
2.1343e+00,    2.1873e-02,    1.5625e-02
2.1540e+00,    2.2075e-02,    1.5625e-02
2.1740e+00,    2.2279e-02,    1.5625e-02
2.1941e+00,    2.2485e-02,    1.5625e-02
2.2144e+00,    2.2693e-02,    1.5625e-02
2.2349e+00,    2.2903e-02,    1.5625e-02
2.2556e+00,    2.3115e-02,    1.5625e-02
2.2765e+00,    2.3329e-02,    1.5625e-02
2.2976e+00,    2.3545e-02,    1.5625e-02
2.3189e+00,    2.3762e-02,    1.5625e-02
2.3403e+00,    2.3982e-02,    1.5625e-02
2.3620e+00,    2.4204e-02,    1.5625e-02
2.3839e+00,    2.4428e-02,    1.5625e-02
2.4059e+00,    2.4653e-02,    1.5625e-02
2.4282e+00,    2.4881e-02,    1.5625e-02
2.4507e+00,    2.5111e-02,    1.5625e-02
2.4734e+00,    2.5344e-02,    1.5625e-02
2.4963e+00,    2.5578e-02,    1.5625e-02
2.5194e+00,    2.5814e-02,    1.5625e-02
2.5427e+00,    2.6053e-02,    1.5625e-02
2.5663e+00,    2.6294e-02,    1.5625e-02
2.5900e+00,    2.6537e-02,    1.5625e-02
2.6140e+00,    2.6782e-02,    1.5625e-02
2.6382e+00,    2.7030e-02,    1.5625e-02
2.6626e+00,    2.7280e-02,    1.5625e-02
2.6873e+00,    2.7532e-02,    1.5625e-02
2.7122e+00,    2.7786e-02,    1.5625e-02
2.7373e+00,    2.8043e-02,    1.5625e-02
2.7626e+00,    2.8302e-02,    1.5625e-02
2.7882e+00,    2.8564e-02,    1.5625e-02
2.8140e+00,    2.8828e-02,    1.5625e-02
2.8401e+00,    2.9094e-02,    1.5625e-02
2.8664e+00,    2.9363e-02,    1.5625e-02
2.8929e+00,    2.9634e-02,    1.5625e-02
2.9197e+00,    2.9908e-02,    1.5625e-02
2.9467e+00,    3.0185e-02,    1.5625e-02
2.9740e+00,    3.0464e-02,    1.5625e-02
3.0015e+00,    3.0745e-02,    1.5625e-02
3.0293e+00,    3.1029e-02,    1.5625e-02
3.0574e+00,    3.1316e-02,    1.5625e-02
3.0857e+00,    3.1605e-02,    1.5625e-02
3.1142e+00,    3.1897e-02,    1.5625e-02
3.1431e+00,    3.2192e-02,    1.5625e-02
3.1722e+00,    3.2489e-02,    1.5625e-02
3.2015e+00,    3.2789e-02,    1.5625e-02
3.2312e+00,    3.3092e-02,    1.5625e-02
3.2611e+00,    3.3398e-02,    1.5625e-02
3.2913e+00,    3.3706e-02,    1.5625e-02
3.3218e+00,    3.4017e-02,    1.5625e-02
3.3525e+00,    3.4331e-02,    1.5625e-02
3.3836e+00,    3.4649e-02,    1.5625e-02
3.4149e+00,    3.4968e-02,    1.5625e-02
3.4465e+00,    3.5291e-02,    1.5625e-02
3.4784e+00,    3.5617e-02,    1.5625e-02
3.5106e+00,    3.5946e-02,    1.5625e-02
3.5431e+00,    3.6278e-02,    1.5625e-02
3.5759e+00,    3.6613e-02,    1.5625e-02
3.6090e+00,    3.6951e-02,    1.5625e-02
3.6425e+00,    3.7292e-02,    1.5625e-02
3.6762e+00,    3.7636e-02,    1.5625e-02
3.7102e+00,    3.7983e-02,    1.5625e-02
3.7446e+00,    3.8334e-02,    1.5625e-02
3.7792e+00,    3.8688e-02,    1.5625e-02
3.8142e+00,    3.9045e-02,    1.5625e-02
3.8496e+00,    3.9405e-02,    1.5625e-02
3.8852e+00,    3.9768e-02,    1.5625e-02
3.9212e+00,    4.0135e-02,    1.5625e-02
3.9575e+00,    4.0506e-02,    1.5625e-02
3.9941e+00,    4.0879e-02,    1.5625e-02
4.0311e+00,    4.1256e-02,    1.5625e-02
4.0684e+00,    4.1637e-02,    1.5625e-02
4.1061e+00,    4.2021e-02,    1.5625e-02
4.1441e+00,    4.2408e-02,    1.5625e-02
4.1825e+00,    4.2799e-02,    1.5625e-02
4.2212e+00,    4.3194e-02,    1.5625e-02
4.2603e+00,    4.3592e-02,    1.5625e-02
4.2997e+00,    4.3994e-02,    1.5625e-02
4.3395e+00,    4.4400e-02,    1.5625e-02
4.3797e+00,    4.4809e-02,    1.5625e-02
4.4203e+00,    4.5222e-02,    1.5625e-02
4.4612e+00,    4.5639e-02,    1.5625e-02
4.5025e+00,    4.6059e-02,    1.5625e-02
4.5442e+00,    4.6484e-02,    1.5625e-02
4.5863e+00,    4.6912e-02,    1.5625e-02
4.6287e+00,    4.7344e-02,    1.5625e-02
4.6716e+00,    4.7780e-02,    1.5625e-02
4.7148e+00,    4.8221e-02,    1.5625e-02
4.7585e+00,    4.8665e-02,    1.5625e-02
4.8025e+00,    4.9113e-02,    1.5625e-02
4.8470e+00,    4.9565e-02,    1.5625e-02
4.8919e+00,    5.0021e-02,    1.5625e-02
4.9372e+00,    5.0482e-02,    1.5625e-02
4.9829e+00,    5.0947e-02,    1.5625e-02
5.0290e+00,    5.1416e-02,    1.5625e-02
5.0756e+00,    5.1889e-02,    1.5625e-02
5.1226e+00,    5.2366e-02,    1.5625e-02
5.1700e+00,    5.2848e-02,    1.5625e-02
5.2179e+00,    5.3335e-02,    1.5625e-02
5.2662e+00,    5.3825e-02,    1.5625e-02
5.3149e+00,    5.4320e-02,    1.5625e-02
5.3641e+00,    5.4820e-02,    1.5625e-02
5.4138e+00,    5.5324e-02,    1.5625e-02
5.4639e+00,    5.5833e-02,    1.5625e-02
5.5145e+00,    5.6346e-02,    1.5625e-02
5.5656e+00,    5.6864e-02,    1.5625e-02
5.6171e+00,    5.7387e-02,    1.5625e-02
5.6691e+00,    5.7914e-02,    1.5625e-02
5.7216e+00,    5.8446e-02,    1.5625e-02
5.7746e+00,    5.8983e-02,    1.5625e-02
5.8280e+00,    5.9525e-02,    1.5625e-02
5.8820e+00,    6.0072e-02,    1.5625e-02
5.9365e+00,    6.0624e-02,    1.5625e-02
5.9914e+00,    6.1180e-02,    1.5625e-02
6.0469e+00,    6.1742e-02,    1.5625e-02
6.1029e+00,    6.2309e-02,    1.5625e-02
6.1594e+00,    6.2881e-02,    1.5625e-02
6.2164e+00,    6.3458e-02,    1.5625e-02
6.2740e+00,    6.4040e-02,    1.5625e-02
6.3321e+00,    6.4627e-02,    1.5625e-02
6.3907e+00,    6.5220e-02,    1.5625e-02
6.4499e+00,    6.5818e-02,    1.5625e-02
6.5096e+00,    6.6422e-02,    1.5625e-02
6.5698e+00,    6.7031e-02,    1.5625e-02
6.6307e+00,    6.7645e-02,    1.5625e-02
6.6921e+00,    6.8265e-02,    1.5625e-02
6.7540e+00,    6.8890e-02,    1.5625e-02
6.8166e+00,    6.9521e-02,    1.5625e-02
6.8797e+00,    7.0158e-02,    1.5625e-02
6.9434e+00,    7.0800e-02,    1.5625e-02
7.0077e+00,    7.1449e-02,    1.5625e-02
7.0725e+00,    7.2103e-02,    1.5625e-02
7.1380e+00,    7.2762e-02,    1.5625e-02
7.2041e+00,    7.3428e-02,    1.5625e-02
7.2708e+00,    7.4100e-02,    1.5625e-02
7.3381e+00,    7.4777e-02,    1.5625e-02
7.4061e+00,    7.5461e-02,    1.5625e-02
7.4746e+00,    7.6151e-02,    1.5625e-02
7.5438e+00,    7.6847e-02,    1.5625e-02
7.6137e+00,    7.7549e-02,    1.5625e-02
7.6842e+00,    7.8257e-02,    1.5625e-02
7.7553e+00,    7.8972e-02,    1.5625e-02
7.8271e+00,    7.9693e-02,    1.5625e-02
7.8996e+00,    8.0420e-02,    1.5625e-02
7.9727e+00,    8.1154e-02,    1.5625e-02
8.0466e+00,    8.1894e-02,    1.5625e-02
8.1211e+00,    8.2641e-02,    1.5625e-02
8.1963e+00,    8.3394e-02,    1.5625e-02
8.2721e+00,    8.4155e-02,    1.5625e-02
8.3487e+00,    8.4921e-02,    1.5625e-02
8.4260e+00,    8.5695e-02,    1.5625e-02
8.5040e+00,    8.6475e-02,    1.5625e-02
8.5828e+00,    8.7263e-02,    1.5625e-02
8.6622e+00,    8.8057e-02,    1.5625e-02
8.7424e+00,    8.8858e-02,    1.5625e-02
8.8234e+00,    8.9666e-02,    1.5625e-02
8.9051e+00,    9.0481e-02,    1.5625e-02
8.9875e+00,    9.1304e-02,    1.5625e-02
9.0707e+00,    9.2133e-02,    1.5625e-02
9.1547e+00,    9.2970e-02,    1.5625e-02
9.2395e+00,    9.3814e-02,    1.5625e-02
9.3250e+00,    9.4666e-02,    1.5625e-02
9.4114e+00,    9.5525e-02,    1.5625e-02
9.4985e+00,    9.6391e-02,    1.5625e-02
9.5865e+00,    9.7265e-02,    1.5625e-02
9.6752e+00,    9.8146e-02,    1.5625e-02
9.7648e+00,    9.9036e-02,    1.5625e-02
9.8552e+00,    9.9932e-02,    1.5625e-02
9.9464e+00,    1.0084e-01,    1.5625e-02
1.0039e+01,    1.0175e-01,    1.5625e-02
1.0131e+01,    1.0267e-01,    1.5625e-02
1.0225e+01,    1.0360e-01,    1.5625e-02
1.0320e+01,    1.0453e-01,    1.5625e-02
1.0416e+01,    1.0548e-01,    1.5625e-02
1.0512e+01,    1.0643e-01,    1.5625e-02
1.0609e+01,    1.0739e-01,    1.5625e-02
1.0707e+01,    1.0836e-01,    1.5625e-02
1.0807e+01,    1.0934e-01,    1.5625e-02
1.0907e+01,    1.1032e-01,    1.5625e-02
1.1008e+01,    1.1132e-01,    1.5625e-02
1.1110e+01,    1.1232e-01,    1.5625e-02
1.1212e+01,    1.1333e-01,    1.5625e-02
1.1316e+01,    1.1435e-01,    1.5625e-02
1.1421e+01,    1.1538e-01,    1.5625e-02
1.1527e+01,    1.1641e-01,    1.5625e-02
1.1634e+01,    1.1746e-01,    1.5625e-02
1.1741e+01,    1.1851e-01,    1.5625e-02
1.1850e+01,    1.1957e-01,    1.5625e-02
1.1960e+01,    1.2065e-01,    1.5625e-02
1.2070e+01,    1.2173e-01,    1.5625e-02
1.2182e+01,    1.2282e-01,    1.5625e-02
1.2295e+01,    1.2392e-01,    1.5625e-02
1.2409e+01,    1.2502e-01,    1.5625e-02
1.2524e+01,    1.2614e-01,    1.5625e-02
1.2640e+01,    1.2727e-01,    1.5625e-02
1.2757e+01,    1.2840e-01,    1.5625e-02
1.2875e+01,    1.2955e-01,    1.5625e-02
1.2994e+01,    1.3070e-01,    1.5625e-02
1.3114e+01,    1.3187e-01,    1.5625e-02
1.3236e+01,    1.3304e-01,    1.5625e-02
1.3358e+01,    1.3422e-01,    1.5625e-02
1.3482e+01,    1.3542e-01,    1.5625e-02
1.3607e+01,    1.3662e-01,    1.5625e-02
1.3733e+01,    1.3783e-01,    1.5625e-02
1.3860e+01,    1.3905e-01,    1.5625e-02
1.3988e+01,    1.4028e-01,    1.5625e-02
1.4118e+01,    1.4153e-01,    1.5625e-02
1.4248e+01,    1.4278e-01,    1.5625e-02
1.4380e+01,    1.4404e-01,    1.5625e-02
1.4513e+01,    1.4531e-01,    1.5625e-02
1.4648e+01,    1.4660e-01,    1.5625e-02
1.4783e+01,    1.4789e-01,    1.5625e-02
1.4920e+01,    1.4919e-01,    1.5625e-02
1.5058e+01,    1.5050e-01,    1.5625e-02
1.5198e+01,    1.5183e-01,    1.5625e-02
1.5339e+01,    1.5316e-01,    1.5625e-02
1.5481e+01,    1.5450e-01,    1.5625e-02
1.5624e+01,    1.5586e-01,    1.5625e-02
1.5769e+01,    1.5722e-01,    1.5625e-02
1.5915e+01,    1.5860e-01,    1.5625e-02
1.6062e+01,    1.5999e-01,    1.5625e-02
1.6211e+01,    1.6138e-01,    1.5625e-02
1.6361e+01,    1.6279e-01,    1.5625e-02
1.6512e+01,    1.6421e-01,    1.5625e-02
1.6665e+01,    1.6564e-01,    1.5625e-02
1.6819e+01,    1.6708e-01,    1.5625e-02
1.6975e+01,    1.6853e-01,    1.5625e-02
1.7132e+01,    1.6999e-01,    1.5625e-02
1.7291e+01,    1.7147e-01,    1.5625e-02
1.7451e+01,    1.7295e-01,    1.5625e-02
1.7613e+01,    1.7444e-01,    1.5625e-02
1.7776e+01,    1.7595e-01,    1.5625e-02
1.7940e+01,    1.7747e-01,    1.5625e-02
1.8106e+01,    1.7900e-01,    1.5625e-02
1.8274e+01,    1.8054e-01,    1.5625e-02
1.8443e+01,    1.8209e-01,    1.5625e-02
1.8614e+01,    1.8365e-01,    1.5625e-02
1.8786e+01,    1.8522e-01,    1.5625e-02
1.8960e+01,    1.8681e-01,    1.5625e-02
1.9136e+01,    1.8840e-01,    1.5625e-02
1.9313e+01,    1.9001e-01,    1.5625e-02
1.9492e+01,    1.9163e-01,    1.5625e-02
1.9672e+01,    1.9326e-01,    1.5625e-02
1.9854e+01,    1.9490e-01,    1.5625e-02
2.0038e+01,    1.9656e-01,    1.5625e-02
2.0224e+01,    1.9822e-01,    1.5625e-02
2.0411e+01,    1.9990e-01,    1.5625e-02
2.0600e+01,    2.0158e-01,    1.5625e-02
2.0791e+01,    2.0328e-01,    1.5625e-02
2.0983e+01,    2.0499e-01,    1.5625e-02
2.1177e+01,    2.0672e-01,    1.5625e-02
2.1373e+01,    2.0845e-01,    1.5625e-02
2.1571e+01,    2.1019e-01,    1.5625e-02
2.1771e+01,    2.1195e-01,    1.5625e-02
2.1973e+01,    2.1372e-01,    1.5625e-02
2.2176e+01,    2.1550e-01,    1.5625e-02
2.2381e+01,    2.1729e-01,    1.5625e-02
2.2589e+01,    2.1909e-01,    1.5625e-02
2.2798e+01,    2.2091e-01,    1.5625e-02
2.3009e+01,    2.2273e-01,    1.5625e-02
2.3222e+01,    2.2457e-01,    1.5625e-02
2.3437e+01,    2.2642e-01,    1.5625e-02
2.3654e+01,    2.2828e-01,    1.5625e-02
2.3873e+01,    2.3015e-01,    1.5625e-02
2.4094e+01,    2.3204e-01,    1.5625e-02
2.4317e+01,    2.3393e-01,    1.5625e-02
2.4542e+01,    2.3584e-01,    1.5625e-02
2.4769e+01,    2.3776e-01,    1.5625e-02
2.4999e+01,    2.3968e-01,    1.5625e-02
2.5230e+01,    2.4162e-01,    1.5625e-02
2.5464e+01,    2.4358e-01,    1.5625e-02
2.5700e+01,    2.4554e-01,    1.5625e-02
2.5938e+01,    2.4751e-01,    1.5625e-02
2.6178e+01,    2.4950e-01,    1.5625e-02
2.6420e+01,    2.5149e-01,    1.5625e-02
2.6665e+01,    2.5350e-01,    1.5625e-02
2.6912e+01,    2.5552e-01,    1.5625e-02
2.7161e+01,    2.5755e-01,    1.5625e-02
2.7412e+01,    2.5959e-01,    1.5625e-02
2.7666e+01,    2.6164e-01,    1.5625e-02
2.7922e+01,    2.6370e-01,    1.5625e-02
2.8181e+01,    2.6577e-01,    1.5625e-02
2.8442e+01,    2.6785e-01,    1.5625e-02
2.8705e+01,    2.6995e-01,    1.5625e-02
2.8971e+01,    2.7205e-01,    1.5625e-02
2.9239e+01,    2.7416e-01,    1.5625e-02
2.9510e+01,    2.7629e-01,    1.5625e-02
2.9783e+01,    2.7842e-01,    1.5625e-02
3.0059e+01,    2.8057e-01,    1.5625e-02
3.0337e+01,    2.8272e-01,    1.5625e-02
3.0618e+01,    2.8489e-01,    1.5625e-02
3.0901e+01,    2.8706e-01,    1.5625e-02
3.1187e+01,    2.8925e-01,    1.5625e-02
3.1476e+01,    2.9144e-01,    1.5625e-02
3.1768e+01,    2.9364e-01,    1.5625e-02
3.2062e+01,    2.9586e-01,    1.5625e-02
3.2358e+01,    2.9808e-01,    1.5625e-02
3.2658e+01,    3.0031e-01,    1.5625e-02
3.2960e+01,    3.0255e-01,    1.5625e-02
3.3266e+01,    3.0480e-01,    1.5625e-02
3.3574e+01,    3.0706e-01,    1.5625e-02
3.3884e+01,    3.0932e-01,    1.5625e-02
3.4198e+01,    3.1160e-01,    1.5625e-02
3.4515e+01,    3.1388e-01,    1.5625e-02
3.4834e+01,    3.1617e-01,    1.5625e-02
3.5157e+01,    3.1847e-01,    1.5625e-02
3.5482e+01,    3.2078e-01,    1.5625e-02
3.5811e+01,    3.2310e-01,    1.5625e-02
3.6142e+01,    3.2542e-01,    1.5625e-02
3.6477e+01,    3.2775e-01,    1.5625e-02
3.6815e+01,    3.3009e-01,    1.5625e-02
3.7156e+01,    3.3244e-01,    1.5625e-02
3.7500e+01,    3.3479e-01,    1.5625e-02
3.7847e+01,    3.3715e-01,    1.5625e-02
3.8197e+01,    3.3951e-01,    1.5625e-02
3.8551e+01,    3.4189e-01,    1.5625e-02
3.8908e+01,    3.4427e-01,    1.5625e-02
3.9268e+01,    3.4665e-01,    1.5625e-02
3.9632e+01,    3.4904e-01,    1.5625e-02
3.9999e+01,    3.5144e-01,    1.5625e-02
4.0369e+01,    3.5384e-01,    1.5625e-02
4.0743e+01,    3.5625e-01,    1.5625e-02
4.1120e+01,    3.5867e-01,    1.5625e-02
4.1501e+01,    3.6108e-01,    1.5625e-02
4.1885e+01,    3.6351e-01,    1.5625e-02
4.2273e+01,    3.6594e-01,    1.5625e-02
4.2664e+01,    3.6837e-01,    1.5625e-02
4.3059e+01,    3.7081e-01,    1.5625e-02
4.3458e+01,    3.7325e-01,    1.5625e-02
4.3860e+01,    3.7569e-01,    1.5625e-02
4.4266e+01,    3.7814e-01,    1.5625e-02
4.4676e+01,    3.8059e-01,    1.5625e-02
4.5090e+01,    3.8305e-01,    1.5625e-02
4.5507e+01,    3.8551e-01,    1.5625e-02
4.5929e+01,    3.8797e-01,    1.5625e-02
4.6354e+01,    3.9043e-01,    1.5625e-02
4.6783e+01,    3.9290e-01,    1.5625e-02
4.7216e+01,    3.9537e-01,    1.5625e-02
4.7653e+01,    3.9784e-01,    1.5625e-02
4.8095e+01,    4.0031e-01,    1.5625e-02
4.8540e+01,    4.0278e-01,    1.5625e-02
4.8989e+01,    4.0526e-01,    1.5625e-02
4.9443e+01,    4.0774e-01,    1.5625e-02
4.9901e+01,    4.1021e-01,    1.5625e-02
5.0363e+01,    4.1269e-01,    1.5625e-02
5.0829e+01,    4.1517e-01,    1.5625e-02
5.1300e+01,    4.1765e-01,    1.5625e-02
5.1774e+01,    4.2013e-01,    1.5625e-02
5.2254e+01,    4.2261e-01,    1.5625e-02
5.2738e+01,    4.2509e-01,    1.5625e-02
5.3226e+01,    4.2756e-01,    1.5625e-02
5.3719e+01,    4.3004e-01,    1.5625e-02
5.4216e+01,    4.3252e-01,    1.5625e-02
5.4718e+01,    4.3499e-01,    1.5625e-02
5.5225e+01,    4.3746e-01,    1.5625e-02
5.5736e+01,    4.3994e-01,    1.5625e-02
5.6252e+01,    4.4241e-01,    1.5625e-02
5.6773e+01,    4.4487e-01,    1.5625e-02
5.7298e+01,    4.4734e-01,    1.5625e-02
5.7829e+01,    4.4980e-01,    1.5625e-02
5.8364e+01,    4.5226e-01,    1.5625e-02
5.8905e+01,    4.5472e-01,    1.5625e-02
5.9450e+01,    4.5717e-01,    1.5625e-02
6.0001e+01,    4.5962e-01,    1.5625e-02
6.0556e+01,    4.6207e-01,    1.5625e-02
6.1117e+01,    4.6451e-01,    1.5625e-02
6.1683e+01,    4.6695e-01,    1.5625e-02
6.2254e+01,    4.6939e-01,    1.5625e-02
6.2830e+01,    4.7182e-01,    1.5625e-02
6.3412e+01,    4.7425e-01,    1.5625e-02
6.3999e+01,    4.7667e-01,    1.5625e-02
6.4592e+01,    4.7909e-01,    1.5625e-02
6.5190e+01,    4.8150e-01,    1.5625e-02
6.5793e+01,    4.8391e-01,    1.5625e-02
6.6402e+01,    4.8631e-01,    1.5625e-02
6.7017e+01,    4.8870e-01,    1.5625e-02
6.7638e+01,    4.9109e-01,    1.5625e-02
6.8264e+01,    4.9348e-01,    1.5625e-02
6.8896e+01,    4.9586e-01,    1.5625e-02
6.9534e+01,    4.9823e-01,    1.5625e-02
7.0178e+01,    5.0060e-01,    1.5625e-02
7.0827e+01,    5.0295e-01,    1.5625e-02
7.1483e+01,    5.0531e-01,    1.5625e-02
7.2145e+01,    5.0765e-01,    1.5625e-02
7.2813e+01,    5.0999e-01,    1.5625e-02
7.3487e+01,    5.1232e-01,    1.5625e-02
7.4167e+01,    5.1465e-01,    1.5625e-02
7.4854e+01,    5.1697e-01,    1.5625e-02
7.5547e+01,    5.1928e-01,    1.5625e-02
7.6247e+01,    5.2158e-01,    1.5625e-02
7.6953e+01,    5.2387e-01,    1.5625e-02
7.7665e+01,    5.2616e-01,    1.5625e-02
7.8384e+01,    5.2844e-01,    1.5625e-02
7.9110e+01,    5.3071e-01,    1.5625e-02
7.9842e+01,    5.3297e-01,    1.5625e-02
8.0582e+01,    5.3522e-01,    1.5625e-02
8.1328e+01,    5.3747e-01,    1.5625e-02
8.2081e+01,    5.3971e-01,    1.5625e-02
8.2841e+01,    5.4194e-01,    1.5625e-02
8.3608e+01,    5.4416e-01,    1.5625e-02
8.4382e+01,    5.4637e-01,    1.5625e-02
8.5163e+01,    5.4857e-01,    1.5625e-02
8.5951e+01,    5.5076e-01,    1.5625e-02
8.6747e+01,    5.5295e-01,    1.5625e-02
8.7550e+01,    5.5512e-01,    1.5625e-02
8.8361e+01,    5.5729e-01,    1.5625e-02
8.9179e+01,    5.5945e-01,    1.5625e-02
9.0005e+01,    5.6160e-01,    1.5625e-02
9.0838e+01,    5.6373e-01,    1.5625e-02
9.1679e+01,    5.6586e-01,    1.5625e-02
9.2528e+01,    5.6798e-01,    1.5625e-02
9.3385e+01,    5.7009e-01,    1.5625e-02
9.4249e+01,    5.7219e-01,    1.5625e-02
9.5122e+01,    5.7429e-01,    1.5625e-02
9.6003e+01,    5.7637e-01,    1.5625e-02
9.6892e+01,    5.7844e-01,    1.5625e-02
9.7789e+01,    5.8050e-01,    1.5625e-02
9.8694e+01,    5.8256e-01,    1.5625e-02
9.9608e+01,    5.8460e-01,    1.5625e-02
1.0053e+02,    5.8663e-01,    1.5625e-02
1.0146e+02,    5.8866e-01,    1.5625e-02
1.0240e+02,    5.9067e-01,    1.5625e-02
1.0335e+02,    5.9268e-01,    1.5625e-02
1.0431e+02,    5.9467e-01,    1.5625e-02
1.0527e+02,    5.9665e-01,    1.5625e-02
1.0625e+02,    5.9863e-01,    1.5625e-02
1.0723e+02,    6.0060e-01,    1.5625e-02
1.0822e+02,    6.0255e-01,    1.5625e-02
1.0922e+02,    6.0450e-01,    1.5625e-02
1.1024e+02,    6.0643e-01,    1.5625e-02
1.1126e+02,    6.0836e-01,    1.5625e-02
1.1229e+02,    6.1027e-01,    1.5625e-02
1.1333e+02,    6.1218e-01,    1.5625e-02
1.1437e+02,    6.1408e-01,    1.5625e-02
1.1543e+02,    6.1597e-01,    1.5625e-02
1.1650e+02,    6.1784e-01,    1.5625e-02
1.1758e+02,    6.1971e-01,    1.5625e-02
1.1867e+02,    6.2157e-01,    1.5625e-02
1.1977e+02,    6.2342e-01,    1.5625e-02
1.2088e+02,    6.2526e-01,    1.5625e-02
1.2200e+02,    6.2708e-01,    1.5625e-02
1.2313e+02,    6.2890e-01,    1.5625e-02
1.2427e+02,    6.3071e-01,    1.5625e-02
1.2542e+02,    6.3252e-01,    1.5625e-02
1.2658e+02,    6.3431e-01,    1.5625e-02
1.2775e+02,    6.3609e-01,    1.5625e-02
1.2893e+02,    6.3786e-01,    1.5625e-02
1.3013e+02,    6.3962e-01,    1.5625e-02
1.3133e+02,    6.4138e-01,    1.5625e-02
1.3255e+02,    6.4312e-01,    1.5625e-02
1.3377e+02,    6.4486e-01,    1.5625e-02
1.3501e+02,    6.4658e-01,    1.5625e-02
1.3626e+02,    6.4830e-01,    1.5625e-02
1.3752e+02,    6.5000e-01,    1.5625e-02
1.3880e+02,    6.5170e-01,    1.5625e-02
1.4008e+02,    6.5339e-01,    1.5625e-02
1.4138e+02,    6.5507e-01,    1.5625e-02
1.4269e+02,    6.5674e-01,    1.5625e-02
1.4401e+02,    6.5841e-01,    1.5625e-02
1.4534e+02,    6.6006e-01,    1.5625e-02
1.4669e+02,    6.6170e-01,    1.5625e-02
1.4805e+02,    6.6334e-01,    1.5625e-02
1.4942e+02,    6.6497e-01,    1.5625e-02
1.5080e+02,    6.6658e-01,    1.5625e-02
1.5220e+02,    6.6819e-01,    1.5625e-02
1.5361e+02,    6.6979e-01,    1.5625e-02
1.5503e+02,    6.7139e-01,    1.5625e-02
1.5646e+02,    6.7297e-01,    1.5625e-02
1.5791e+02,    6.7455e-01,    1.5625e-02
1.5938e+02,    6.7611e-01,    1.5625e-02
1.6085e+02,    6.7767e-01,    1.5625e-02
1.6234e+02,    6.7922e-01,    1.5625e-02
1.6384e+02,    6.8077e-01,    1.5625e-02
1.6536e+02,    6.8230e-01,    1.5625e-02
1.6689e+02,    6.8383e-01,    1.5625e-02
1.6844e+02,    6.8534e-01,    1.5625e-02
1.7000e+02,    6.8685e-01,    1.5625e-02
1.7157e+02,    6.8835e-01,    1.5625e-02
1.7316e+02,    6.8985e-01,    1.5625e-02
1.7476e+02,    6.9133e-01,    1.5625e-02
1.7638e+02,    6.9281e-01,    1.5625e-02
1.7801e+02,    6.9428e-01,    1.5625e-02
1.7966e+02,    6.9574e-01,    1.5625e-02
1.8132e+02,    6.9720e-01,    1.5625e-02
1.8300e+02,    6.9865e-01,    1.5625e-02
1.8470e+02,    7.0009e-01,    1.5625e-02
1.8641e+02,    7.0152e-01,    1.5625e-02
1.8813e+02,    7.0294e-01,    1.5625e-02
1.8988e+02,    7.0436e-01,    1.5625e-02
1.9163e+02,    7.0577e-01,    1.5625e-02
1.9341e+02,    7.0717e-01,    1.5625e-02
1.9520e+02,    7.0857e-01,    1.5625e-02
1.9701e+02,    7.0995e-01,    1.5625e-02
1.9883e+02,    7.1133e-01,    1.5625e-02
2.0067e+02,    7.1271e-01,    1.5625e-02
2.0253e+02,    7.1407e-01,    1.5625e-02
2.0440e+02,    7.1543e-01,    1.5625e-02
2.0630e+02,    7.1678e-01,    1.5625e-02
2.0821e+02,    7.1813e-01,    1.5625e-02
2.1013e+02,    7.1947e-01,    1.5625e-02
2.1208e+02,    7.2080e-01,    1.5625e-02
2.1404e+02,    7.2212e-01,    1.5625e-02
2.1602e+02,    7.2344e-01,    1.5625e-02
2.1802e+02,    7.2475e-01,    1.5625e-02
2.2004e+02,    7.2605e-01,    1.5625e-02
2.2208e+02,    7.2735e-01,    1.5625e-02
2.2414e+02,    7.2864e-01,    1.5625e-02
2.2621e+02,    7.2993e-01,    1.5625e-02
2.2831e+02,    7.3120e-01,    1.5625e-02
2.3042e+02,    7.3248e-01,    1.5625e-02
2.3255e+02,    7.3374e-01,    1.5625e-02
2.3471e+02,    7.3500e-01,    1.5625e-02
2.3688e+02,    7.3625e-01,    1.5625e-02
2.3907e+02,    7.3750e-01,    1.5625e-02
2.4129e+02,    7.3874e-01,    1.5625e-02
2.4352e+02,    7.3997e-01,    1.5625e-02
2.4578e+02,    7.4120e-01,    1.5625e-02
2.4805e+02,    7.4242e-01,    1.5625e-02
2.5035e+02,    7.4363e-01,    1.5625e-02
2.5267e+02,    7.4484e-01,    1.5625e-02
2.5500e+02,    7.4604e-01,    1.5625e-02
2.5737e+02,    7.4724e-01,    1.5625e-02
2.5975e+02,    7.4843e-01,    1.5625e-02
2.6215e+02,    7.4961e-01,    1.5625e-02
2.6458e+02,    7.5079e-01,    1.5625e-02
2.6703e+02,    7.5196e-01,    1.5625e-02
2.6950e+02,    7.5313e-01,    1.5625e-02
2.7200e+02,    7.5429e-01,    1.5625e-02
2.7452e+02,    7.5545e-01,    1.5625e-02
2.7706e+02,    7.5660e-01,    1.5625e-02
2.7962e+02,    7.5774e-01,    1.5625e-02
2.8221e+02,    7.5888e-01,    1.5625e-02
2.8483e+02,    7.6001e-01,    1.5625e-02
2.8746e+02,    7.6114e-01,    1.5625e-02
2.9012e+02,    7.6226e-01,    1.5625e-02
2.9281e+02,    7.6337e-01,    1.5625e-02
2.9552e+02,    7.6448e-01,    1.5625e-02
2.9826e+02,    7.6559e-01,    1.5625e-02
3.0102e+02,    7.6669e-01,    1.5625e-02
3.0381e+02,    7.6778e-01,    1.5625e-02
3.0662e+02,    7.6887e-01,    1.5625e-02
3.0946e+02,    7.6995e-01,    1.5625e-02
3.1232e+02,    7.7103e-01,    1.5625e-02
3.1521e+02,    7.7210e-01,    1.5625e-02
3.1813e+02,    7.7317e-01,    1.5625e-02
3.2108e+02,    7.7423e-01,    1.5625e-02
3.2405e+02,    7.7529e-01,    1.5625e-02
3.2705e+02,    7.7634e-01,    1.5625e-02
3.3008e+02,    7.7739e-01,    1.5625e-02
3.3314e+02,    7.7843e-01,    1.5625e-02
3.3622e+02,    7.7947e-01,    1.5625e-02
3.3933e+02,    7.8050e-01,    1.5625e-02
3.4247e+02,    7.8153e-01,    1.5625e-02
3.4565e+02,    7.8255e-01,    1.5625e-02
3.4885e+02,    7.8356e-01,    1.5625e-02
3.5208e+02,    7.8458e-01,    1.5625e-02
3.5534e+02,    7.8558e-01,    1.5625e-02
3.5863e+02,    7.8658e-01,    1.5625e-02
3.6195e+02,    7.8758e-01,    1.5625e-02
3.6530e+02,    7.8857e-01,    1.5625e-02
3.6868e+02,    7.8956e-01,    1.5625e-02
3.7209e+02,    7.9054e-01,    1.5625e-02
3.7554e+02,    7.9152e-01,    1.5625e-02
3.7901e+02,    7.9249e-01,    1.5625e-02
3.8252e+02,    7.9346e-01,    1.5625e-02
3.8607e+02,    7.9443e-01,    1.5625e-02
3.8964e+02,    7.9539e-01,    1.5625e-02
3.9325e+02,    7.9634e-01,    1.5625e-02
3.9689e+02,    7.9729e-01,    1.5625e-02
4.0056e+02,    7.9824e-01,    1.5625e-02
4.0427e+02,    7.9918e-01,    1.5625e-02
4.0801e+02,    8.0011e-01,    1.5625e-02
4.1179e+02,    8.0104e-01,    1.5625e-02
4.1561e+02,    8.0197e-01,    1.5625e-02
4.1945e+02,    8.0290e-01,    1.5625e-02
4.2334e+02,    8.0381e-01,    1.5625e-02
4.2726e+02,    8.0473e-01,    1.5625e-02
4.3121e+02,    8.0564e-01,    1.5625e-02
4.3520e+02,    8.0654e-01,    1.5625e-02
4.3923e+02,    8.0744e-01,    1.5625e-02
4.4330e+02,    8.0834e-01,    1.5625e-02
4.4741e+02,    8.0923e-01,    1.5625e-02
4.5155e+02,    8.1012e-01,    1.5625e-02
4.5573e+02,    8.1101e-01,    1.5625e-02
4.5995e+02,    8.1189e-01,    1.5625e-02
4.6421e+02,    8.1276e-01,    1.5625e-02
4.6850e+02,    8.1363e-01,    1.5625e-02
4.7284e+02,    8.1450e-01,    1.5625e-02
4.7722e+02,    8.1536e-01,    1.5625e-02
4.8164e+02,    8.1622e-01,    1.5625e-02
4.8610e+02,    8.1708e-01,    1.5625e-02
4.9060e+02,    8.1793e-01,    1.5625e-02
4.9514e+02,    8.1877e-01,    1.5625e-02
4.9973e+02,    8.1962e-01,    1.5625e-02
5.0435e+02,    8.2046e-01,    1.5625e-02
5.0902e+02,    8.2129e-01,    1.5625e-02
5.1373e+02,    8.2212e-01,    1.5625e-02
5.1849e+02,    8.2295e-01,    1.5625e-02
5.2329e+02,    8.2377e-01,    1.5625e-02
5.2814e+02,    8.2459e-01,    1.5625e-02
5.3303e+02,    8.2541e-01,    1.5625e-02
5.3796e+02,    8.2622e-01,    1.5625e-02
5.4294e+02,    8.2702e-01,    1.5625e-02
5.4797e+02,    8.2783e-01,    1.5625e-02
5.5304e+02,    8.2863e-01,    1.5625e-02
5.5816e+02,    8.2942e-01,    1.5625e-02
5.6333e+02,    8.3022e-01,    1.5625e-02
5.6855e+02,    8.3101e-01,    1.5625e-02
5.7381e+02,    8.3179e-01,    1.5625e-02
5.7912e+02,    8.3257e-01,    1.5625e-02
5.8449e+02,    8.3335e-01,    1.5625e-02
5.8990e+02,    8.3412e-01,    1.5625e-02
5.9536e+02,    8.3489e-01,    1.5625e-02
6.0087e+02,    8.3566e-01,    1.5625e-02
6.0643e+02,    8.3642e-01,    1.5625e-02
6.1205e+02,    8.3718e-01,    1.5625e-02
6.1772e+02,    8.3794e-01,    1.5625e-02
6.2343e+02,    8.3869e-01,    1.5625e-02
6.2921e+02,    8.3944e-01,    1.5625e-02
6.3503e+02,    8.4018e-01,    1.5625e-02
6.4091e+02,    8.4092e-01,    1.5625e-02
6.4685e+02,    8.4166e-01,    1.5625e-02
6.5284e+02,    8.4240e-01,    1.5625e-02
6.5888e+02,    8.4313e-01,    1.5625e-02
6.6498e+02,    8.4386e-01,    1.5625e-02
6.7114e+02,    8.4458e-01,    1.5625e-02
6.7735e+02,    8.4530e-01,    1.5625e-02
6.8362e+02,    8.4602e-01,    1.5625e-02
6.8995e+02,    8.4673e-01,    1.5625e-02
6.9634e+02,    8.4744e-01,    1.5625e-02
7.0279e+02,    8.4815e-01,    1.5625e-02
7.0929e+02,    8.4885e-01,    1.5625e-02
7.1586e+02,    8.4955e-01,    1.5625e-02
7.2249e+02,    8.5025e-01,    1.5625e-02
7.2918e+02,    8.5095e-01,    1.5625e-02
7.3593e+02,    8.5164e-01,    1.5625e-02
7.4274e+02,    8.5232e-01,    1.5625e-02
7.4962e+02,    8.5301e-01,    1.5625e-02
7.5656e+02,    8.5369e-01,    1.5625e-02
7.6357e+02,    8.5437e-01,    1.5625e-02
7.7063e+02,    8.5504e-01,    1.5625e-02
7.7777e+02,    8.5571e-01,    1.5625e-02
7.8497e+02,    8.5638e-01,    1.5625e-02
7.9224e+02,    8.5705e-01,    1.5625e-02
7.9957e+02,    8.5771e-01,    1.5625e-02
8.0698e+02,    8.5837e-01,    1.5625e-02
8.1445e+02,    8.5903e-01,    1.5625e-02
8.2199e+02,    8.5968e-01,    1.5625e-02
8.2960e+02,    8.6033e-01,    1.5625e-02
8.3728e+02,    8.6098e-01,    1.5625e-02
8.4503e+02,    8.6162e-01,    1.5625e-02
8.5286e+02,    8.6226e-01,    1.5625e-02
8.6075e+02,    8.6290e-01,    1.5625e-02
8.6872e+02,    8.6353e-01,    1.5625e-02
8.7677e+02,    8.6416e-01,    1.5625e-02
8.8488e+02,    8.6479e-01,    1.5625e-02
8.9308e+02,    8.6542e-01,    1.5625e-02
9.0135e+02,    8.6604e-01,    1.5625e-02
9.0969e+02,    8.6666e-01,    1.5625e-02
9.1811e+02,    8.6728e-01,    1.5625e-02
9.2661e+02,    8.6789e-01,    1.5625e-02
9.3519e+02,    8.6851e-01,    1.5625e-02
9.4385e+02,    8.6911e-01,    1.5625e-02
9.5259e+02,    8.6972e-01,    1.5625e-02
9.6141e+02,    8.7032e-01,    1.5625e-02
9.7031e+02,    8.7092e-01,    1.5625e-02
9.7930e+02,    8.7152e-01,    1.5625e-02
9.8836e+02,    8.7211e-01,    1.5625e-02
9.9751e+02,    8.7271e-01,    1.5625e-02
1.0067e+03,    8.7330e-01,    1.5625e-02
1.0161e+03,    8.7388e-01,    1.5625e-02
1.0255e+03,    8.7447e-01,    1.5625e-02
1.0350e+03,    8.7505e-01,    1.5625e-02
1.0446e+03,    8.7562e-01,    1.5625e-02
1.0542e+03,    8.7620e-01,    1.5625e-02
1.0640e+03,    8.7677e-01,    1.5625e-02
1.0738e+03,    8.7734e-01,    1.5625e-02
1.0838e+03,    8.7791e-01,    1.5625e-02
1.0938e+03,    8.7847e-01,    1.5625e-02
1.1039e+03,    8.7904e-01,    1.5625e-02
1.1142e+03,    8.7960e-01,    1.5625e-02
1.1245e+03,    8.8015e-01,    1.5625e-02
1.1349e+03,    8.8071e-01,    1.5625e-02
1.1454e+03,    8.8126e-01,    1.5625e-02
1.1560e+03,    8.8181e-01,    1.5625e-02
1.1667e+03,    8.8235e-01,    1.5625e-02
1.1775e+03,    8.8290e-01,    1.5625e-02
1.1884e+03,    8.8344e-01,    1.5625e-02
1.1994e+03,    8.8398e-01,    1.5625e-02
1.2105e+03,    8.8451e-01,    1.5625e-02
1.2217e+03,    8.8505e-01,    1.5625e-02
1.2330e+03,    8.8558e-01,    1.5625e-02
1.2445e+03,    8.8611e-01,    1.5625e-02
1.2560e+03,    8.8663e-01,    1.5625e-02
1.2676e+03,    8.8716e-01,    1.5625e-02
1.2793e+03,    8.8768e-01,    1.5625e-02
1.2912e+03,    8.8820e-01,    1.5625e-02
1.3031e+03,    8.8872e-01,    1.5625e-02
1.3152e+03,    8.8923e-01,    1.5625e-02
1.3274e+03,    8.8974e-01,    1.5625e-02
1.3397e+03,    8.9025e-01,    1.5625e-02
1.3521e+03,    8.9076e-01,    1.5625e-02
1.3646e+03,    8.9126e-01,    1.5625e-02
1.3772e+03,    8.9177e-01,    1.5625e-02
1.3900e+03,    8.9227e-01,    1.5625e-02
1.4029e+03,    8.9276e-01,    1.5625e-02
1.4158e+03,    8.9326e-01,    1.5625e-02
1.4289e+03,    8.9375e-01,    1.5625e-02
1.4422e+03,    8.9424e-01,    1.5625e-02
1.4555e+03,    8.9473e-01,    1.5625e-02
1.4690e+03,    8.9522e-01,    1.5625e-02
1.4826e+03,    8.9570e-01,    1.5625e-02
1.4963e+03,    8.9618e-01,    1.5625e-02
1.5102e+03,    8.9666e-01,    1.5625e-02
1.5242e+03,    8.9714e-01,    1.5625e-02
1.5383e+03,    8.9762e-01,    1.5625e-02
1.5525e+03,    8.9809e-01,    1.5625e-02
1.5669e+03,    8.9856e-01,    1.5625e-02
1.5814e+03,    8.9903e-01,    1.5625e-02
1.5960e+03,    8.9949e-01,    1.5625e-02
1.6108e+03,    8.9996e-01,    1.5625e-02
1.6257e+03,    9.0042e-01,    1.5625e-02
1.6408e+03,    9.0088e-01,    1.5625e-02
1.6560e+03,    9.0134e-01,    1.5625e-02
1.6713e+03,    9.0179e-01,    1.5625e-02
1.6868e+03,    9.0225e-01,    1.5625e-02
1.7024e+03,    9.0270e-01,    1.5625e-02
1.7182e+03,    9.0315e-01,    1.5625e-02
1.7341e+03,    9.0359e-01,    1.5625e-02
1.7501e+03,    9.0404e-01,    1.5625e-02
1.7663e+03,    9.0448e-01,    1.5625e-02
1.7827e+03,    9.0492e-01,    1.5625e-02
1.7992e+03,    9.0536e-01,    1.5625e-02
1.8159e+03,    9.0580e-01,    1.5625e-02
1.8327e+03,    9.0623e-01,    1.5625e-02
1.8496e+03,    9.0667e-01,    1.5625e-02
1.8668e+03,    9.0710e-01,    1.5625e-02
1.8840e+03,    9.0753e-01,    1.5625e-02
1.9015e+03,    9.0795e-01,    1.5625e-02
1.9191e+03,    9.0838e-01,    1.5625e-02
1.9369e+03,    9.0880e-01,    1.5625e-02
1.9548e+03,    9.0922e-01,    1.5625e-02
1.9729e+03,    9.0964e-01,    1.5625e-02
1.9912e+03,    9.1006e-01,    1.5625e-02
2.0096e+03,    9.1047e-01,    1.5625e-02
2.0282e+03,    9.1089e-01,    1.5625e-02
2.0470e+03,    9.1130e-01,    1.5625e-02
2.0659e+03,    9.1171e-01,    1.5625e-02
2.0851e+03,    9.1211e-01,    1.5625e-02
2.1044e+03,    9.1252e-01,    1.5625e-02
2.1239e+03,    9.1292e-01,    1.5625e-02
2.1435e+03,    9.1333e-01,    1.5625e-02
2.1634e+03,    9.1373e-01,    1.5625e-02
2.1834e+03,    9.1412e-01,    1.5625e-02
2.2036e+03,    9.1452e-01,    1.5625e-02
2.2240e+03,    9.1491e-01,    1.5625e-02
2.2446e+03,    9.1531e-01,    1.5625e-02
2.2654e+03,    9.1570e-01,    1.5625e-02
2.2864e+03,    9.1609e-01,    1.5625e-02
2.3075e+03,    9.1647e-01,    1.5625e-02
2.3289e+03,    9.1686e-01,    1.5625e-02
2.3505e+03,    9.1724e-01,    1.5625e-02
2.3722e+03,    9.1762e-01,    1.5625e-02
2.3942e+03,    9.1800e-01,    1.5625e-02
2.4163e+03,    9.1838e-01,    1.5625e-02
2.4387e+03,    9.1876e-01,    1.5625e-02
2.4613e+03,    9.1913e-01,    1.5625e-02
2.4841e+03,    9.1951e-01,    1.5625e-02
2.5071e+03,    9.1988e-01,    1.5625e-02
2.5303e+03,    9.2025e-01,    1.5625e-02
2.5537e+03,    9.2062e-01,    1.5625e-02
2.5774e+03,    9.2098e-01,    1.5625e-02
2.6012e+03,    9.2135e-01,    1.5625e-02
2.6253e+03,    9.2171e-01,    1.5625e-02
2.6496e+03,    9.2207e-01,    1.5625e-02
2.6742e+03,    9.2243e-01,    1.5625e-02
2.6989e+03,    9.2279e-01,    1.5625e-02
2.7239e+03,    9.2314e-01,    1.5625e-02
2.7491e+03,    9.2350e-01,    1.5625e-02
2.7746e+03,    9.2385e-01,    1.5625e-02
2.8003e+03,    9.2420e-01,    1.5625e-02
2.8262e+03,    9.2455e-01,    1.5625e-02
2.8524e+03,    9.2490e-01,    1.5625e-02
2.8788e+03,    9.2525e-01,    1.5625e-02
2.9054e+03,    9.2559e-01,    1.5625e-02
2.9323e+03,    9.2593e-01,    1.5625e-02
2.9595e+03,    9.2627e-01,    1.5625e-02
2.9869e+03,    9.2661e-01,    1.5625e-02
3.0145e+03,    9.2695e-01,    1.5625e-02
3.0424e+03,    9.2729e-01,    1.5625e-02
3.0706e+03,    9.2763e-01,    1.5625e-02
3.0990e+03,    9.2796e-01,    1.5625e-02
3.1277e+03,    9.2829e-01,    1.5625e-02
3.1567e+03,    9.2862e-01,    1.5625e-02
3.1859e+03,    9.2895e-01,    1.5625e-02
3.2154e+03,    9.2928e-01,    1.5625e-02
3.2452e+03,    9.2960e-01,    1.5625e-02
3.2752e+03,    9.2993e-01,    1.5625e-02
