# Force βfL, Extension z/L, Persistence Length λ
1.3490e-02,    3.3084e-03,    1.0000e+00
1.3615e-02,    3.3391e-03,    1.0000e+00
1.3741e-02,    3.3701e-03,    1.0000e+00
1.3868e-02,    3.4012e-03,    1.0000e+00
1.3997e-02,    3.4326e-03,    1.0000e+00
1.4126e-02,    3.4644e-03,    1.0000e+00
1.4257e-02,    3.4965e-03,    1.0000e+00
1.4389e-02,    3.5289e-03,    1.0000e+00
1.4522e-02,    3.5616e-03,    1.0000e+00
1.4657e-02,    3.5945e-03,    1.0000e+00
1.4792e-02,    3.6279e-03,    1.0000e+00
1.4929e-02,    3.6614e-03,    1.0000e+00
1.5068e-02,    3.6953e-03,    1.0000e+00
1.5207e-02,    3.7295e-03,    1.0000e+00
1.5348e-02,    3.7641e-03,    1.0000e+00
1.5490e-02,    3.7989e-03,    1.0000e+00
1.5633e-02,    3.8341e-03,    1.0000e+00
1.5778e-02,    3.8697e-03,    1.0000e+00
1.5924e-02,    3.9053e-03,    1.0000e+00
1.6072e-02,    3.9415e-03,    1.0000e+00
1.6220e-02,    3.9781e-03,    1.0000e+00
1.6371e-02,    4.0149e-03,    1.0000e+00
1.6522e-02,    4.0521e-03,    1.0000e+00
1.6675e-02,    4.0895e-03,    1.0000e+00
1.6830e-02,    4.1274e-03,    1.0000e+00
1.6985e-02,    4.1657e-03,    1.0000e+00
1.7143e-02,    4.2043e-03,    1.0000e+00
1.7301e-02,    4.2431e-03,    1.0000e+00
1.7462e-02,    4.2824e-03,    1.0000e+00
1.7623e-02,    4.3221e-03,    1.0000e+00
1.7786e-02,    4.3622e-03,    1.0000e+00
1.7951e-02,    4.4025e-03,    1.0000e+00
1.8117e-02,    4.4432e-03,    1.0000e+00
1.8285e-02,    4.4844e-03,    1.0000e+00
1.8454e-02,    4.5259e-03,    1.0000e+00
1.8625e-02,    4.5677e-03,    1.0000e+00
1.8798e-02,    4.6101e-03,    1.0000e+00
1.8972e-02,    4.6528e-03,    1.0000e+00
1.9147e-02,    4.6959e-03,    1.0000e+00
1.9325e-02,    4.7392e-03,    1.0000e+00
1.9503e-02,    4.7831e-03,    1.0000e+00
1.9684e-02,    4.8275e-03,    1.0000e+00
1.9866e-02,    4.8722e-03,    1.0000e+00
2.0050e-02,    4.9172e-03,    1.0000e+00
2.0236e-02,    4.9628e-03,    1.0000e+00
2.0423e-02,    5.0087e-03,    1.0000e+00
2.0612e-02,    5.0552e-03,    1.0000e+00
2.0803e-02,    5.1020e-03,    1.0000e+00
2.0996e-02,    5.1492e-03,    1.0000e+00
2.1190e-02,    5.1968e-03,    1.0000e+00
2.1386e-02,    5.2449e-03,    1.0000e+00
2.1584e-02,    5.2935e-03,    1.0000e+00
2.1784e-02,    5.3425e-03,    1.0000e+00
2.1986e-02,    5.3920e-03,    1.0000e+00
2.2190e-02,    5.4419e-03,    1.0000e+00
2.2395e-02,    5.4922e-03,    1.0000e+00
2.2602e-02,    5.5431e-03,    1.0000e+00
2.2812e-02,    5.5945e-03,    1.0000e+00
2.3023e-02,    5.6463e-03,    1.0000e+00
2.3236e-02,    5.6985e-03,    1.0000e+00
2.3451e-02,    5.7513e-03,    1.0000e+00
2.3668e-02,    5.8046e-03,    1.0000e+00
2.3887e-02,    5.8583e-03,    1.0000e+00
2.4108e-02,    5.9125e-03,    1.0000e+00
2.4332e-02,    5.9672e-03,    1.0000e+00
2.4557e-02,    6.0225e-03,    1.0000e+00
2.4784e-02,    6.0783e-03,    1.0000e+00
2.5014e-02,    6.1345e-03,    1.0000e+00
2.5245e-02,    6.1913e-03,    1.0000e+00
2.5479e-02,    6.2486e-03,    1.0000e+00
2.5715e-02,    6.3065e-03,    1.0000e+00
2.5953e-02,    6.3648e-03,    1.0000e+00
2.6193e-02,    6.4237e-03,    1.0000e+00
2.6436e-02,    6.4833e-03,    1.0000e+00
2.6681e-02,    6.5433e-03,    1.0000e+00
2.6928e-02,    6.6039e-03,    1.0000e+00
2.7177e-02,    6.6650e-03,    1.0000e+00
2.7429e-02,    6.7267e-03,    1.0000e+00
2.7683e-02,    6.7890e-03,    1.0000e+00
2.7939e-02,    6.8518e-03,    1.0000e+00
2.8198e-02,    6.9152e-03,    1.0000e+00
2.8459e-02,    6.9793e-03,    1.0000e+00
2.8722e-02,    7.0439e-03,    1.0000e+00
2.8988e-02,    7.1091e-03,    1.0000e+00
2.9257e-02,    7.1750e-03,    1.0000e+00
2.9527e-02,    7.2413e-03,    1.0000e+00
2.9801e-02,    7.3084e-03,    1.0000e+00
3.0077e-02,    7.3761e-03,    1.0000e+00
3.0355e-02,    7.4443e-03,    1.0000e+00
3.0636e-02,    7.5132e-03,    1.0000e+00
3.0920e-02,    7.5829e-03,    1.0000e+00
3.1206e-02,    7.6530e-03,    1.0000e+00
3.1495e-02,    7.7239e-03,    1.0000e+00
3.1787e-02,    7.7954e-03,    1.0000e+00
3.2081e-02,    7.8675e-03,    1.0000e+00
3.2378e-02,    7.9404e-03,    1.0000e+00
3.2678e-02,    8.0139e-03,    1.0000e+00
3.2980e-02,    8.0881e-03,    1.0000e+00
3.3286e-02,    8.1630e-03,    1.0000e+00
3.3594e-02,    8.2386e-03,    1.0000e+00
3.3905e-02,    8.3148e-03,    1.0000e+00
3.4219e-02,    8.3917e-03,    1.0000e+00
3.4536e-02,    8.4695e-03,    1.0000e+00
3.4855e-02,    8.5479e-03,    1.0000e+00
3.5178e-02,    8.6270e-03,    1.0000e+00
3.5504e-02,    8.7069e-03,    1.0000e+00
3.5833e-02,    8.7875e-03,    1.0000e+00
3.6164e-02,    8.8689e-03,    1.0000e+00
3.6499e-02,    8.9510e-03,    1.0000e+00
3.6837e-02,    9.0338e-03,    1.0000e+00
3.7178e-02,    9.1174e-03,    1.0000e+00
3.7522e-02,    9.2018e-03,    1.0000e+00
3.7870e-02,    9.2870e-03,    1.0000e+00
3.8220e-02,    9.3730e-03,    1.0000e+00
3.8574e-02,    9.4598e-03,    1.0000e+00
3.8931e-02,    9.5473e-03,    1.0000e+00
3.9292e-02,    9.6358e-03,    1.0000e+00
3.9656e-02,    9.7249e-03,    1.0000e+00
4.0023e-02,    9.8149e-03,    1.0000e+00
4.0393e-02,    9.9058e-03,    1.0000e+00
4.0767e-02,    9.9976e-03,    1.0000e+00
4.1145e-02,    1.0090e-02,    1.0000e+00
4.1526e-02,    1.0183e-02,    1.0000e+00
4.1910e-02,    1.0278e-02,    1.0000e+00
4.2298e-02,    1.0373e-02,    1.0000e+00
4.2690e-02,    1.0469e-02,    1.0000e+00
4.3085e-02,    1.0566e-02,    1.0000e+00
4.3484e-02,    1.0664e-02,    1.0000e+00
4.3887e-02,    1.0762e-02,    1.0000e+00
4.4293e-02,    1.0862e-02,    1.0000e+00
4.4703e-02,    1.0962e-02,    1.0000e+00
4.5117e-02,    1.1064e-02,    1.0000e+00
4.5535e-02,    1.1166e-02,    1.0000e+00
4.5956e-02,    1.1270e-02,    1.0000e+00
4.6382e-02,    1.1374e-02,    1.0000e+00
4.6811e-02,    1.1479e-02,    1.0000e+00
4.7245e-02,    1.1586e-02,    1.0000e+00
4.7682e-02,    1.1693e-02,    1.0000e+00
4.8124e-02,    1.1801e-02,    1.0000e+00
4.8569e-02,    1.1910e-02,    1.0000e+00
4.9019e-02,    1.2021e-02,    1.0000e+00
4.9473e-02,    1.2132e-02,    1.0000e+00
4.9931e-02,    1.2244e-02,    1.0000e+00
5.0393e-02,    1.2358e-02,    1.0000e+00
5.0860e-02,    1.2472e-02,    1.0000e+00
5.1330e-02,    1.2587e-02,    1.0000e+00
5.1806e-02,    1.2704e-02,    1.0000e+00
5.2285e-02,    1.2821e-02,    1.0000e+00
5.2769e-02,    1.2940e-02,    1.0000e+00
5.3258e-02,    1.3060e-02,    1.0000e+00
5.3751e-02,    1.3181e-02,    1.0000e+00
5.4249e-02,    1.3303e-02,    1.0000e+00
5.4751e-02,    1.3426e-02,    1.0000e+00
5.5258e-02,    1.3550e-02,    1.0000e+00
5.5770e-02,    1.3676e-02,    1.0000e+00
5.6286e-02,    1.3802e-02,    1.0000e+00
5.6807e-02,    1.3930e-02,    1.0000e+00
5.7333e-02,    1.4059e-02,    1.0000e+00
5.7864e-02,    1.4189e-02,    1.0000e+00
5.8400e-02,    1.4320e-02,    1.0000e+00
5.8940e-02,    1.4453e-02,    1.0000e+00
5.9486e-02,    1.4587e-02,    1.0000e+00
6.0037e-02,    1.4722e-02,    1.0000e+00
6.0593e-02,    1.4858e-02,    1.0000e+00
6.1154e-02,    1.4995e-02,    1.0000e+00
6.1720e-02,    1.5134e-02,    1.0000e+00
6.2291e-02,    1.5274e-02,    1.0000e+00
6.2868e-02,    1.5416e-02,    1.0000e+00
6.3450e-02,    1.5558e-02,    1.0000e+00
6.4038e-02,    1.5702e-02,    1.0000e+00
6.4631e-02,    1.5848e-02,    1.0000e+00
6.5229e-02,    1.5994e-02,    1.0000e+00
6.5833e-02,    1.6142e-02,    1.0000e+00
6.6442e-02,    1.6292e-02,    1.0000e+00
6.7058e-02,    1.6443e-02,    1.0000e+00
6.7678e-02,    1.6595e-02,    1.0000e+00
6.8305e-02,    1.6748e-02,    1.0000e+00
6.8937e-02,    1.6903e-02,    1.0000e+00
6.9576e-02,    1.7060e-02,    1.0000e+00
7.0220e-02,    1.7218e-02,    1.0000e+00
7.0870e-02,    1.7377e-02,    1.0000e+00
7.1526e-02,    1.7538e-02,    1.0000e+00
7.2188e-02,    1.7700e-02,    1.0000e+00
7.2857e-02,    1.7864e-02,    1.0000e+00
7.3531e-02,    1.8029e-02,    1.0000e+00
7.4212e-02,    1.8196e-02,    1.0000e+00
7.4899e-02,    1.8364e-02,    1.0000e+00
7.5593e-02,    1.8534e-02,    1.0000e+00
7.6293e-02,    1.8706e-02,    1.0000e+00
7.6999e-02,    1.8879e-02,    1.0000e+00
7.7712e-02,    1.9054e-02,    1.0000e+00
7.8431e-02,    1.9230e-02,    1.0000e+00
7.9158e-02,    1.9408e-02,    1.0000e+00
7.9891e-02,    1.9587e-02,    1.0000e+00
8.0630e-02,    1.9769e-02,    1.0000e+00
8.1377e-02,    1.9952e-02,    1.0000e+00
8.2130e-02,    2.0136e-02,    1.0000e+00
8.2891e-02,    2.0323e-02,    1.0000e+00
8.3658e-02,    2.0511e-02,    1.0000e+00
8.4433e-02,    2.0700e-02,    1.0000e+00
8.5214e-02,    2.0892e-02,    1.0000e+00
8.6003e-02,    2.1085e-02,    1.0000e+00
8.6800e-02,    2.1280e-02,    1.0000e+00
8.7603e-02,    2.1477e-02,    1.0000e+00
8.8414e-02,    2.1676e-02,    1.0000e+00
8.9233e-02,    2.1876e-02,    1.0000e+00
9.0059e-02,    2.2079e-02,    1.0000e+00
9.0893e-02,    2.2283e-02,    1.0000e+00
9.1735e-02,    2.2489e-02,    1.0000e+00
9.2584e-02,    2.2697e-02,    1.0000e+00
9.3441e-02,    2.2907e-02,    1.0000e+00
9.4306e-02,    2.3119e-02,    1.0000e+00
9.5179e-02,    2.3333e-02,    1.0000e+00
9.6061e-02,    2.3549e-02,    1.0000e+00
9.6950e-02,    2.3767e-02,    1.0000e+00
9.7848e-02,    2.3987e-02,    1.0000e+00
9.8754e-02,    2.4209e-02,    1.0000e+00
9.9668e-02,    2.4432e-02,    1.0000e+00
1.0059e-01,    2.4658e-02,    1.0000e+00
1.0152e-01,    2.4887e-02,    1.0000e+00
1.0246e-01,    2.5117e-02,    1.0000e+00
1.0341e-01,    2.5349e-02,    1.0000e+00
1.0437e-01,    2.5584e-02,    1.0000e+00
1.0533e-01,    2.5820e-02,    1.0000e+00
1.0631e-01,    2.6059e-02,    1.0000e+00
1.0729e-01,    2.6300e-02,    1.0000e+00
1.0829e-01,    2.6543e-02,    1.0000e+00
1.0929e-01,    2.6789e-02,    1.0000e+00
1.1030e-01,    2.7036e-02,    1.0000e+00
1.1132e-01,    2.7286e-02,    1.0000e+00
1.1235e-01,    2.7539e-02,    1.0000e+00
1.1339e-01,    2.7793e-02,    1.0000e+00
1.1444e-01,    2.8051e-02,    1.0000e+00
1.1550e-01,    2.8310e-02,    1.0000e+00
1.1657e-01,    2.8572e-02,    1.0000e+00
1.1765e-01,    2.8836e-02,    1.0000e+00
1.1874e-01,    2.9103e-02,    1.0000e+00
1.1984e-01,    2.9372e-02,    1.0000e+00
1.2095e-01,    2.9643e-02,    1.0000e+00
1.2207e-01,    2.9917e-02,    1.0000e+00
1.2320e-01,    3.0194e-02,    1.0000e+00
1.2434e-01,    3.0473e-02,    1.0000e+00
1.2549e-01,    3.0755e-02,    1.0000e+00
1.2665e-01,    3.1039e-02,    1.0000e+00
1.2783e-01,    3.1326e-02,    1.0000e+00
1.2901e-01,    3.1616e-02,    1.0000e+00
1.3021e-01,    3.1908e-02,    1.0000e+00
1.3141e-01,    3.2203e-02,    1.0000e+00
1.3263e-01,    3.2500e-02,    1.0000e+00
1.3386e-01,    3.2801e-02,    1.0000e+00
1.3509e-01,    3.3104e-02,    1.0000e+00
1.3635e-01,    3.3410e-02,    1.0000e+00
1.3761e-01,    3.3719e-02,    1.0000e+00
1.3888e-01,    3.4030e-02,    1.0000e+00
1.4017e-01,    3.4345e-02,    1.0000e+00
1.4147e-01,    3.4662e-02,    1.0000e+00
1.4278e-01,    3.4983e-02,    1.0000e+00
1.4410e-01,    3.5306e-02,    1.0000e+00
1.4543e-01,    3.5632e-02,    1.0000e+00
1.4678e-01,    3.5961e-02,    1.0000e+00
1.4814e-01,    3.6294e-02,    1.0000e+00
1.4951e-01,    3.6629e-02,    1.0000e+00
1.5089e-01,    3.6967e-02,    1.0000e+00
1.5229e-01,    3.7309e-02,    1.0000e+00
1.5370e-01,    3.7654e-02,    1.0000e+00
1.5512e-01,    3.8002e-02,    1.0000e+00
1.5656e-01,    3.8353e-02,    1.0000e+00
1.5801e-01,    3.8707e-02,    1.0000e+00
1.5947e-01,    3.9064e-02,    1.0000e+00
1.6095e-01,    3.9425e-02,    1.0000e+00
1.6244e-01,    3.9789e-02,    1.0000e+00
1.6394e-01,    4.0157e-02,    1.0000e+00
1.6546e-01,    4.0528e-02,    1.0000e+00
1.6699e-01,    4.0902e-02,    1.0000e+00
1.6854e-01,    4.1280e-02,    1.0000e+00
1.7010e-01,    4.1661e-02,    1.0000e+00
1.7167e-01,    4.2045e-02,    1.0000e+00
1.7326e-01,    4.2434e-02,    1.0000e+00
1.7487e-01,    4.2825e-02,    1.0000e+00
1.7649e-01,    4.3221e-02,    1.0000e+00
1.7812e-01,    4.3620e-02,    1.0000e+00
1.7977e-01,    4.4022e-02,    1.0000e+00
1.8143e-01,    4.4429e-02,    1.0000e+00
1.8311e-01,    4.4839e-02,    1.0000e+00
1.8481e-01,    4.5253e-02,    1.0000e+00
1.8652e-01,    4.5670e-02,    1.0000e+00
1.8825e-01,    4.6092e-02,    1.0000e+00
1.8999e-01,    4.6517e-02,    1.0000e+00
1.9175e-01,    4.6946e-02,    1.0000e+00
1.9352e-01,    4.7380e-02,    1.0000e+00
1.9532e-01,    4.7817e-02,    1.0000e+00
1.9712e-01,    4.8258e-02,    1.0000e+00
1.9895e-01,    4.8703e-02,    1.0000e+00
2.0079e-01,    4.9152e-02,    1.0000e+00
2.0265e-01,    4.9606e-02,    1.0000e+00
2.0453e-01,    5.0063e-02,    1.0000e+00
2.0642e-01,    5.0525e-02,    1.0000e+00
2.0833e-01,    5.0991e-02,    1.0000e+00
2.1026e-01,    5.1461e-02,    1.0000e+00
2.1221e-01,    5.1935e-02,    1.0000e+00
2.1417e-01,    5.2414e-02,    1.0000e+00
2.1616e-01,    5.2897e-02,    1.0000e+00
2.1816e-01,    5.3385e-02,    1.0000e+00
2.2018e-01,    5.3877e-02,    1.0000e+00
2.2221e-01,    5.4373e-02,    1.0000e+00
2.2427e-01,    5.4875e-02,    1.0000e+00
2.2635e-01,    5.5380e-02,    1.0000e+00
2.2844e-01,    5.5891e-02,    1.0000e+00
2.3056e-01,    5.6405e-02,    1.0000e+00
2.3269e-01,    5.6925e-02,    1.0000e+00
2.3485e-01,    5.7449e-02,    1.0000e+00
2.3702e-01,    5.7979e-02,    1.0000e+00
2.3922e-01,    5.8513e-02,    1.0000e+00
2.4143e-01,    5.9051e-02,    1.0000e+00
2.4367e-01,    5.9595e-02,    1.0000e+00
2.4592e-01,    6.0144e-02,    1.0000e+00
2.4820e-01,    6.0697e-02,    1.0000e+00
2.5050e-01,    6.1256e-02,    1.0000e+00
2.5282e-01,    6.1820e-02,    1.0000e+00
2.5516e-01,    6.2389e-02,    1.0000e+00
2.5752e-01,    6.2963e-02,    1.0000e+00
2.5991e-01,    6.3542e-02,    1.0000e+00
2.6231e-01,    6.4127e-02,    1.0000e+00
2.6474e-01,    6.4717e-02,    1.0000e+00
2.6719e-01,    6.5312e-02,    1.0000e+00
2.6967e-01,    6.5913e-02,    1.0000e+00
2.7216e-01,    6.6519e-02,    1.0000e+00
2.7468e-01,    6.7130e-02,    1.0000e+00
2.7723e-01,    6.7748e-02,    1.0000e+00
2.7979e-01,    6.8370e-02,    1.0000e+00
2.8238e-01,    6.8999e-02,    1.0000e+00
2.8500e-01,    6.9633e-02,    1.0000e+00
2.8764e-01,    7.0272e-02,    1.0000e+00
2.9030e-01,    7.0918e-02,    1.0000e+00
2.9299e-01,    7.1569e-02,    1.0000e+00
2.9570e-01,    7.2227e-02,    1.0000e+00
2.9844e-01,    7.2890e-02,    1.0000e+00
3.0120e-01,    7.3559e-02,    1.0000e+00
3.0399e-01,    7.4234e-02,    1.0000e+00
3.0680e-01,    7.4916e-02,    1.0000e+00
3.0964e-01,    7.5603e-02,    1.0000e+00
3.1251e-01,    7.6297e-02,    1.0000e+00
3.1540e-01,    7.6997e-02,    1.0000e+00
3.1832e-01,    7.7703e-02,    1.0000e+00
3.2127e-01,    7.8416e-02,    1.0000e+00
3.2425e-01,    7.9135e-02,    1.0000e+00
3.2725e-01,    7.9860e-02,    1.0000e+00
3.3028e-01,    8.0592e-02,    1.0000e+00
3.3334e-01,    8.1331e-02,    1.0000e+00
3.3642e-01,    8.2076e-02,    1.0000e+00
3.3954e-01,    8.2828e-02,    1.0000e+00
3.4268e-01,    8.3586e-02,    1.0000e+00
3.4585e-01,    8.4352e-02,    1.0000e+00
3.4906e-01,    8.5124e-02,    1.0000e+00
3.5229e-01,    8.5903e-02,    1.0000e+00
3.5555e-01,    8.6689e-02,    1.0000e+00
3.5884e-01,    8.7482e-02,    1.0000e+00
3.6216e-01,    8.8283e-02,    1.0000e+00
3.6552e-01,    8.9090e-02,    1.0000e+00
3.6890e-01,    8.9905e-02,    1.0000e+00
3.7232e-01,    9.0726e-02,    1.0000e+00
3.7576e-01,    9.1555e-02,    1.0000e+00
3.7924e-01,    9.2392e-02,    1.0000e+00
3.8275e-01,    9.3236e-02,    1.0000e+00
3.8630e-01,    9.4087e-02,    1.0000e+00
3.8988e-01,    9.4946e-02,    1.0000e+00
3.9348e-01,    9.5813e-02,    1.0000e+00
3.9713e-01,    9.6687e-02,    1.0000e+00
4.0080e-01,    9.7569e-02,    1.0000e+00
4.0452e-01,    9.8459e-02,    1.0000e+00
4.0826e-01,    9.9357e-02,    1.0000e+00
4.1204e-01,    1.0026e-01,    1.0000e+00
4.1586e-01,    1.0118e-01,    1.0000e+00
4.1971e-01,    1.0210e-01,    1.0000e+00
4.2359e-01,    1.0303e-01,    1.0000e+00
4.2751e-01,    1.0397e-01,    1.0000e+00
4.3147e-01,    1.0491e-01,    1.0000e+00
4.3547e-01,    1.0587e-01,    1.0000e+00
4.3950e-01,    1.0683e-01,    1.0000e+00
4.4357e-01,    1.0780e-01,    1.0000e+00
4.4768e-01,    1.0878e-01,    1.0000e+00
4.5182e-01,    1.0977e-01,    1.0000e+00
4.5600e-01,    1.1077e-01,    1.0000e+00
4.6023e-01,    1.1177e-01,    1.0000e+00
4.6449e-01,    1.1279e-01,    1.0000e+00
4.6879e-01,    1.1381e-01,    1.0000e+00
4.7313e-01,    1.1484e-01,    1.0000e+00
4.7751e-01,    1.1588e-01,    1.0000e+00
4.8193e-01,    1.1693e-01,    1.0000e+00
4.8639e-01,    1.1799e-01,    1.0000e+00
4.9089e-01,    1.1906e-01,    1.0000e+00
4.9544e-01,    1.2014e-01,    1.0000e+00
5.0003e-01,    1.2123e-01,    1.0000e+00
5.0466e-01,    1.2232e-01,    1.0000e+00
5.0933e-01,    1.2343e-01,    1.0000e+00
5.1404e-01,    1.2454e-01,    1.0000e+00
5.1880e-01,    1.2567e-01,    1.0000e+00
5.2361e-01,    1.2680e-01,    1.0000e+00
5.2846e-01,    1.2795e-01,    1.0000e+00
5.3335e-01,    1.2910e-01,    1.0000e+00
5.3829e-01,    1.3026e-01,    1.0000e+00
5.4327e-01,    1.3144e-01,    1.0000e+00
5.4830e-01,    1.3262e-01,    1.0000e+00
5.5338e-01,    1.3382e-01,    1.0000e+00
5.5850e-01,    1.3502e-01,    1.0000e+00
5.6367e-01,    1.3623e-01,    1.0000e+00
5.6889e-01,    1.3746e-01,    1.0000e+00
5.7416e-01,    1.3869e-01,    1.0000e+00
5.7947e-01,    1.3994e-01,    1.0000e+00
5.8484e-01,    1.4119e-01,    1.0000e+00
5.9025e-01,    1.4246e-01,    1.0000e+00
5.9572e-01,    1.4374e-01,    1.0000e+00
6.0123e-01,    1.4503e-01,    1.0000e+00
6.0680e-01,    1.4632e-01,    1.0000e+00
6.1242e-01,    1.4763e-01,    1.0000e+00
6.1809e-01,    1.4895e-01,    1.0000e+00
6.2381e-01,    1.5028e-01,    1.0000e+00
6.2959e-01,    1.5163e-01,    1.0000e+00
6.3542e-01,    1.5298e-01,    1.0000e+00
6.4130e-01,    1.5434e-01,    1.0000e+00
6.4724e-01,    1.5572e-01,    1.0000e+00
6.5323e-01,    1.5710e-01,    1.0000e+00
6.5928e-01,    1.5850e-01,    1.0000e+00
6.6538e-01,    1.5991e-01,    1.0000e+00
6.7154e-01,    1.6133e-01,    1.0000e+00
6.7776e-01,    1.6277e-01,    1.0000e+00
6.8403e-01,    1.6421e-01,    1.0000e+00
6.9037e-01,    1.6567e-01,    1.0000e+00
6.9676e-01,    1.6713e-01,    1.0000e+00
7.0321e-01,    1.6861e-01,    1.0000e+00
7.0972e-01,    1.7010e-01,    1.0000e+00
7.1629e-01,    1.7161e-01,    1.0000e+00
7.2292e-01,    1.7312e-01,    1.0000e+00
7.2962e-01,    1.7465e-01,    1.0000e+00
7.3637e-01,    1.7619e-01,    1.0000e+00
7.4319e-01,    1.7774e-01,    1.0000e+00
7.5007e-01,    1.7930e-01,    1.0000e+00
7.5702e-01,    1.8088e-01,    1.0000e+00
7.6403e-01,    1.8247e-01,    1.0000e+00
7.7110e-01,    1.8407e-01,    1.0000e+00
7.7824e-01,    1.8568e-01,    1.0000e+00
7.8544e-01,    1.8731e-01,    1.0000e+00
7.9272e-01,    1.8895e-01,    1.0000e+00
8.0006e-01,    1.9060e-01,    1.0000e+00
8.0746e-01,    1.9226e-01,    1.0000e+00
8.1494e-01,    1.9394e-01,    1.0000e+00
8.2249e-01,    1.9563e-01,    1.0000e+00
8.3010e-01,    1.9733e-01,    1.0000e+00
8.3779e-01,    1.9904e-01,    1.0000e+00
8.4554e-01,    2.0077e-01,    1.0000e+00
8.5337e-01,    2.0251e-01,    1.0000e+00
8.6127e-01,    2.0427e-01,    1.0000e+00
8.6925e-01,    2.0603e-01,    1.0000e+00
8.7730e-01,    2.0781e-01,    1.0000e+00
8.8542e-01,    2.0961e-01,    1.0000e+00
8.9362e-01,    2.1141e-01,    1.0000e+00
9.0189e-01,    2.1323e-01,    1.0000e+00
9.1024e-01,    2.1506e-01,    1.0000e+00
9.1867e-01,    2.1691e-01,    1.0000e+00
9.2717e-01,    2.1877e-01,    1.0000e+00
9.3576e-01,    2.2064e-01,    1.0000e+00
9.4442e-01,    2.2253e-01,    1.0000e+00
9.5317e-01,    2.2443e-01,    1.0000e+00
9.6199e-01,    2.2634e-01,    1.0000e+00
9.7090e-01,    2.2827e-01,    1.0000e+00
9.7989e-01,    2.3021e-01,    1.0000e+00
9.8896e-01,    2.3216e-01,    1.0000e+00
9.9812e-01,    2.3413e-01,    1.0000e+00
1.0074e+00,    2.3611e-01,    1.0000e+00
1.0167e+00,    2.3810e-01,    1.0000e+00
1.0261e+00,    2.4011e-01,    1.0000e+00
1.0356e+00,    2.4213e-01,    1.0000e+00
1.0452e+00,    2.4416e-01,    1.0000e+00
1.0549e+00,    2.4621e-01,    1.0000e+00
1.0646e+00,    2.4827e-01,    1.0000e+00
1.0745e+00,    2.5035e-01,    1.0000e+00
1.0844e+00,    2.5244e-01,    1.0000e+00
1.0945e+00,    2.5454e-01,    1.0000e+00
1.1046e+00,    2.5666e-01,    1.0000e+00
1.1148e+00,    2.5879e-01,    1.0000e+00
1.1252e+00,    2.6093e-01,    1.0000e+00
1.1356e+00,    2.6309e-01,    1.0000e+00
1.1461e+00,    2.6526e-01,    1.0000e+00
1.1567e+00,    2.6744e-01,    1.0000e+00
1.1674e+00,    2.6964e-01,    1.0000e+00
1.1782e+00,    2.7185e-01,    1.0000e+00
1.1891e+00,    2.7407e-01,    1.0000e+00
1.2001e+00,    2.7631e-01,    1.0000e+00
1.2112e+00,    2.7856e-01,    1.0000e+00
1.2225e+00,    2.8082e-01,    1.0000e+00
1.2338e+00,    2.8310e-01,    1.0000e+00
1.2452e+00,    2.8539e-01,    1.0000e+00
1.2567e+00,    2.8769e-01,    1.0000e+00
1.2684e+00,    2.9000e-01,    1.0000e+00
1.2801e+00,    2.9233e-01,    1.0000e+00
1.2920e+00,    2.9468e-01,    1.0000e+00
1.3039e+00,    2.9703e-01,    1.0000e+00
1.3160e+00,    2.9940e-01,    1.0000e+00
1.3282e+00,    3.0178e-01,    1.0000e+00
1.3405e+00,    3.0417e-01,    1.0000e+00
1.3529e+00,    3.0657e-01,    1.0000e+00
1.3654e+00,    3.0899e-01,    1.0000e+00
1.3781e+00,    3.1142e-01,    1.0000e+00
1.3908e+00,    3.1386e-01,    1.0000e+00
1.4037e+00,    3.1632e-01,    1.0000e+00
1.4167e+00,    3.1879e-01,    1.0000e+00
1.4298e+00,    3.2126e-01,    1.0000e+00
1.4430e+00,    3.2375e-01,    1.0000e+00
1.4564e+00,    3.2626e-01,    1.0000e+00
1.4699e+00,    3.2877e-01,    1.0000e+00
1.4835e+00,    3.3129e-01,    1.0000e+00
1.4972e+00,    3.3383e-01,    1.0000e+00
1.5111e+00,    3.3638e-01,    1.0000e+00
1.5251e+00,    3.3894e-01,    1.0000e+00
1.5392e+00,    3.4150e-01,    1.0000e+00
1.5535e+00,    3.4408e-01,    1.0000e+00
1.5678e+00,    3.4668e-01,    1.0000e+00
1.5824e+00,    3.4928e-01,    1.0000e+00
1.5970e+00,    3.5189e-01,    1.0000e+00
1.6118e+00,    3.5451e-01,    1.0000e+00
1.6267e+00,    3.5714e-01,    1.0000e+00
1.6418e+00,    3.5978e-01,    1.0000e+00
1.6570e+00,    3.6243e-01,    1.0000e+00
1.6723e+00,    3.6509e-01,    1.0000e+00
1.6878e+00,    3.6776e-01,    1.0000e+00
1.7034e+00,    3.7044e-01,    1.0000e+00
1.7192e+00,    3.7313e-01,    1.0000e+00
1.7351e+00,    3.7582e-01,    1.0000e+00
1.7512e+00,    3.7853e-01,    1.0000e+00
1.7674e+00,    3.8124e-01,    1.0000e+00
1.7838e+00,    3.8396e-01,    1.0000e+00
1.8003e+00,    3.8669e-01,    1.0000e+00
1.8170e+00,    3.8943e-01,    1.0000e+00
1.8338e+00,    3.9217e-01,    1.0000e+00
1.8508e+00,    3.9492e-01,    1.0000e+00
1.8679e+00,    3.9768e-01,    1.0000e+00
1.8852e+00,    4.0044e-01,    1.0000e+00
1.9026e+00,    4.0321e-01,    1.0000e+00
1.9203e+00,    4.0599e-01,    1.0000e+00
1.9380e+00,    4.0877e-01,    1.0000e+00
1.9560e+00,    4.1156e-01,    1.0000e+00
1.9741e+00,    4.1435e-01,    1.0000e+00
1.9924e+00,    4.1715e-01,    1.0000e+00
2.0108e+00,    4.1995e-01,    1.0000e+00
2.0294e+00,    4.2276e-01,    1.0000e+00
2.0482e+00,    4.2557e-01,    1.0000e+00
2.0672e+00,    4.2839e-01,    1.0000e+00
2.0863e+00,    4.3121e-01,    1.0000e+00
2.1056e+00,    4.3403e-01,    1.0000e+00
2.1251e+00,    4.3686e-01,    1.0000e+00
2.1448e+00,    4.3969e-01,    1.0000e+00
2.1647e+00,    4.4252e-01,    1.0000e+00
2.1847e+00,    4.4535e-01,    1.0000e+00
2.2049e+00,    4.4819e-01,    1.0000e+00
2.2253e+00,    4.5103e-01,    1.0000e+00
2.2460e+00,    4.5386e-01,    1.0000e+00
2.2667e+00,    4.5671e-01,    1.0000e+00
2.2877e+00,    4.5955e-01,    1.0000e+00
2.3089e+00,    4.6239e-01,    1.0000e+00
2.3303e+00,    4.6523e-01,    1.0000e+00
2.3519e+00,    4.6807e-01,    1.0000e+00
2.3736e+00,    4.7091e-01,    1.0000e+00
2.3956e+00,    4.7375e-01,    1.0000e+00
2.4178e+00,    4.7659e-01,    1.0000e+00
2.4402e+00,    4.7943e-01,    1.0000e+00
2.4628e+00,    4.8227e-01,    1.0000e+00
2.4856e+00,    4.8510e-01,    1.0000e+00
2.5086e+00,    4.8794e-01,    1.0000e+00
2.5318e+00,    4.9077e-01,    1.0000e+00
2.5553e+00,    4.9359e-01,    1.0000e+00
2.5789e+00,    4.9642e-01,    1.0000e+00
2.6028e+00,    4.9924e-01,    1.0000e+00
2.6269e+00,    5.0205e-01,    1.0000e+00
2.6512e+00,    5.0487e-01,    1.0000e+00
2.6758e+00,    5.0767e-01,    1.0000e+00
2.7005e+00,    5.1048e-01,    1.0000e+00
2.7255e+00,    5.1328e-01,    1.0000e+00
2.7508e+00,    5.1607e-01,    1.0000e+00
2.7762e+00,    5.1886e-01,    1.0000e+00
2.8020e+00,    5.2164e-01,    1.0000e+00
2.8279e+00,    5.2441e-01,    1.0000e+00
2.8541e+00,    5.2718e-01,    1.0000e+00
2.8805e+00,    5.2994e-01,    1.0000e+00
2.9072e+00,    5.3270e-01,    1.0000e+00
2.9341e+00,    5.3545e-01,    1.0000e+00
2.9613e+00,    5.3819e-01,    1.0000e+00
2.9887e+00,    5.4092e-01,    1.0000e+00
3.0163e+00,    5.4365e-01,    1.0000e+00
3.0443e+00,    5.4636e-01,    1.0000e+00
3.0725e+00,    5.4907e-01,    1.0000e+00
3.1009e+00,    5.5177e-01,    1.0000e+00
3.1296e+00,    5.5446e-01,    1.0000e+00
3.1586e+00,    5.5714e-01,    1.0000e+00
3.1878e+00,    5.5981e-01,    1.0000e+00
3.2174e+00,    5.6247e-01,    1.0000e+00
3.2471e+00,    5.6512e-01,    1.0000e+00
3.2772e+00,    5.6776e-01,    1.0000e+00
3.3075e+00,    5.7039e-01,    1.0000e+00
3.3382e+00,    5.7301e-01,    1.0000e+00
3.3691e+00,    5.7562e-01,    1.0000e+00
3.4003e+00,    5.7822e-01,    1.0000e+00
3.4318e+00,    5.8080e-01,    1.0000e+00
3.4635e+00,    5.8338e-01,    1.0000e+00
3.4956e+00,    5.8594e-01,    1.0000e+00
3.5280e+00,    5.8849e-01,    1.0000e+00
3.5606e+00,    5.9103e-01,    1.0000e+00
3.5936e+00,    5.9356e-01,    1.0000e+00
3.6269e+00,    5.9607e-01,    1.0000e+00
3.6604e+00,    5.9857e-01,    1.0000e+00
3.6943e+00,    6.0106e-01,    1.0000e+00
3.7285e+00,    6.0354e-01,    1.0000e+00
3.7631e+00,    6.0600e-01,    1.0000e+00
3.7979e+00,    6.0845e-01,    1.0000e+00
3.8331e+00,    6.1089e-01,    1.0000e+00
3.8686e+00,    6.1332e-01,    1.0000e+00
3.9044e+00,    6.1573e-01,    1.0000e+00
3.9405e+00,    6.1813e-01,    1.0000e+00
3.9770e+00,    6.2051e-01,    1.0000e+00
4.0138e+00,    6.2288e-01,    1.0000e+00
4.0510e+00,    6.2524e-01,    1.0000e+00
4.0885e+00,    6.2758e-01,    1.0000e+00
4.1263e+00,    6.2991e-01,    1.0000e+00
4.1646e+00,    6.3222e-01,    1.0000e+00
4.2031e+00,    6.3452e-01,    1.0000e+00
4.2420e+00,    6.3681e-01,    1.0000e+00
4.2813e+00,    6.3908e-01,    1.0000e+00
4.3209e+00,    6.4134e-01,    1.0000e+00
4.3609e+00,    6.4358e-01,    1.0000e+00
4.4013e+00,    6.4581e-01,    1.0000e+00
4.4421e+00,    6.4803e-01,    1.0000e+00
4.4832e+00,    6.5023e-01,    1.0000e+00
4.5247e+00,    6.5242e-01,    1.0000e+00
4.5666e+00,    6.5459e-01,    1.0000e+00
4.6089e+00,    6.5675e-01,    1.0000e+00
4.6516e+00,    6.5889e-01,    1.0000e+00
4.6946e+00,    6.6102e-01,    1.0000e+00
4.7381e+00,    6.6314e-01,    1.0000e+00
4.7820e+00,    6.6524e-01,    1.0000e+00
4.8262e+00,    6.6733e-01,    1.0000e+00
4.8709e+00,    6.6940e-01,    1.0000e+00
4.9160e+00,    6.7146e-01,    1.0000e+00
4.9615e+00,    6.7351e-01,    1.0000e+00
5.0075e+00,    6.7554e-01,    1.0000e+00
5.0538e+00,    6.7755e-01,    1.0000e+00
5.1006e+00,    6.7955e-01,    1.0000e+00
5.1479e+00,    6.8154e-01,    1.0000e+00
5.1955e+00,    6.8352e-01,    1.0000e+00
5.2436e+00,    6.8548e-01,    1.0000e+00
5.2922e+00,    6.8743e-01,    1.0000e+00
5.3412e+00,    6.8936e-01,    1.0000e+00
5.3906e+00,    6.9128e-01,    1.0000e+00
5.4405e+00,    6.9318e-01,    1.0000e+00
5.4909e+00,    6.9507e-01,    1.0000e+00
5.5417e+00,    6.9695e-01,    1.0000e+00
5.5930e+00,    6.9882e-01,    1.0000e+00
5.6448e+00,    7.0067e-01,    1.0000e+00
5.6971e+00,    7.0251e-01,    1.0000e+00
5.7498e+00,    7.0433e-01,    1.0000e+00
5.8031e+00,    7.0615e-01,    1.0000e+00
5.8568e+00,    7.0794e-01,    1.0000e+00
5.9110e+00,    7.0973e-01,    1.0000e+00
5.9658e+00,    7.1150e-01,    1.0000e+00
6.0210e+00,    7.1326e-01,    1.0000e+00
6.0767e+00,    7.1501e-01,    1.0000e+00
6.1330e+00,    7.1675e-01,    1.0000e+00
6.1898e+00,    7.1847e-01,    1.0000e+00
6.2471e+00,    7.2018e-01,    1.0000e+00
6.3049e+00,    7.2188e-01,    1.0000e+00
6.3633e+00,    7.2356e-01,    1.0000e+00
6.4222e+00,    7.2523e-01,    1.0000e+00
6.4817e+00,    7.2690e-01,    1.0000e+00
6.5417e+00,    7.2854e-01,    1.0000e+00
6.6023e+00,    7.3018e-01,    1.0000e+00
6.6634e+00,    7.3181e-01,    1.0000e+00
6.7251e+00,    7.3342e-01,    1.0000e+00
6.7874e+00,    7.3502e-01,    1.0000e+00
6.8502e+00,    7.3661e-01,    1.0000e+00
6.9136e+00,    7.3819e-01,    1.0000e+00
6.9776e+00,    7.3976e-01,    1.0000e+00
7.0422e+00,    7.4131e-01,    1.0000e+00
7.1074e+00,    7.4286e-01,    1.0000e+00
7.1733e+00,    7.4439e-01,    1.0000e+00
7.2397e+00,    7.4592e-01,    1.0000e+00
7.3067e+00,    7.4743e-01,    1.0000e+00
7.3743e+00,    7.4893e-01,    1.0000e+00
7.4426e+00,    7.5042e-01,    1.0000e+00
7.5115e+00,    7.5190e-01,    1.0000e+00
7.5811e+00,    7.5337e-01,    1.0000e+00
7.6513e+00,    7.5483e-01,    1.0000e+00
7.7221e+00,    7.5628e-01,    1.0000e+00
7.7936e+00,    7.5772e-01,    1.0000e+00
7.8658e+00,    7.5915e-01,    1.0000e+00
7.9386e+00,    7.6056e-01,    1.0000e+00
8.0121e+00,    7.6197e-01,    1.0000e+00
8.0863e+00,    7.6337e-01,    1.0000e+00
8.1611e+00,    7.6476e-01,    1.0000e+00
8.2367e+00,    7.6614e-01,    1.0000e+00
8.3130e+00,    7.6751e-01,    1.0000e+00
8.3899e+00,    7.6887e-01,    1.0000e+00
8.4676e+00,    7.7022e-01,    1.0000e+00
8.5460e+00,    7.7156e-01,    1.0000e+00
8.6251e+00,    7.7289e-01,    1.0000e+00
8.7050e+00,    7.7421e-01,    1.0000e+00
8.7856e+00,    7.7553e-01,    1.0000e+00
8.8669e+00,    7.7683e-01,    1.0000e+00
8.9490e+00,    7.7812e-01,    1.0000e+00
9.0319e+00,    7.7941e-01,    1.0000e+00
9.1155e+00,    7.8069e-01,    1.0000e+00
9.1999e+00,    7.8196e-01,    1.0000e+00
9.2851e+00,    7.8322e-01,    1.0000e+00
9.3711e+00,    7.8447e-01,    1.0000e+00
9.4578e+00,    7.8571e-01,    1.0000e+00
9.5454e+00,    7.8694e-01,    1.0000e+00
9.6338e+00,    7.8817e-01,    1.0000e+00
9.7230e+00,    7.8939e-01,    1.0000e+00
9.8130e+00,    7.9060e-01,    1.0000e+00
9.9038e+00,    7.9180e-01,    1.0000e+00
9.9955e+00,    7.9299e-01,    1.0000e+00
1.0088e+01,    7.9418e-01,    1.0000e+00
1.0181e+01,    7.9535e-01,    1.0000e+00
1.0276e+01,    7.9652e-01,    1.0000e+00
1.0371e+01,    7.9769e-01,    1.0000e+00
1.0467e+01,    7.9884e-01,    1.0000e+00
1.0564e+01,    7.9999e-01,    1.0000e+00
1.0662e+01,    8.0112e-01,    1.0000e+00
1.0760e+01,    8.0225e-01,    1.0000e+00
1.0860e+01,    8.0338e-01,    1.0000e+00
1.0961e+01,    8.0449e-01,    1.0000e+00
1.1062e+01,    8.0560e-01,    1.0000e+00
1.1164e+01,    8.0670e-01,    1.0000e+00
1.1268e+01,    8.0780e-01,    1.0000e+00
1.1372e+01,    8.0888e-01,    1.0000e+00
1.1477e+01,    8.0996e-01,    1.0000e+00
1.1584e+01,    8.1104e-01,    1.0000e+00
1.1691e+01,    8.1210e-01,    1.0000e+00
1.1799e+01,    8.1316e-01,    1.0000e+00
1.1908e+01,    8.1421e-01,    1.0000e+00
1.2019e+01,    8.1526e-01,    1.0000e+00
1.2130e+01,    8.1630e-01,    1.0000e+00
1.2242e+01,    8.1733e-01,    1.0000e+00
1.2356e+01,    8.1835e-01,    1.0000e+00
1.2470e+01,    8.1937e-01,    1.0000e+00
1.2585e+01,    8.2038e-01,    1.0000e+00
1.2702e+01,    8.2139e-01,    1.0000e+00
1.2820e+01,    8.2239e-01,    1.0000e+00
1.2938e+01,    8.2338e-01,    1.0000e+00
1.3058e+01,    8.2436e-01,    1.0000e+00
1.3179e+01,    8.2534e-01,    1.0000e+00
1.3301e+01,    8.2632e-01,    1.0000e+00
1.3424e+01,    8.2729e-01,    1.0000e+00
1.3548e+01,    8.2825e-01,    1.0000e+00
1.3674e+01,    8.2920e-01,    1.0000e+00
1.3800e+01,    8.3015e-01,    1.0000e+00
1.3928e+01,    8.3109e-01,    1.0000e+00
1.4057e+01,    8.3203e-01,    1.0000e+00
1.4187e+01,    8.3296e-01,    1.0000e+00
1.4319e+01,    8.3389e-01,    1.0000e+00
1.4451e+01,    8.3481e-01,    1.0000e+00
1.4585e+01,    8.3572e-01,    1.0000e+00
1.4720e+01,    8.3663e-01,    1.0000e+00
1.4856e+01,    8.3753e-01,    1.0000e+00
1.4994e+01,    8.3843e-01,    1.0000e+00
1.5133e+01,    8.3932e-01,    1.0000e+00
1.5273e+01,    8.4020e-01,    1.0000e+00
1.5414e+01,    8.4108e-01,    1.0000e+00
1.5557e+01,    8.4196e-01,    1.0000e+00
1.5701e+01,    8.4283e-01,    1.0000e+00
1.5846e+01,    8.4369e-01,    1.0000e+00
1.5993e+01,    8.4455e-01,    1.0000e+00
1.6141e+01,    8.4540e-01,    1.0000e+00
1.6291e+01,    8.4625e-01,    1.0000e+00
1.6441e+01,    8.4709e-01,    1.0000e+00
1.6594e+01,    8.4793e-01,    1.0000e+00
1.6747e+01,    8.4876e-01,    1.0000e+00
1.6902e+01,    8.4959e-01,    1.0000e+00
1.7059e+01,    8.5041e-01,    1.0000e+00
1.7217e+01,    8.5123e-01,    1.0000e+00
1.7376e+01,    8.5204e-01,    1.0000e+00
1.7537e+01,    8.5284e-01,    1.0000e+00
1.7700e+01,    8.5365e-01,    1.0000e+00
1.7863e+01,    8.5444e-01,    1.0000e+00
1.8029e+01,    8.5524e-01,    1.0000e+00
1.8196e+01,    8.5602e-01,    1.0000e+00
1.8364e+01,    8.5681e-01,    1.0000e+00
1.8534e+01,    8.5758e-01,    1.0000e+00
1.8706e+01,    8.5836e-01,    1.0000e+00
1.8879e+01,    8.5913e-01,    1.0000e+00
1.9054e+01,    8.5989e-01,    1.0000e+00
1.9230e+01,    8.6065e-01,    1.0000e+00
1.9408e+01,    8.6140e-01,    1.0000e+00
1.9588e+01,    8.6215e-01,    1.0000e+00
1.9769e+01,    8.6290e-01,    1.0000e+00
1.9952e+01,    8.6364e-01,    1.0000e+00
2.0137e+01,    8.6438e-01,    1.0000e+00
2.0324e+01,    8.6511e-01,    1.0000e+00
2.0512e+01,    8.6584e-01,    1.0000e+00
2.0702e+01,    8.6656e-01,    1.0000e+00
2.0893e+01,    8.6728e-01,    1.0000e+00
2.1087e+01,    8.6800e-01,    1.0000e+00
2.1282e+01,    8.6871e-01,    1.0000e+00
2.1479e+01,    8.6941e-01,    1.0000e+00
2.1678e+01,    8.7012e-01,    1.0000e+00
2.1879e+01,    8.7081e-01,    1.0000e+00
2.2081e+01,    8.7151e-01,    1.0000e+00
2.2286e+01,    8.7220e-01,    1.0000e+00
2.2492e+01,    8.7288e-01,    1.0000e+00
2.2700e+01,    8.7356e-01,    1.0000e+00
2.2910e+01,    8.7424e-01,    1.0000e+00
2.3122e+01,    8.7492e-01,    1.0000e+00
2.3337e+01,    8.7559e-01,    1.0000e+00
2.3553e+01,    8.7625e-01,    1.0000e+00
2.3771e+01,    8.7691e-01,    1.0000e+00
2.3991e+01,    8.7757e-01,    1.0000e+00
2.4213e+01,    8.7823e-01,    1.0000e+00
2.4437e+01,    8.7888e-01,    1.0000e+00
2.4663e+01,    8.7952e-01,    1.0000e+00
2.4892e+01,    8.8016e-01,    1.0000e+00
2.5122e+01,    8.8080e-01,    1.0000e+00
2.5355e+01,    8.8144e-01,    1.0000e+00
2.5589e+01,    8.8207e-01,    1.0000e+00
2.5826e+01,    8.8270e-01,    1.0000e+00
2.6066e+01,    8.8332e-01,    1.0000e+00
2.6307e+01,    8.8394e-01,    1.0000e+00
2.6550e+01,    8.8456e-01,    1.0000e+00
2.6796e+01,    8.8517e-01,    1.0000e+00
2.7044e+01,    8.8578e-01,    1.0000e+00
2.7295e+01,    8.8639e-01,    1.0000e+00
2.7547e+01,    8.8699e-01,    1.0000e+00
2.7802e+01,    8.8759e-01,    1.0000e+00
2.8060e+01,    8.8818e-01,    1.0000e+00
2.8320e+01,    8.8878e-01,    1.0000e+00
2.8582e+01,    8.8936e-01,    1.0000e+00
2.8847e+01,    8.8995e-01,    1.0000e+00
2.9114e+01,    8.9053e-01,    1.0000e+00
2.9383e+01,    8.9111e-01,    1.0000e+00
2.9655e+01,    8.9169e-01,    1.0000e+00
2.9930e+01,    8.9226e-01,    1.0000e+00
3.0207e+01,    8.9283e-01,    1.0000e+00
3.0487e+01,    8.9339e-01,    1.0000e+00
3.0769e+01,    8.9395e-01,    1.0000e+00
3.1054e+01,    8.9451e-01,    1.0000e+00
3.1341e+01,    8.9507e-01,    1.0000e+00
3.1631e+01,    8.9562e-01,    1.0000e+00
3.1924e+01,    8.9617e-01,    1.0000e+00
3.2220e+01,    8.9671e-01,    1.0000e+00
3.2518e+01,    8.9726e-01,    1.0000e+00
3.2819e+01,    8.9780e-01,    1.0000e+00
3.3123e+01,    8.9833e-01,    1.0000e+00
3.3430e+01,    8.9887e-01,    1.0000e+00
3.3739e+01,    8.9940e-01,    1.0000e+00
3.4052e+01,    8.9993e-01,    1.0000e+00
3.4367e+01,    9.0045e-01,    1.0000e+00
3.4685e+01,    9.0097e-01,    1.0000e+00
3.5006e+01,    9.0149e-01,    1.0000e+00
3.5330e+01,    9.0201e-01,    1.0000e+00
3.5658e+01,    9.0252e-01,    1.0000e+00
3.5988e+01,    9.0303e-01,    1.0000e+00
3.6321e+01,    9.0354e-01,    1.0000e+00
3.6657e+01,    9.0404e-01,    1.0000e+00
3.6997e+01,    9.0454e-01,    1.0000e+00
3.7339e+01,    9.0504e-01,    1.0000e+00
3.7685e+01,    9.0553e-01,    1.0000e+00
3.8034e+01,    9.0603e-01,    1.0000e+00
3.8386e+01,    9.0652e-01,    1.0000e+00
3.8741e+01,    9.0700e-01,    1.0000e+00
3.9100e+01,    9.0749e-01,    1.0000e+00
3.9462e+01,    9.0797e-01,    1.0000e+00
3.9827e+01,    9.0845e-01,    1.0000e+00
4.0196e+01,    9.0892e-01,    1.0000e+00
4.0568e+01,    9.0940e-01,    1.0000e+00
4.0944e+01,    9.0987e-01,    1.0000e+00
4.1323e+01,    9.1034e-01,    1.0000e+00
4.1706e+01,    9.1080e-01,    1.0000e+00
4.2092e+01,    9.1127e-01,    1.0000e+00
4.2481e+01,    9.1173e-01,    1.0000e+00
4.2875e+01,    9.1218e-01,    1.0000e+00
4.3272e+01,    9.1264e-01,    1.0000e+00
4.3672e+01,    9.1309e-01,    1.0000e+00
4.4077e+01,    9.1354e-01,    1.0000e+00
4.4485e+01,    9.1399e-01,    1.0000e+00
4.4897e+01,    9.1443e-01,    1.0000e+00
4.5312e+01,    9.1488e-01,    1.0000e+00
4.5732e+01,    9.1532e-01,    1.0000e+00
4.6155e+01,    9.1575e-01,    1.0000e+00
4.6583e+01,    9.1619e-01,    1.0000e+00
4.7014e+01,    9.1662e-01,    1.0000e+00
4.7449e+01,    9.1705e-01,    1.0000e+00
4.7889e+01,    9.1748e-01,    1.0000e+00
4.8332e+01,    9.1791e-01,    1.0000e+00
4.8779e+01,    9.1833e-01,    1.0000e+00
4.9231e+01,    9.1875e-01,    1.0000e+00
4.9687e+01,    9.1917e-01,    1.0000e+00
5.0147e+01,    9.1958e-01,    1.0000e+00
5.0611e+01,    9.2000e-01,    1.0000e+00
5.1080e+01,    9.2041e-01,    1.0000e+00
5.1553e+01,    9.2082e-01,    1.0000e+00
5.2030e+01,    9.2122e-01,    1.0000e+00
5.2512e+01,    9.2163e-01,    1.0000e+00
5.2998e+01,    9.2203e-01,    1.0000e+00
5.3489e+01,    9.2243e-01,    1.0000e+00
5.3984e+01,    9.2283e-01,    1.0000e+00
5.4484e+01,    9.2323e-01,    1.0000e+00
5.4988e+01,    9.2362e-01,    1.0000e+00
5.5497e+01,    9.2401e-01,    1.0000e+00
5.6011e+01,    9.2440e-01,    1.0000e+00
5.6530e+01,    9.2479e-01,    1.0000e+00
5.7053e+01,    9.2517e-01,    1.0000e+00
5.7581e+01,    9.2555e-01,    1.0000e+00
5.8114e+01,    9.2594e-01,    1.0000e+00
5.8652e+01,    9.2631e-01,    1.0000e+00
5.9196e+01,    9.2669e-01,    1.0000e+00
5.9744e+01,    9.2707e-01,    1.0000e+00
6.0297e+01,    9.2744e-01,    1.0000e+00
6.0855e+01,    9.2781e-01,    1.0000e+00
6.1418e+01,    9.2818e-01,    1.0000e+00
6.1987e+01,    9.2854e-01,    1.0000e+00
6.2561e+01,    9.2891e-01,    1.0000e+00
6.3140e+01,    9.2927e-01,    1.0000e+00
6.3725e+01,    9.2963e-01,    1.0000e+00
6.4315e+01,    9.2999e-01,    1.0000e+00
6.4910e+01,    9.3034e-01,    1.0000e+00
6.5511e+01,    9.3070e-01,    1.0000e+00
6.6118e+01,    9.3105e-01,    1.0000e+00
6.6730e+01,    9.3140e-01,    1.0000e+00
6.7348e+01,    9.3175e-01,    1.0000e+00
6.7971e+01,    9.3210e-01,    1.0000e+00
6.8601e+01,    9.3244e-01,    1.0000e+00
6.9236e+01,    9.3279e-01,    1.0000e+00
6.9877e+01,    9.3313e-01,    1.0000e+00
7.0524e+01,    9.3347e-01,    1.0000e+00
7.1177e+01,    9.3380e-01,    1.0000e+00
7.1836e+01,    9.3414e-01,    1.0000e+00
7.2501e+01,    9.3447e-01,    1.0000e+00
7.3172e+01,    9.3480e-01,    1.0000e+00
7.3850e+01,    9.3513e-01,    1.0000e+00
7.4533e+01,    9.3546e-01,    1.0000e+00
7.5224e+01,    9.3579e-01,    1.0000e+00
7.5920e+01,    9.3611e-01,    1.0000e+00
7.6623e+01,    9.3644e-01,    1.0000e+00
7.7332e+01,    9.3676e-01,    1.0000e+00
7.8048e+01,    9.3708e-01,    1.0000e+00
7.8771e+01,    9.3740e-01,    1.0000e+00
7.9500e+01,    9.3771e-01,    1.0000e+00
8.0236e+01,    9.3803e-01,    1.0000e+00
8.0979e+01,    9.3834e-01,    1.0000e+00
8.1729e+01,    9.3865e-01,    1.0000e+00
8.2486e+01,    9.3896e-01,    1.0000e+00
8.3249e+01,    9.3927e-01,    1.0000e+00
8.4020e+01,    9.3957e-01,    1.0000e+00
8.4798e+01,    9.3988e-01,    1.0000e+00
8.5583e+01,    9.4018e-01,    1.0000e+00
8.6376e+01,    9.4048e-01,    1.0000e+00
8.7175e+01,    9.4078e-01,    1.0000e+00
8.7983e+01,    9.4108e-01,    1.0000e+00
8.8797e+01,    9.4137e-01,    1.0000e+00
8.9619e+01,    9.4167e-01,    1.0000e+00
9.0449e+01,    9.4196e-01,    1.0000e+00
9.1286e+01,    9.4225e-01,    1.0000e+00
9.2132e+01,    9.4254e-01,    1.0000e+00
9.2985e+01,    9.4283e-01,    1.0000e+00
9.3846e+01,    9.4312e-01,    1.0000e+00
9.4714e+01,    9.4340e-01,    1.0000e+00
9.5591e+01,    9.4369e-01,    1.0000e+00
9.6476e+01,    9.4397e-01,    1.0000e+00
9.7370e+01,    9.4425e-01,    1.0000e+00
9.8271e+01,    9.4453e-01,    1.0000e+00
9.9181e+01,    9.4481e-01,    1.0000e+00
1.0010e+02,    9.4508e-01,    1.0000e+00
1.0103e+02,    9.4536e-01,    1.0000e+00
1.0196e+02,    9.4563e-01,    1.0000e+00
1.0291e+02,    9.4590e-01,    1.0000e+00
1.0386e+02,    9.4617e-01,    1.0000e+00
1.0482e+02,    9.4644e-01,    1.0000e+00
1.0579e+02,    9.4671e-01,    1.0000e+00
1.0677e+02,    9.4698e-01,    1.0000e+00
1.0776e+02,    9.4724e-01,    1.0000e+00
1.0876e+02,    9.4750e-01,    1.0000e+00
1.0976e+02,    9.4777e-01,    1.0000e+00
1.1078e+02,    9.4803e-01,    1.0000e+00
1.1181e+02,    9.4829e-01,    1.0000e+00
1.1284e+02,    9.4854e-01,    1.0000e+00
1.1388e+02,    9.4880e-01,    1.0000e+00
1.1494e+02,    9.4906e-01,    1.0000e+00
1.1600e+02,    9.4931e-01,    1.0000e+00
1.1708e+02,    9.4956e-01,    1.0000e+00
1.1816e+02,    9.4981e-01,    1.0000e+00
1.1926e+02,    9.5006e-01,    1.0000e+00
1.2036e+02,    9.5031e-01,    1.0000e+00
1.2147e+02,    9.5056e-01,    1.0000e+00
1.2260e+02,    9.5080e-01,    1.0000e+00
1.2373e+02,    9.5105e-01,    1.0000e+00
1.2488e+02,    9.5129e-01,    1.0000e+00
1.2604e+02,    9.5153e-01,    1.0000e+00
1.2720e+02,    9.5177e-01,    1.0000e+00
1.2838e+02,    9.5201e-01,    1.0000e+00
1.2957e+02,    9.5225e-01,    1.0000e+00
1.3077e+02,    9.5249e-01,    1.0000e+00
1.3198e+02,    9.5272e-01,    1.0000e+00
1.3320e+02,    9.5296e-01,    1.0000e+00
1.3443e+02,    9.5319e-01,    1.0000e+00
1.3568e+02,    9.5342e-01,    1.0000e+00
1.3694e+02,    9.5365e-01,    1.0000e+00
