# Force βfL, Extension z/L, Persistence Length λ
1.7485e-02,    3.3085e-03,    5.0000e-01
1.7646e-02,    3.3391e-03,    5.0000e-01
1.7810e-02,    3.3701e-03,    5.0000e-01
1.7975e-02,    3.4012e-03,    5.0000e-01
1.8141e-02,    3.4326e-03,    5.0000e-01
1.8309e-02,    3.4644e-03,    5.0000e-01
1.8479e-02,    3.4965e-03,    5.0000e-01
1.8650e-02,    3.5289e-03,    5.0000e-01
1.8822e-02,    3.5616e-03,    5.0000e-01
1.8997e-02,    3.5945e-03,    5.0000e-01
1.9173e-02,    3.6278e-03,    5.0000e-01
1.9350e-02,    3.6614e-03,    5.0000e-01
1.9529e-02,    3.6953e-03,    5.0000e-01
1.9710e-02,    3.7295e-03,    5.0000e-01
1.9892e-02,    3.7641e-03,    5.0000e-01
2.0077e-02,    3.7989e-03,    5.0000e-01
2.0263e-02,    3.8340e-03,    5.0000e-01
2.0450e-02,    3.8696e-03,    5.0000e-01
2.0639e-02,    3.9054e-03,    5.0000e-01
2.0831e-02,    3.9415e-03,    5.0000e-01
2.1023e-02,    3.9781e-03,    5.0000e-01
2.1218e-02,    4.0150e-03,    5.0000e-01
2.1415e-02,    4.0520e-03,    5.0000e-01
2.1613e-02,    4.0895e-03,    5.0000e-01
2.1813e-02,    4.1275e-03,    5.0000e-01
2.2015e-02,    4.1657e-03,    5.0000e-01
2.2219e-02,    4.2041e-03,    5.0000e-01
2.2424e-02,    4.2430e-03,    5.0000e-01
2.2632e-02,    4.2824e-03,    5.0000e-01
2.2842e-02,    4.3221e-03,    5.0000e-01
2.3053e-02,    4.3621e-03,    5.0000e-01
2.3267e-02,    4.4025e-03,    5.0000e-01
2.3482e-02,    4.4432e-03,    5.0000e-01
2.3699e-02,    4.4843e-03,    5.0000e-01
2.3919e-02,    4.5259e-03,    5.0000e-01
2.4140e-02,    4.5678e-03,    5.0000e-01
2.4364e-02,    4.6101e-03,    5.0000e-01
2.4589e-02,    4.6528e-03,    5.0000e-01
2.4817e-02,    4.6959e-03,    5.0000e-01
2.5047e-02,    4.7393e-03,    5.0000e-01
2.5279e-02,    4.7831e-03,    5.0000e-01
2.5513e-02,    4.8275e-03,    5.0000e-01
2.5749e-02,    4.8722e-03,    5.0000e-01
2.5987e-02,    4.9173e-03,    5.0000e-01
2.6228e-02,    4.9628e-03,    5.0000e-01
2.6471e-02,    5.0087e-03,    5.0000e-01
2.6716e-02,    5.0551e-03,    5.0000e-01
2.6963e-02,    5.1019e-03,    5.0000e-01
2.7213e-02,    5.1491e-03,    5.0000e-01
2.7465e-02,    5.1969e-03,    5.0000e-01
2.7719e-02,    5.2449e-03,    5.0000e-01
2.7976e-02,    5.2935e-03,    5.0000e-01
2.8235e-02,    5.3425e-03,    5.0000e-01
2.8496e-02,    5.3919e-03,    5.0000e-01
2.8760e-02,    5.4419e-03,    5.0000e-01
2.9026e-02,    5.4923e-03,    5.0000e-01
2.9295e-02,    5.5431e-03,    5.0000e-01
2.9566e-02,    5.5944e-03,    5.0000e-01
2.9840e-02,    5.6463e-03,    5.0000e-01
3.0116e-02,    5.6985e-03,    5.0000e-01
3.0395e-02,    5.7512e-03,    5.0000e-01
3.0677e-02,    5.8045e-03,    5.0000e-01
3.0961e-02,    5.8582e-03,    5.0000e-01
3.1247e-02,    5.9125e-03,    5.0000e-01
3.1537e-02,    5.9672e-03,    5.0000e-01
3.1829e-02,    6.0224e-03,    5.0000e-01
3.2123e-02,    6.0782e-03,    5.0000e-01
3.2421e-02,    6.1345e-03,    5.0000e-01
3.2721e-02,    6.1913e-03,    5.0000e-01
3.3024e-02,    6.2486e-03,    5.0000e-01
3.3330e-02,    6.3064e-03,    5.0000e-01
3.3638e-02,    6.3648e-03,    5.0000e-01
3.3950e-02,    6.4238e-03,    5.0000e-01
3.4264e-02,    6.4832e-03,    5.0000e-01
3.4581e-02,    6.5433e-03,    5.0000e-01
3.4901e-02,    6.6039e-03,    5.0000e-01
3.5224e-02,    6.6650e-03,    5.0000e-01
3.5551e-02,    6.7267e-03,    5.0000e-01
3.5880e-02,    6.7889e-03,    5.0000e-01
3.6212e-02,    6.8518e-03,    5.0000e-01
3.6547e-02,    6.9153e-03,    5.0000e-01
3.6886e-02,    6.9793e-03,    5.0000e-01
3.7227e-02,    7.0438e-03,    5.0000e-01
3.7572e-02,    7.1091e-03,    5.0000e-01
3.7920e-02,    7.1749e-03,    5.0000e-01
3.8271e-02,    7.2413e-03,    5.0000e-01
3.8625e-02,    7.3083e-03,    5.0000e-01
3.8983e-02,    7.3760e-03,    5.0000e-01
3.9344e-02,    7.4443e-03,    5.0000e-01
3.9708e-02,    7.5132e-03,    5.0000e-01
4.0076e-02,    7.5828e-03,    5.0000e-01
4.0447e-02,    7.6530e-03,    5.0000e-01
4.0821e-02,    7.7238e-03,    5.0000e-01
4.1199e-02,    7.7954e-03,    5.0000e-01
4.1580e-02,    7.8675e-03,    5.0000e-01
4.1965e-02,    7.9403e-03,    5.0000e-01
4.2354e-02,    8.0139e-03,    5.0000e-01
4.2746e-02,    8.0880e-03,    5.0000e-01
4.3142e-02,    8.1629e-03,    5.0000e-01
4.3541e-02,    8.2384e-03,    5.0000e-01
4.3944e-02,    8.3147e-03,    5.0000e-01
4.4351e-02,    8.3917e-03,    5.0000e-01
4.4762e-02,    8.4694e-03,    5.0000e-01
4.5176e-02,    8.5478e-03,    5.0000e-01
4.5595e-02,    8.6269e-03,    5.0000e-01
4.6017e-02,    8.7068e-03,    5.0000e-01
4.6443e-02,    8.7874e-03,    5.0000e-01
4.6873e-02,    8.8687e-03,    5.0000e-01
4.7307e-02,    8.9509e-03,    5.0000e-01
4.7745e-02,    9.0337e-03,    5.0000e-01
4.8187e-02,    9.1173e-03,    5.0000e-01
4.8633e-02,    9.2017e-03,    5.0000e-01
4.9083e-02,    9.2869e-03,    5.0000e-01
4.9538e-02,    9.3729e-03,    5.0000e-01
4.9996e-02,    9.4596e-03,    5.0000e-01
5.0459e-02,    9.5472e-03,    5.0000e-01
5.0927e-02,    9.6356e-03,    5.0000e-01
5.1398e-02,    9.7248e-03,    5.0000e-01
5.1874e-02,    9.8148e-03,    5.0000e-01
5.2354e-02,    9.9057e-03,    5.0000e-01
5.2839e-02,    9.9974e-03,    5.0000e-01
5.3328e-02,    1.0090e-02,    5.0000e-01
5.3822e-02,    1.0183e-02,    5.0000e-01
5.4320e-02,    1.0278e-02,    5.0000e-01
5.4823e-02,    1.0373e-02,    5.0000e-01
5.5331e-02,    1.0469e-02,    5.0000e-01
5.5843e-02,    1.0566e-02,    5.0000e-01
5.6360e-02,    1.0663e-02,    5.0000e-01
5.6882e-02,    1.0762e-02,    5.0000e-01
5.7409e-02,    1.0862e-02,    5.0000e-01
5.7940e-02,    1.0962e-02,    5.0000e-01
5.8477e-02,    1.1064e-02,    5.0000e-01
5.9018e-02,    1.1166e-02,    5.0000e-01
5.9564e-02,    1.1270e-02,    5.0000e-01
6.0116e-02,    1.1374e-02,    5.0000e-01
6.0672e-02,    1.1479e-02,    5.0000e-01
6.1234e-02,    1.1585e-02,    5.0000e-01
6.1801e-02,    1.1693e-02,    5.0000e-01
6.2373e-02,    1.1801e-02,    5.0000e-01
6.2951e-02,    1.1910e-02,    5.0000e-01
6.3534e-02,    1.2020e-02,    5.0000e-01
6.4122e-02,    1.2132e-02,    5.0000e-01
6.4716e-02,    1.2244e-02,    5.0000e-01
6.5315e-02,    1.2357e-02,    5.0000e-01
6.5920e-02,    1.2472e-02,    5.0000e-01
6.6530e-02,    1.2587e-02,    5.0000e-01
6.7146e-02,    1.2704e-02,    5.0000e-01
6.7768e-02,    1.2821e-02,    5.0000e-01
6.8395e-02,    1.2940e-02,    5.0000e-01
6.9028e-02,    1.3060e-02,    5.0000e-01
6.9667e-02,    1.3181e-02,    5.0000e-01
7.0312e-02,    1.3303e-02,    5.0000e-01
7.0963e-02,    1.3426e-02,    5.0000e-01
7.1620e-02,    1.3550e-02,    5.0000e-01
7.2283e-02,    1.3675e-02,    5.0000e-01
7.2953e-02,    1.3802e-02,    5.0000e-01
7.3628e-02,    1.3930e-02,    5.0000e-01
7.4310e-02,    1.4059e-02,    5.0000e-01
7.4998e-02,    1.4189e-02,    5.0000e-01
7.5692e-02,    1.4320e-02,    5.0000e-01
7.6393e-02,    1.4453e-02,    5.0000e-01
7.7100e-02,    1.4586e-02,    5.0000e-01
7.7814e-02,    1.4721e-02,    5.0000e-01
7.8535e-02,    1.4858e-02,    5.0000e-01
7.9262e-02,    1.4995e-02,    5.0000e-01
7.9996e-02,    1.5134e-02,    5.0000e-01
8.0736e-02,    1.5274e-02,    5.0000e-01
8.1484e-02,    1.5415e-02,    5.0000e-01
8.2238e-02,    1.5558e-02,    5.0000e-01
8.3000e-02,    1.5702e-02,    5.0000e-01
8.3768e-02,    1.5847e-02,    5.0000e-01
8.4544e-02,    1.5994e-02,    5.0000e-01
8.5327e-02,    1.6142e-02,    5.0000e-01
8.6117e-02,    1.6291e-02,    5.0000e-01
8.6914e-02,    1.6442e-02,    5.0000e-01
8.7719e-02,    1.6594e-02,    5.0000e-01
8.8531e-02,    1.6748e-02,    5.0000e-01
8.9350e-02,    1.6903e-02,    5.0000e-01
9.0178e-02,    1.7059e-02,    5.0000e-01
9.1013e-02,    1.7217e-02,    5.0000e-01
9.1855e-02,    1.7376e-02,    5.0000e-01
9.2706e-02,    1.7537e-02,    5.0000e-01
9.3564e-02,    1.7699e-02,    5.0000e-01
9.4430e-02,    1.7863e-02,    5.0000e-01
9.5305e-02,    1.8028e-02,    5.0000e-01
9.6187e-02,    1.8195e-02,    5.0000e-01
9.7078e-02,    1.8364e-02,    5.0000e-01
9.7976e-02,    1.8534e-02,    5.0000e-01
9.8884e-02,    1.8705e-02,    5.0000e-01
9.9799e-02,    1.8878e-02,    5.0000e-01
1.0072e-01,    1.9053e-02,    5.0000e-01
1.0166e-01,    1.9229e-02,    5.0000e-01
1.0260e-01,    1.9407e-02,    5.0000e-01
1.0355e-01,    1.9587e-02,    5.0000e-01
1.0451e-01,    1.9768e-02,    5.0000e-01
1.0547e-01,    1.9951e-02,    5.0000e-01
1.0645e-01,    2.0135e-02,    5.0000e-01
1.0744e-01,    2.0322e-02,    5.0000e-01
1.0843e-01,    2.0510e-02,    5.0000e-01
1.0943e-01,    2.0699e-02,    5.0000e-01
1.1045e-01,    2.0891e-02,    5.0000e-01
1.1147e-01,    2.1084e-02,    5.0000e-01
1.1250e-01,    2.1279e-02,    5.0000e-01
1.1354e-01,    2.1476e-02,    5.0000e-01
1.1459e-01,    2.1675e-02,    5.0000e-01
1.1566e-01,    2.1875e-02,    5.0000e-01
1.1673e-01,    2.2077e-02,    5.0000e-01
1.1781e-01,    2.2282e-02,    5.0000e-01
1.1890e-01,    2.2488e-02,    5.0000e-01
1.2000e-01,    2.2696e-02,    5.0000e-01
1.2111e-01,    2.2906e-02,    5.0000e-01
1.2223e-01,    2.3118e-02,    5.0000e-01
1.2336e-01,    2.3331e-02,    5.0000e-01
1.2450e-01,    2.3547e-02,    5.0000e-01
1.2566e-01,    2.3765e-02,    5.0000e-01
1.2682e-01,    2.3985e-02,    5.0000e-01
1.2800e-01,    2.4207e-02,    5.0000e-01
1.2918e-01,    2.4431e-02,    5.0000e-01
1.3038e-01,    2.4657e-02,    5.0000e-01
1.3158e-01,    2.4885e-02,    5.0000e-01
1.3280e-01,    2.5115e-02,    5.0000e-01
1.3403e-01,    2.5347e-02,    5.0000e-01
1.3527e-01,    2.5581e-02,    5.0000e-01
1.3652e-01,    2.5818e-02,    5.0000e-01
1.3779e-01,    2.6057e-02,    5.0000e-01
1.3906e-01,    2.6298e-02,    5.0000e-01
1.4035e-01,    2.6541e-02,    5.0000e-01
1.4165e-01,    2.6786e-02,    5.0000e-01
1.4296e-01,    2.7034e-02,    5.0000e-01
1.4429e-01,    2.7284e-02,    5.0000e-01
1.4562e-01,    2.7536e-02,    5.0000e-01
1.4697e-01,    2.7791e-02,    5.0000e-01
1.4833e-01,    2.8048e-02,    5.0000e-01
1.4971e-01,    2.8307e-02,    5.0000e-01
1.5109e-01,    2.8569e-02,    5.0000e-01
1.5249e-01,    2.8833e-02,    5.0000e-01
1.5390e-01,    2.9099e-02,    5.0000e-01
1.5533e-01,    2.9368e-02,    5.0000e-01
1.5677e-01,    2.9640e-02,    5.0000e-01
1.5822e-01,    2.9914e-02,    5.0000e-01
1.5968e-01,    3.0190e-02,    5.0000e-01
1.6116e-01,    3.0469e-02,    5.0000e-01
1.6265e-01,    3.0751e-02,    5.0000e-01
1.6416e-01,    3.1035e-02,    5.0000e-01
1.6568e-01,    3.1322e-02,    5.0000e-01
1.6721e-01,    3.1612e-02,    5.0000e-01
1.6876e-01,    3.1904e-02,    5.0000e-01
1.7032e-01,    3.2199e-02,    5.0000e-01
1.7190e-01,    3.2496e-02,    5.0000e-01
1.7349e-01,    3.2796e-02,    5.0000e-01
1.7510e-01,    3.3099e-02,    5.0000e-01
1.7672e-01,    3.3405e-02,    5.0000e-01
1.7835e-01,    3.3714e-02,    5.0000e-01
1.8001e-01,    3.4025e-02,    5.0000e-01
1.8167e-01,    3.4340e-02,    5.0000e-01
1.8335e-01,    3.4657e-02,    5.0000e-01
1.8505e-01,    3.4977e-02,    5.0000e-01
1.8677e-01,    3.5300e-02,    5.0000e-01
1.8849e-01,    3.5626e-02,    5.0000e-01
1.9024e-01,    3.5955e-02,    5.0000e-01
1.9200e-01,    3.6288e-02,    5.0000e-01
1.9378e-01,    3.6623e-02,    5.0000e-01
1.9557e-01,    3.6961e-02,    5.0000e-01
1.9738e-01,    3.7302e-02,    5.0000e-01
1.9921e-01,    3.7647e-02,    5.0000e-01
2.0106e-01,    3.7995e-02,    5.0000e-01
2.0292e-01,    3.8345e-02,    5.0000e-01
2.0480e-01,    3.8699e-02,    5.0000e-01
2.0669e-01,    3.9057e-02,    5.0000e-01
2.0861e-01,    3.9417e-02,    5.0000e-01
2.1054e-01,    3.9781e-02,    5.0000e-01
2.1249e-01,    4.0149e-02,    5.0000e-01
2.1445e-01,    4.0519e-02,    5.0000e-01
2.1644e-01,    4.0893e-02,    5.0000e-01
2.1844e-01,    4.1271e-02,    5.0000e-01
2.2047e-01,    4.1652e-02,    5.0000e-01
2.2251e-01,    4.2036e-02,    5.0000e-01
2.2457e-01,    4.2424e-02,    5.0000e-01
2.2665e-01,    4.2815e-02,    5.0000e-01
2.2875e-01,    4.3210e-02,    5.0000e-01
2.3086e-01,    4.3609e-02,    5.0000e-01
2.3300e-01,    4.4012e-02,    5.0000e-01
2.3516e-01,    4.4418e-02,    5.0000e-01
2.3733e-01,    4.4827e-02,    5.0000e-01
2.3953e-01,    4.5241e-02,    5.0000e-01
2.4175e-01,    4.5658e-02,    5.0000e-01
2.4399e-01,    4.6079e-02,    5.0000e-01
2.4625e-01,    4.6504e-02,    5.0000e-01
2.4853e-01,    4.6933e-02,    5.0000e-01
2.5083e-01,    4.7366e-02,    5.0000e-01
2.5315e-01,    4.7803e-02,    5.0000e-01
2.5549e-01,    4.8243e-02,    5.0000e-01
2.5786e-01,    4.8688e-02,    5.0000e-01
2.6025e-01,    4.9137e-02,    5.0000e-01
2.6266e-01,    4.9590e-02,    5.0000e-01
2.6509e-01,    5.0047e-02,    5.0000e-01
2.6754e-01,    5.0508e-02,    5.0000e-01
2.7002e-01,    5.0974e-02,    5.0000e-01
2.7252e-01,    5.1443e-02,    5.0000e-01
2.7504e-01,    5.1917e-02,    5.0000e-01
2.7759e-01,    5.2396e-02,    5.0000e-01
2.8016e-01,    5.2878e-02,    5.0000e-01
2.8275e-01,    5.3365e-02,    5.0000e-01
2.8537e-01,    5.3857e-02,    5.0000e-01
2.8801e-01,    5.4353e-02,    5.0000e-01
2.9068e-01,    5.4853e-02,    5.0000e-01
2.9337e-01,    5.5358e-02,    5.0000e-01
2.9609e-01,    5.5868e-02,    5.0000e-01
2.9883e-01,    5.6382e-02,    5.0000e-01
3.0160e-01,    5.6901e-02,    5.0000e-01
3.0439e-01,    5.7425e-02,    5.0000e-01
3.0721e-01,    5.7954e-02,    5.0000e-01
3.1005e-01,    5.8487e-02,    5.0000e-01
3.1292e-01,    5.9025e-02,    5.0000e-01
3.1582e-01,    5.9568e-02,    5.0000e-01
3.1874e-01,    6.0116e-02,    5.0000e-01
3.2170e-01,    6.0669e-02,    5.0000e-01
3.2467e-01,    6.1227e-02,    5.0000e-01
3.2768e-01,    6.1790e-02,    5.0000e-01
3.3071e-01,    6.2358e-02,    5.0000e-01
3.3378e-01,    6.2931e-02,    5.0000e-01
3.3687e-01,    6.3510e-02,    5.0000e-01
3.3998e-01,    6.4093e-02,    5.0000e-01
3.4313e-01,    6.4682e-02,    5.0000e-01
3.4631e-01,    6.5276e-02,    5.0000e-01
3.4952e-01,    6.5876e-02,    5.0000e-01
3.5275e-01,    6.6481e-02,    5.0000e-01
3.5602e-01,    6.7092e-02,    5.0000e-01
3.5931e-01,    6.7708e-02,    5.0000e-01
3.6264e-01,    6.8329e-02,    5.0000e-01
3.6600e-01,    6.8957e-02,    5.0000e-01
3.6939e-01,    6.9589e-02,    5.0000e-01
3.7281e-01,    7.0228e-02,    5.0000e-01
3.7626e-01,    7.0872e-02,    5.0000e-01
3.7974e-01,    7.1523e-02,    5.0000e-01
3.8326e-01,    7.2179e-02,    5.0000e-01
3.8681e-01,    7.2840e-02,    5.0000e-01
3.9039e-01,    7.3508e-02,    5.0000e-01
3.9400e-01,    7.4182e-02,    5.0000e-01
3.9765e-01,    7.4862e-02,    5.0000e-01
4.0133e-01,    7.5548e-02,    5.0000e-01
4.0505e-01,    7.6240e-02,    5.0000e-01
4.0880e-01,    7.6939e-02,    5.0000e-01
4.1258e-01,    7.7643e-02,    5.0000e-01
4.1640e-01,    7.8354e-02,    5.0000e-01
4.2026e-01,    7.9071e-02,    5.0000e-01
4.2415e-01,    7.9795e-02,    5.0000e-01
4.2808e-01,    8.0525e-02,    5.0000e-01
4.3204e-01,    8.1262e-02,    5.0000e-01
4.3604e-01,    8.2005e-02,    5.0000e-01
4.4008e-01,    8.2755e-02,    5.0000e-01
4.4415e-01,    8.3512e-02,    5.0000e-01
4.4826e-01,    8.4275e-02,    5.0000e-01
4.5241e-01,    8.5045e-02,    5.0000e-01
4.5660e-01,    8.5822e-02,    5.0000e-01
4.6083e-01,    8.6606e-02,    5.0000e-01
4.6510e-01,    8.7397e-02,    5.0000e-01
4.6940e-01,    8.8195e-02,    5.0000e-01
4.7375e-01,    8.9000e-02,    5.0000e-01
4.7814e-01,    8.9812e-02,    5.0000e-01
4.8256e-01,    9.0631e-02,    5.0000e-01
4.8703e-01,    9.1457e-02,    5.0000e-01
4.9154e-01,    9.2291e-02,    5.0000e-01
4.9609e-01,    9.3132e-02,    5.0000e-01
5.0068e-01,    9.3981e-02,    5.0000e-01
5.0532e-01,    9.4837e-02,    5.0000e-01
5.1000e-01,    9.5701e-02,    5.0000e-01
5.1472e-01,    9.6572e-02,    5.0000e-01
5.1949e-01,    9.7451e-02,    5.0000e-01
5.2430e-01,    9.8337e-02,    5.0000e-01
5.2915e-01,    9.9231e-02,    5.0000e-01
5.3405e-01,    1.0013e-01,    5.0000e-01
5.3899e-01,    1.0104e-01,    5.0000e-01
5.4398e-01,    1.0196e-01,    5.0000e-01
5.4902e-01,    1.0289e-01,    5.0000e-01
5.5410e-01,    1.0382e-01,    5.0000e-01
5.5924e-01,    1.0476e-01,    5.0000e-01
5.6441e-01,    1.0571e-01,    5.0000e-01
5.6964e-01,    1.0667e-01,    5.0000e-01
5.7491e-01,    1.0764e-01,    5.0000e-01
5.8024e-01,    1.0862e-01,    5.0000e-01
5.8561e-01,    1.0960e-01,    5.0000e-01
5.9103e-01,    1.1059e-01,    5.0000e-01
5.9650e-01,    1.1159e-01,    5.0000e-01
6.0202e-01,    1.1260e-01,    5.0000e-01
6.0760e-01,    1.1362e-01,    5.0000e-01
6.1322e-01,    1.1465e-01,    5.0000e-01
6.1890e-01,    1.1568e-01,    5.0000e-01
6.2463e-01,    1.1673e-01,    5.0000e-01
6.3042e-01,    1.1778e-01,    5.0000e-01
6.3625e-01,    1.1885e-01,    5.0000e-01
6.4214e-01,    1.1992e-01,    5.0000e-01
6.4809e-01,    1.2100e-01,    5.0000e-01
6.5409e-01,    1.2209e-01,    5.0000e-01
6.6015e-01,    1.2319e-01,    5.0000e-01
6.6626e-01,    1.2430e-01,    5.0000e-01
6.7243e-01,    1.2542e-01,    5.0000e-01
6.7865e-01,    1.2654e-01,    5.0000e-01
6.8494e-01,    1.2768e-01,    5.0000e-01
6.9128e-01,    1.2883e-01,    5.0000e-01
6.9768e-01,    1.2998e-01,    5.0000e-01
7.0414e-01,    1.3115e-01,    5.0000e-01
7.1066e-01,    1.3233e-01,    5.0000e-01
7.1724e-01,    1.3351e-01,    5.0000e-01
7.2388e-01,    1.3471e-01,    5.0000e-01
7.3058e-01,    1.3591e-01,    5.0000e-01
7.3734e-01,    1.3713e-01,    5.0000e-01
7.4417e-01,    1.3835e-01,    5.0000e-01
7.5106e-01,    1.3959e-01,    5.0000e-01
7.5801e-01,    1.4084e-01,    5.0000e-01
7.6503e-01,    1.4209e-01,    5.0000e-01
7.7211e-01,    1.4336e-01,    5.0000e-01
7.7926e-01,    1.4464e-01,    5.0000e-01
7.8648e-01,    1.4593e-01,    5.0000e-01
7.9376e-01,    1.4722e-01,    5.0000e-01
8.0111e-01,    1.4853e-01,    5.0000e-01
8.0853e-01,    1.4985e-01,    5.0000e-01
8.1601e-01,    1.5118e-01,    5.0000e-01
8.2357e-01,    1.5252e-01,    5.0000e-01
8.3119e-01,    1.5388e-01,    5.0000e-01
8.3889e-01,    1.5524e-01,    5.0000e-01
8.4666e-01,    1.5661e-01,    5.0000e-01
8.5449e-01,    1.5800e-01,    5.0000e-01
8.6241e-01,    1.5939e-01,    5.0000e-01
8.7039e-01,    1.6080e-01,    5.0000e-01
8.7845e-01,    1.6222e-01,    5.0000e-01
8.8658e-01,    1.6365e-01,    5.0000e-01
8.9479e-01,    1.6509e-01,    5.0000e-01
9.0308e-01,    1.6654e-01,    5.0000e-01
9.1144e-01,    1.6801e-01,    5.0000e-01
9.1988e-01,    1.6948e-01,    5.0000e-01
9.2839e-01,    1.7097e-01,    5.0000e-01
9.3699e-01,    1.7247e-01,    5.0000e-01
9.4566e-01,    1.7398e-01,    5.0000e-01
9.5442e-01,    1.7550e-01,    5.0000e-01
9.6326e-01,    1.7703e-01,    5.0000e-01
9.7218e-01,    1.7858e-01,    5.0000e-01
9.8118e-01,    1.8013e-01,    5.0000e-01
9.9026e-01,    1.8170e-01,    5.0000e-01
9.9943e-01,    1.8328e-01,    5.0000e-01
1.0087e+00,    1.8487e-01,    5.0000e-01
1.0180e+00,    1.8648e-01,    5.0000e-01
1.0274e+00,    1.8810e-01,    5.0000e-01
1.0370e+00,    1.8972e-01,    5.0000e-01
1.0466e+00,    1.9137e-01,    5.0000e-01
1.0563e+00,    1.9302e-01,    5.0000e-01
1.0660e+00,    1.9468e-01,    5.0000e-01
1.0759e+00,    1.9636e-01,    5.0000e-01
1.0859e+00,    1.9805e-01,    5.0000e-01
1.0959e+00,    1.9975e-01,    5.0000e-01
1.1061e+00,    2.0147e-01,    5.0000e-01
1.1163e+00,    2.0319e-01,    5.0000e-01
1.1266e+00,    2.0493e-01,    5.0000e-01
1.1371e+00,    2.0669e-01,    5.0000e-01
1.1476e+00,    2.0845e-01,    5.0000e-01
1.1582e+00,    2.1023e-01,    5.0000e-01
1.1689e+00,    2.1201e-01,    5.0000e-01
1.1798e+00,    2.1382e-01,    5.0000e-01
1.1907e+00,    2.1563e-01,    5.0000e-01
1.2017e+00,    2.1746e-01,    5.0000e-01
1.2128e+00,    2.1930e-01,    5.0000e-01
1.2241e+00,    2.2115e-01,    5.0000e-01
1.2354e+00,    2.2301e-01,    5.0000e-01
1.2468e+00,    2.2489e-01,    5.0000e-01
1.2584e+00,    2.2678e-01,    5.0000e-01
1.2700e+00,    2.2868e-01,    5.0000e-01
1.2818e+00,    2.3060e-01,    5.0000e-01
1.2937e+00,    2.3252e-01,    5.0000e-01
1.3056e+00,    2.3446e-01,    5.0000e-01
1.3177e+00,    2.3642e-01,    5.0000e-01
1.3299e+00,    2.3838e-01,    5.0000e-01
1.3422e+00,    2.4036e-01,    5.0000e-01
1.3547e+00,    2.4235e-01,    5.0000e-01
1.3672e+00,    2.4435e-01,    5.0000e-01
1.3799e+00,    2.4637e-01,    5.0000e-01
1.3927e+00,    2.4840e-01,    5.0000e-01
1.4055e+00,    2.5044e-01,    5.0000e-01
1.4186e+00,    2.5249e-01,    5.0000e-01
1.4317e+00,    2.5456e-01,    5.0000e-01
1.4449e+00,    2.5664e-01,    5.0000e-01
1.4583e+00,    2.5873e-01,    5.0000e-01
1.4718e+00,    2.6083e-01,    5.0000e-01
1.4855e+00,    2.6294e-01,    5.0000e-01
1.4992e+00,    2.6507e-01,    5.0000e-01
1.5131e+00,    2.6721e-01,    5.0000e-01
1.5271e+00,    2.6936e-01,    5.0000e-01
1.5412e+00,    2.7153e-01,    5.0000e-01
1.5555e+00,    2.7370e-01,    5.0000e-01
1.5699e+00,    2.7589e-01,    5.0000e-01
1.5844e+00,    2.7809e-01,    5.0000e-01
1.5991e+00,    2.8030e-01,    5.0000e-01
1.6139e+00,    2.8252e-01,    5.0000e-01
1.6289e+00,    2.8476e-01,    5.0000e-01
1.6439e+00,    2.8701e-01,    5.0000e-01
1.6592e+00,    2.8926e-01,    5.0000e-01
1.6745e+00,    2.9153e-01,    5.0000e-01
1.6900e+00,    2.9381e-01,    5.0000e-01
1.7057e+00,    2.9611e-01,    5.0000e-01
1.7215e+00,    2.9841e-01,    5.0000e-01
1.7374e+00,    3.0073e-01,    5.0000e-01
1.7535e+00,    3.0305e-01,    5.0000e-01
1.7697e+00,    3.0539e-01,    5.0000e-01
1.7861e+00,    3.0774e-01,    5.0000e-01
1.8027e+00,    3.1009e-01,    5.0000e-01
1.8193e+00,    3.1246e-01,    5.0000e-01
1.8362e+00,    3.1484e-01,    5.0000e-01
1.8532e+00,    3.1723e-01,    5.0000e-01
1.8703e+00,    3.1963e-01,    5.0000e-01
1.8877e+00,    3.2204e-01,    5.0000e-01
1.9051e+00,    3.2446e-01,    5.0000e-01
1.9228e+00,    3.2689e-01,    5.0000e-01
1.9406e+00,    3.2933e-01,    5.0000e-01
1.9585e+00,    3.3177e-01,    5.0000e-01
1.9767e+00,    3.3423e-01,    5.0000e-01
1.9950e+00,    3.3670e-01,    5.0000e-01
2.0135e+00,    3.3917e-01,    5.0000e-01
2.0321e+00,    3.4166e-01,    5.0000e-01
2.0509e+00,    3.4415e-01,    5.0000e-01
2.0699e+00,    3.4665e-01,    5.0000e-01
2.0891e+00,    3.4916e-01,    5.0000e-01
2.1084e+00,    3.5168e-01,    5.0000e-01
2.1279e+00,    3.5421e-01,    5.0000e-01
2.1476e+00,    3.5674e-01,    5.0000e-01
2.1675e+00,    3.5928e-01,    5.0000e-01
2.1876e+00,    3.6183e-01,    5.0000e-01
2.2078e+00,    3.6438e-01,    5.0000e-01
2.2283e+00,    3.6695e-01,    5.0000e-01
2.2489e+00,    3.6952e-01,    5.0000e-01
2.2697e+00,    3.7209e-01,    5.0000e-01
2.2907e+00,    3.7467e-01,    5.0000e-01
2.3120e+00,    3.7726e-01,    5.0000e-01
2.3334e+00,    3.7986e-01,    5.0000e-01
2.3550e+00,    3.8246e-01,    5.0000e-01
2.3768e+00,    3.8506e-01,    5.0000e-01
2.3988e+00,    3.8767e-01,    5.0000e-01
2.4210e+00,    3.9029e-01,    5.0000e-01
2.4434e+00,    3.9291e-01,    5.0000e-01
2.4660e+00,    3.9553e-01,    5.0000e-01
2.4889e+00,    3.9816e-01,    5.0000e-01
2.5119e+00,    4.0079e-01,    5.0000e-01
2.5352e+00,    4.0343e-01,    5.0000e-01
2.5586e+00,    4.0607e-01,    5.0000e-01
2.5823e+00,    4.0871e-01,    5.0000e-01
2.6062e+00,    4.1136e-01,    5.0000e-01
2.6304e+00,    4.1401e-01,    5.0000e-01
2.6547e+00,    4.1666e-01,    5.0000e-01
2.6793e+00,    4.1931e-01,    5.0000e-01
2.7041e+00,    4.2197e-01,    5.0000e-01
2.7291e+00,    4.2463e-01,    5.0000e-01
2.7544e+00,    4.2728e-01,    5.0000e-01
2.7799e+00,    4.2994e-01,    5.0000e-01
2.8056e+00,    4.3261e-01,    5.0000e-01
2.8316e+00,    4.3527e-01,    5.0000e-01
2.8578e+00,    4.3793e-01,    5.0000e-01
2.8843e+00,    4.4059e-01,    5.0000e-01
2.9110e+00,    4.4325e-01,    5.0000e-01
2.9380e+00,    4.4592e-01,    5.0000e-01
2.9652e+00,    4.4858e-01,    5.0000e-01
2.9926e+00,    4.5124e-01,    5.0000e-01
3.0203e+00,    4.5390e-01,    5.0000e-01
3.0483e+00,    4.5656e-01,    5.0000e-01
3.0765e+00,    4.5921e-01,    5.0000e-01
3.1050e+00,    4.6187e-01,    5.0000e-01
3.1337e+00,    4.6452e-01,    5.0000e-01
3.1627e+00,    4.6717e-01,    5.0000e-01
3.1920e+00,    4.6981e-01,    5.0000e-01
3.2216e+00,    4.7246e-01,    5.0000e-01
3.2514e+00,    4.7510e-01,    5.0000e-01
3.2815e+00,    4.7773e-01,    5.0000e-01
3.3119e+00,    4.8037e-01,    5.0000e-01
3.3426e+00,    4.8300e-01,    5.0000e-01
3.3735e+00,    4.8562e-01,    5.0000e-01
3.4047e+00,    4.8824e-01,    5.0000e-01
3.4363e+00,    4.9086e-01,    5.0000e-01
3.4681e+00,    4.9347e-01,    5.0000e-01
3.5002e+00,    4.9607e-01,    5.0000e-01
3.5326e+00,    4.9867e-01,    5.0000e-01
3.5653e+00,    5.0127e-01,    5.0000e-01
3.5983e+00,    5.0385e-01,    5.0000e-01
3.6316e+00,    5.0644e-01,    5.0000e-01
3.6653e+00,    5.0901e-01,    5.0000e-01
3.6992e+00,    5.1158e-01,    5.0000e-01
3.7334e+00,    5.1414e-01,    5.0000e-01
3.7680e+00,    5.1670e-01,    5.0000e-01
3.8029e+00,    5.1925e-01,    5.0000e-01
3.8381e+00,    5.2179e-01,    5.0000e-01
3.8736e+00,    5.2432e-01,    5.0000e-01
3.9095e+00,    5.2684e-01,    5.0000e-01
3.9457e+00,    5.2936e-01,    5.0000e-01
3.9822e+00,    5.3187e-01,    5.0000e-01
4.0191e+00,    5.3437e-01,    5.0000e-01
4.0563e+00,    5.3686e-01,    5.0000e-01
4.0939e+00,    5.3934e-01,    5.0000e-01
4.1318e+00,    5.4182e-01,    5.0000e-01
4.1700e+00,    5.4428e-01,    5.0000e-01
4.2086e+00,    5.4674e-01,    5.0000e-01
4.2476e+00,    5.4918e-01,    5.0000e-01
4.2869e+00,    5.5162e-01,    5.0000e-01
4.3266e+00,    5.5405e-01,    5.0000e-01
4.3667e+00,    5.5647e-01,    5.0000e-01
4.4071e+00,    5.5887e-01,    5.0000e-01
4.4479e+00,    5.6127e-01,    5.0000e-01
4.4891e+00,    5.6366e-01,    5.0000e-01
4.5307e+00,    5.6603e-01,    5.0000e-01
4.5726e+00,    5.6840e-01,    5.0000e-01
4.6150e+00,    5.7076e-01,    5.0000e-01
4.6577e+00,    5.7310e-01,    5.0000e-01
4.7008e+00,    5.7544e-01,    5.0000e-01
4.7443e+00,    5.7776e-01,    5.0000e-01
4.7883e+00,    5.8007e-01,    5.0000e-01
4.8326e+00,    5.8237e-01,    5.0000e-01
4.8773e+00,    5.8467e-01,    5.0000e-01
4.9225e+00,    5.8695e-01,    5.0000e-01
4.9681e+00,    5.8921e-01,    5.0000e-01
5.0141e+00,    5.9147e-01,    5.0000e-01
5.0605e+00,    5.9372e-01,    5.0000e-01
5.1073e+00,    5.9595e-01,    5.0000e-01
5.1546e+00,    5.9817e-01,    5.0000e-01
5.2024e+00,    6.0039e-01,    5.0000e-01
5.2505e+00,    6.0259e-01,    5.0000e-01
5.2991e+00,    6.0477e-01,    5.0000e-01
5.3482e+00,    6.0695e-01,    5.0000e-01
5.3977e+00,    6.0912e-01,    5.0000e-01
5.4477e+00,    6.1127e-01,    5.0000e-01
5.4981e+00,    6.1341e-01,    5.0000e-01
5.5490e+00,    6.1554e-01,    5.0000e-01
5.6004e+00,    6.1766e-01,    5.0000e-01
5.6523e+00,    6.1977e-01,    5.0000e-01
5.7046e+00,    6.2187e-01,    5.0000e-01
5.7574e+00,    6.2395e-01,    5.0000e-01
5.8107e+00,    6.2602e-01,    5.0000e-01
5.8645e+00,    6.2808e-01,    5.0000e-01
5.9188e+00,    6.3013e-01,    5.0000e-01
5.9736e+00,    6.3217e-01,    5.0000e-01
6.0289e+00,    6.3420e-01,    5.0000e-01
6.0847e+00,    6.3621e-01,    5.0000e-01
6.1411e+00,    6.3821e-01,    5.0000e-01
6.1979e+00,    6.4020e-01,    5.0000e-01
6.2553e+00,    6.4218e-01,    5.0000e-01
6.3132e+00,    6.4415e-01,    5.0000e-01
6.3717e+00,    6.4611e-01,    5.0000e-01
6.4307e+00,    6.4805e-01,    5.0000e-01
6.4902e+00,    6.4999e-01,    5.0000e-01
6.5503e+00,    6.5191e-01,    5.0000e-01
6.6110e+00,    6.5382e-01,    5.0000e-01
6.6722e+00,    6.5572e-01,    5.0000e-01
6.7339e+00,    6.5761e-01,    5.0000e-01
6.7963e+00,    6.5949e-01,    5.0000e-01
6.8592e+00,    6.6136e-01,    5.0000e-01
6.9227e+00,    6.6321e-01,    5.0000e-01
6.9868e+00,    6.6506e-01,    5.0000e-01
7.0515e+00,    6.6689e-01,    5.0000e-01
7.1168e+00,    6.6871e-01,    5.0000e-01
7.1827e+00,    6.7052e-01,    5.0000e-01
7.2492e+00,    6.7232e-01,    5.0000e-01
7.3163e+00,    6.7411e-01,    5.0000e-01
7.3841e+00,    6.7589e-01,    5.0000e-01
7.4524e+00,    6.7766e-01,    5.0000e-01
7.5214e+00,    6.7942e-01,    5.0000e-01
7.5911e+00,    6.8117e-01,    5.0000e-01
7.6613e+00,    6.8291e-01,    5.0000e-01
7.7323e+00,    6.8463e-01,    5.0000e-01
7.8039e+00,    6.8635e-01,    5.0000e-01
7.8761e+00,    6.8806e-01,    5.0000e-01
7.9490e+00,    6.8975e-01,    5.0000e-01
8.0226e+00,    6.9144e-01,    5.0000e-01
8.0969e+00,    6.9311e-01,    5.0000e-01
8.1719e+00,    6.9478e-01,    5.0000e-01
8.2475e+00,    6.9644e-01,    5.0000e-01
8.3239e+00,    6.9808e-01,    5.0000e-01
8.4010e+00,    6.9972e-01,    5.0000e-01
8.4788e+00,    7.0135e-01,    5.0000e-01
8.5573e+00,    7.0296e-01,    5.0000e-01
8.6365e+00,    7.0457e-01,    5.0000e-01
8.7165e+00,    7.0617e-01,    5.0000e-01
8.7972e+00,    7.0776e-01,    5.0000e-01
8.8786e+00,    7.0933e-01,    5.0000e-01
8.9608e+00,    7.1090e-01,    5.0000e-01
9.0438e+00,    7.1246e-01,    5.0000e-01
9.1275e+00,    7.1401e-01,    5.0000e-01
9.2120e+00,    7.1555e-01,    5.0000e-01
9.2973e+00,    7.1709e-01,    5.0000e-01
9.3834e+00,    7.1861e-01,    5.0000e-01
9.4703e+00,    7.2012e-01,    5.0000e-01
9.5580e+00,    7.2163e-01,    5.0000e-01
9.6464e+00,    7.2313e-01,    5.0000e-01
9.7358e+00,    7.2461e-01,    5.0000e-01
9.8259e+00,    7.2609e-01,    5.0000e-01
9.9169e+00,    7.2756e-01,    5.0000e-01
1.0009e+01,    7.2902e-01,    5.0000e-01
1.0101e+01,    7.3047e-01,    5.0000e-01
1.0195e+01,    7.3192e-01,    5.0000e-01
1.0289e+01,    7.3335e-01,    5.0000e-01
1.0385e+01,    7.3478e-01,    5.0000e-01
1.0481e+01,    7.3620e-01,    5.0000e-01
1.0578e+01,    7.3761e-01,    5.0000e-01
1.0676e+01,    7.3901e-01,    5.0000e-01
1.0775e+01,    7.4041e-01,    5.0000e-01
1.0874e+01,    7.4179e-01,    5.0000e-01
1.0975e+01,    7.4317e-01,    5.0000e-01
1.1077e+01,    7.4454e-01,    5.0000e-01
1.1179e+01,    7.4590e-01,    5.0000e-01
1.1283e+01,    7.4725e-01,    5.0000e-01
1.1387e+01,    7.4860e-01,    5.0000e-01
1.1493e+01,    7.4994e-01,    5.0000e-01
1.1599e+01,    7.5127e-01,    5.0000e-01
1.1706e+01,    7.5259e-01,    5.0000e-01
1.1815e+01,    7.5391e-01,    5.0000e-01
1.1924e+01,    7.5521e-01,    5.0000e-01
1.2034e+01,    7.5651e-01,    5.0000e-01
1.2146e+01,    7.5780e-01,    5.0000e-01
1.2258e+01,    7.5909e-01,    5.0000e-01
1.2372e+01,    7.6037e-01,    5.0000e-01
1.2486e+01,    7.6163e-01,    5.0000e-01
1.2602e+01,    7.6290e-01,    5.0000e-01
1.2719e+01,    7.6415e-01,    5.0000e-01
1.2836e+01,    7.6540e-01,    5.0000e-01
1.2955e+01,    7.6664e-01,    5.0000e-01
1.3075e+01,    7.6787e-01,    5.0000e-01
1.3196e+01,    7.6910e-01,    5.0000e-01
1.3318e+01,    7.7032e-01,    5.0000e-01
1.3442e+01,    7.7153e-01,    5.0000e-01
1.3566e+01,    7.7274e-01,    5.0000e-01
1.3692e+01,    7.7394e-01,    5.0000e-01
1.3819e+01,    7.7513e-01,    5.0000e-01
1.3947e+01,    7.7631e-01,    5.0000e-01
1.4076e+01,    7.7749e-01,    5.0000e-01
1.4206e+01,    7.7866e-01,    5.0000e-01
1.4338e+01,    7.7983e-01,    5.0000e-01
1.4470e+01,    7.8098e-01,    5.0000e-01
1.4604e+01,    7.8214e-01,    5.0000e-01
1.4739e+01,    7.8328e-01,    5.0000e-01
1.4876e+01,    7.8442e-01,    5.0000e-01
1.5014e+01,    7.8555e-01,    5.0000e-01
1.5153e+01,    7.8668e-01,    5.0000e-01
1.5293e+01,    7.8779e-01,    5.0000e-01
1.5435e+01,    7.8891e-01,    5.0000e-01
1.5577e+01,    7.9001e-01,    5.0000e-01
1.5722e+01,    7.9111e-01,    5.0000e-01
1.5867e+01,    7.9221e-01,    5.0000e-01
1.6014e+01,    7.9329e-01,    5.0000e-01
1.6162e+01,    7.9438e-01,    5.0000e-01
1.6312e+01,    7.9545e-01,    5.0000e-01
1.6463e+01,    7.9652e-01,    5.0000e-01
1.6616e+01,    7.9758e-01,    5.0000e-01
1.6769e+01,    7.9864e-01,    5.0000e-01
1.6925e+01,    7.9969e-01,    5.0000e-01
1.7081e+01,    8.0074e-01,    5.0000e-01
1.7240e+01,    8.0178e-01,    5.0000e-01
1.7399e+01,    8.0281e-01,    5.0000e-01
1.7560e+01,    8.0384e-01,    5.0000e-01
1.7723e+01,    8.0486e-01,    5.0000e-01
1.7887e+01,    8.0587e-01,    5.0000e-01
1.8053e+01,    8.0689e-01,    5.0000e-01
1.8220e+01,    8.0789e-01,    5.0000e-01
1.8388e+01,    8.0889e-01,    5.0000e-01
1.8559e+01,    8.0988e-01,    5.0000e-01
1.8730e+01,    8.1087e-01,    5.0000e-01
1.8904e+01,    8.1185e-01,    5.0000e-01
1.9079e+01,    8.1283e-01,    5.0000e-01
1.9256e+01,    8.1380e-01,    5.0000e-01
1.9434e+01,    8.1477e-01,    5.0000e-01
1.9614e+01,    8.1573e-01,    5.0000e-01
1.9795e+01,    8.1668e-01,    5.0000e-01
1.9979e+01,    8.1763e-01,    5.0000e-01
2.0164e+01,    8.1858e-01,    5.0000e-01
2.0350e+01,    8.1952e-01,    5.0000e-01
2.0539e+01,    8.2045e-01,    5.0000e-01
2.0729e+01,    8.2138e-01,    5.0000e-01
2.0921e+01,    8.2230e-01,    5.0000e-01
2.1114e+01,    8.2322e-01,    5.0000e-01
2.1310e+01,    8.2413e-01,    5.0000e-01
2.1507e+01,    8.2504e-01,    5.0000e-01
2.1706e+01,    8.2595e-01,    5.0000e-01
2.1907e+01,    8.2684e-01,    5.0000e-01
2.2110e+01,    8.2774e-01,    5.0000e-01
2.2315e+01,    8.2863e-01,    5.0000e-01
2.2522e+01,    8.2951e-01,    5.0000e-01
2.2730e+01,    8.3039e-01,    5.0000e-01
2.2940e+01,    8.3126e-01,    5.0000e-01
2.3153e+01,    8.3213e-01,    5.0000e-01
2.3367e+01,    8.3299e-01,    5.0000e-01
2.3584e+01,    8.3385e-01,    5.0000e-01
2.3802e+01,    8.3471e-01,    5.0000e-01
2.4022e+01,    8.3556e-01,    5.0000e-01
2.4245e+01,    8.3640e-01,    5.0000e-01
2.4469e+01,    8.3724e-01,    5.0000e-01
2.4696e+01,    8.3808e-01,    5.0000e-01
2.4924e+01,    8.3891e-01,    5.0000e-01
2.5155e+01,    8.3973e-01,    5.0000e-01
2.5388e+01,    8.4056e-01,    5.0000e-01
2.5623e+01,    8.4137e-01,    5.0000e-01
2.5860e+01,    8.4219e-01,    5.0000e-01
2.6100e+01,    8.4300e-01,    5.0000e-01
2.6341e+01,    8.4380e-01,    5.0000e-01
2.6585e+01,    8.4460e-01,    5.0000e-01
2.6832e+01,    8.4539e-01,    5.0000e-01
2.7080e+01,    8.4618e-01,    5.0000e-01
2.7331e+01,    8.4697e-01,    5.0000e-01
2.7584e+01,    8.4775e-01,    5.0000e-01
2.7839e+01,    8.4853e-01,    5.0000e-01
2.8097e+01,    8.4930e-01,    5.0000e-01
2.8357e+01,    8.5007e-01,    5.0000e-01
2.8620e+01,    8.5084e-01,    5.0000e-01
2.8885e+01,    8.5160e-01,    5.0000e-01
2.9152e+01,    8.5236e-01,    5.0000e-01
2.9422e+01,    8.5311e-01,    5.0000e-01
2.9694e+01,    8.5386e-01,    5.0000e-01
2.9969e+01,    8.5460e-01,    5.0000e-01
3.0247e+01,    8.5534e-01,    5.0000e-01
3.0527e+01,    8.5608e-01,    5.0000e-01
3.0809e+01,    8.5681e-01,    5.0000e-01
3.1095e+01,    8.5754e-01,    5.0000e-01
3.1383e+01,    8.5826e-01,    5.0000e-01
3.1673e+01,    8.5898e-01,    5.0000e-01
3.1966e+01,    8.5970e-01,    5.0000e-01
3.2262e+01,    8.6041e-01,    5.0000e-01
3.2561e+01,    8.6112e-01,    5.0000e-01
3.2862e+01,    8.6183e-01,    5.0000e-01
3.3167e+01,    8.6253e-01,    5.0000e-01
3.3474e+01,    8.6322e-01,    5.0000e-01
3.3784e+01,    8.6392e-01,    5.0000e-01
3.4097e+01,    8.6461e-01,    5.0000e-01
3.4412e+01,    8.6529e-01,    5.0000e-01
3.4731e+01,    8.6598e-01,    5.0000e-01
3.5052e+01,    8.6665e-01,    5.0000e-01
3.5377e+01,    8.6733e-01,    5.0000e-01
3.5704e+01,    8.6800e-01,    5.0000e-01
3.6035e+01,    8.6867e-01,    5.0000e-01
3.6369e+01,    8.6933e-01,    5.0000e-01
3.6705e+01,    8.6999e-01,    5.0000e-01
3.7045e+01,    8.7065e-01,    5.0000e-01
3.7388e+01,    8.7130e-01,    5.0000e-01
3.7734e+01,    8.7195e-01,    5.0000e-01
3.8084e+01,    8.7260e-01,    5.0000e-01
3.8436e+01,    8.7324e-01,    5.0000e-01
3.8792e+01,    8.7388e-01,    5.0000e-01
3.9151e+01,    8.7452e-01,    5.0000e-01
3.9514e+01,    8.7515e-01,    5.0000e-01
3.9880e+01,    8.7578e-01,    5.0000e-01
4.0249e+01,    8.7640e-01,    5.0000e-01
4.0622e+01,    8.7703e-01,    5.0000e-01
4.0998e+01,    8.7765e-01,    5.0000e-01
4.1377e+01,    8.7826e-01,    5.0000e-01
4.1760e+01,    8.7887e-01,    5.0000e-01
4.2147e+01,    8.7948e-01,    5.0000e-01
4.2537e+01,    8.8009e-01,    5.0000e-01
4.2931e+01,    8.8069e-01,    5.0000e-01
4.3329e+01,    8.8129e-01,    5.0000e-01
4.3730e+01,    8.8189e-01,    5.0000e-01
4.4135e+01,    8.8248e-01,    5.0000e-01
4.4543e+01,    8.8307e-01,    5.0000e-01
4.4956e+01,    8.8365e-01,    5.0000e-01
4.5372e+01,    8.8424e-01,    5.0000e-01
4.5792e+01,    8.8482e-01,    5.0000e-01
4.6216e+01,    8.8540e-01,    5.0000e-01
4.6644e+01,    8.8597e-01,    5.0000e-01
4.7076e+01,    8.8654e-01,    5.0000e-01
4.7512e+01,    8.8711e-01,    5.0000e-01
4.7952e+01,    8.8767e-01,    5.0000e-01
4.8396e+01,    8.8824e-01,    5.0000e-01
4.8844e+01,    8.8880e-01,    5.0000e-01
4.9296e+01,    8.8935e-01,    5.0000e-01
4.9752e+01,    8.8990e-01,    5.0000e-01
5.0213e+01,    8.9045e-01,    5.0000e-01
5.0678e+01,    8.9100e-01,    5.0000e-01
5.1147e+01,    8.9155e-01,    5.0000e-01
5.1621e+01,    8.9209e-01,    5.0000e-01
5.2098e+01,    8.9263e-01,    5.0000e-01
5.2581e+01,    8.9316e-01,    5.0000e-01
5.3068e+01,    8.9369e-01,    5.0000e-01
5.3559e+01,    8.9422e-01,    5.0000e-01
5.4055e+01,    8.9475e-01,    5.0000e-01
5.4555e+01,    8.9528e-01,    5.0000e-01
5.5061e+01,    8.9580e-01,    5.0000e-01
5.5570e+01,    8.9632e-01,    5.0000e-01
5.6085e+01,    8.9683e-01,    5.0000e-01
5.6604e+01,    8.9735e-01,    5.0000e-01
5.7128e+01,    8.9786e-01,    5.0000e-01
5.7657e+01,    8.9837e-01,    5.0000e-01
5.8191e+01,    8.9887e-01,    5.0000e-01
5.8730e+01,    8.9937e-01,    5.0000e-01
5.9273e+01,    8.9987e-01,    5.0000e-01
5.9822e+01,    9.0037e-01,    5.0000e-01
6.0376e+01,    9.0087e-01,    5.0000e-01
6.0935e+01,    9.0136e-01,    5.0000e-01
6.1499e+01,    9.0185e-01,    5.0000e-01
6.2069e+01,    9.0233e-01,    5.0000e-01
6.2643e+01,    9.0282e-01,    5.0000e-01
6.3223e+01,    9.0330e-01,    5.0000e-01
6.3809e+01,    9.0378e-01,    5.0000e-01
6.4400e+01,    9.0426e-01,    5.0000e-01
6.4996e+01,    9.0473e-01,    5.0000e-01
6.5598e+01,    9.0520e-01,    5.0000e-01
6.6205e+01,    9.0567e-01,    5.0000e-01
6.6818e+01,    9.0614e-01,    5.0000e-01
6.7437e+01,    9.0660e-01,    5.0000e-01
6.8061e+01,    9.0707e-01,    5.0000e-01
6.8691e+01,    9.0753e-01,    5.0000e-01
6.9327e+01,    9.0798e-01,    5.0000e-01
6.9969e+01,    9.0844e-01,    5.0000e-01
7.0617e+01,    9.0889e-01,    5.0000e-01
7.1271e+01,    9.0934e-01,    5.0000e-01
7.1930e+01,    9.0979e-01,    5.0000e-01
7.2596e+01,    9.1023e-01,    5.0000e-01
7.3269e+01,    9.1068e-01,    5.0000e-01
7.3947e+01,    9.1112e-01,    5.0000e-01
7.4632e+01,    9.1156e-01,    5.0000e-01
7.5323e+01,    9.1199e-01,    5.0000e-01
7.6020e+01,    9.1243e-01,    5.0000e-01
7.6724e+01,    9.1286e-01,    5.0000e-01
7.7434e+01,    9.1329e-01,    5.0000e-01
7.8151e+01,    9.1371e-01,    5.0000e-01
7.8875e+01,    9.1414e-01,    5.0000e-01
7.9605e+01,    9.1456e-01,    5.0000e-01
8.0342e+01,    9.1498e-01,    5.0000e-01
8.1086e+01,    9.1540e-01,    5.0000e-01
8.1837e+01,    9.1582e-01,    5.0000e-01
8.2594e+01,    9.1623e-01,    5.0000e-01
8.3359e+01,    9.1664e-01,    5.0000e-01
8.4131e+01,    9.1705e-01,    5.0000e-01
8.4910e+01,    9.1746e-01,    5.0000e-01
8.5696e+01,    9.1787e-01,    5.0000e-01
8.6489e+01,    9.1827e-01,    5.0000e-01
8.7290e+01,    9.1867e-01,    5.0000e-01
8.8098e+01,    9.1907e-01,    5.0000e-01
8.8914e+01,    9.1947e-01,    5.0000e-01
8.9737e+01,    9.1986e-01,    5.0000e-01
9.0568e+01,    9.2026e-01,    5.0000e-01
9.1407e+01,    9.2065e-01,    5.0000e-01
9.2253e+01,    9.2104e-01,    5.0000e-01
9.3107e+01,    9.2142e-01,    5.0000e-01
9.3969e+01,    9.2181e-01,    5.0000e-01
9.4839e+01,    9.2219e-01,    5.0000e-01
9.5717e+01,    9.2257e-01,    5.0000e-01
9.6603e+01,    9.2295e-01,    5.0000e-01
9.7498e+01,    9.2333e-01,    5.0000e-01
9.8401e+01,    9.2370e-01,    5.0000e-01
9.9312e+01,    9.2408e-01,    5.0000e-01
1.0023e+02,    9.2445e-01,    5.0000e-01
1.0116e+02,    9.2482e-01,    5.0000e-01
1.0210e+02,    9.2519e-01,    5.0000e-01
1.0304e+02,    9.2555e-01,    5.0000e-01
1.0400e+02,    9.2592e-01,    5.0000e-01
1.0496e+02,    9.2628e-01,    5.0000e-01
1.0593e+02,    9.2664e-01,    5.0000e-01
1.0691e+02,    9.2700e-01,    5.0000e-01
1.0790e+02,    9.2735e-01,    5.0000e-01
1.0890e+02,    9.2771e-01,    5.0000e-01
1.0991e+02,    9.2806e-01,    5.0000e-01
1.1093e+02,    9.2841e-01,    5.0000e-01
1.1195e+02,    9.2876e-01,    5.0000e-01
1.1299e+02,    9.2911e-01,    5.0000e-01
1.1403e+02,    9.2945e-01,    5.0000e-01
1.1509e+02,    9.2980e-01,    5.0000e-01
1.1616e+02,    9.3014e-01,    5.0000e-01
1.1723e+02,    9.3048e-01,    5.0000e-01
1.1832e+02,    9.3082e-01,    5.0000e-01
1.1941e+02,    9.3115e-01,    5.0000e-01
1.2052e+02,    9.3149e-01,    5.0000e-01
1.2163e+02,    9.3182e-01,    5.0000e-01
1.2276e+02,    9.3216e-01,    5.0000e-01
1.2390e+02,    9.3249e-01,    5.0000e-01
1.2504e+02,    9.3281e-01,    5.0000e-01
1.2620e+02,    9.3314e-01,    5.0000e-01
1.2737e+02,    9.3347e-01,    5.0000e-01
1.2855e+02,    9.3379e-01,    5.0000e-01
1.2974e+02,    9.3411e-01,    5.0000e-01
1.3094e+02,    9.3443e-01,    5.0000e-01
1.3215e+02,    9.3475e-01,    5.0000e-01
1.3338e+02,    9.3507e-01,    5.0000e-01
1.3461e+02,    9.3538e-01,    5.0000e-01
1.3586e+02,    9.3569e-01,    5.0000e-01
1.3712e+02,    9.3601e-01,    5.0000e-01
1.3839e+02,    9.3632e-01,    5.0000e-01
1.3967e+02,    9.3663e-01,    5.0000e-01
1.4096e+02,    9.3693e-01,    5.0000e-01
1.4226e+02,    9.3724e-01,    5.0000e-01
1.4358e+02,    9.3754e-01,    5.0000e-01
1.4491e+02,    9.3785e-01,    5.0000e-01
1.4625e+02,    9.3815e-01,    5.0000e-01
1.4761e+02,    9.3845e-01,    5.0000e-01
1.4897e+02,    9.3874e-01,    5.0000e-01
1.5035e+02,    9.3904e-01,    5.0000e-01
1.5175e+02,    9.3934e-01,    5.0000e-01
1.5315e+02,    9.3963e-01,    5.0000e-01
1.5457e+02,    9.3992e-01,    5.0000e-01
1.5600e+02,    9.4021e-01,    5.0000e-01
1.5744e+02,    9.4050e-01,    5.0000e-01
1.5890e+02,    9.4079e-01,    5.0000e-01
1.6037e+02,    9.4108e-01,    5.0000e-01
1.6186e+02,    9.4136e-01,    5.0000e-01
1.6336e+02,    9.4164e-01,    5.0000e-01
1.6487e+02,    9.4193e-01,    5.0000e-01
1.6640e+02,    9.4221e-01,    5.0000e-01
1.6794e+02,    9.4249e-01,    5.0000e-01
1.6949e+02,    9.4276e-01,    5.0000e-01
1.7106e+02,    9.4304e-01,    5.0000e-01
1.7264e+02,    9.4332e-01,    5.0000e-01
1.7424e+02,    9.4359e-01,    5.0000e-01
1.7586e+02,    9.4386e-01,    5.0000e-01
1.7748e+02,    9.4413e-01,    5.0000e-01
