# Force βfL, Extension z/L, Persistence Length λ
4.5371e-02,    3.3084e-03,    1.2500e-01
4.5791e-02,    3.3390e-03,    1.2500e-01
4.6215e-02,    3.3699e-03,    1.2500e-01
4.6643e-02,    3.4012e-03,    1.2500e-01
4.7075e-02,    3.4326e-03,    1.2500e-01
4.7511e-02,    3.4644e-03,    1.2500e-01
4.7951e-02,    3.4965e-03,    1.2500e-01
4.8395e-02,    3.5289e-03,    1.2500e-01
4.8843e-02,    3.5616e-03,    1.2500e-01
4.9295e-02,    3.5945e-03,    1.2500e-01
4.9751e-02,    3.6278e-03,    1.2500e-01
5.0212e-02,    3.6614e-03,    1.2500e-01
5.0677e-02,    3.6953e-03,    1.2500e-01
5.1146e-02,    3.7295e-03,    1.2500e-01
5.1620e-02,    3.7640e-03,    1.2500e-01
5.2097e-02,    3.7989e-03,    1.2500e-01
5.2580e-02,    3.8340e-03,    1.2500e-01
5.3067e-02,    3.8696e-03,    1.2500e-01
5.3558e-02,    3.9054e-03,    1.2500e-01
5.4054e-02,    3.9415e-03,    1.2500e-01
5.4554e-02,    3.9780e-03,    1.2500e-01
5.5059e-02,    4.0149e-03,    1.2500e-01
5.5569e-02,    4.0520e-03,    1.2500e-01
5.6084e-02,    4.0895e-03,    1.2500e-01
5.6603e-02,    4.1274e-03,    1.2500e-01
5.7127e-02,    4.1656e-03,    1.2500e-01
5.7656e-02,    4.2042e-03,    1.2500e-01
5.8190e-02,    4.2431e-03,    1.2500e-01
5.8729e-02,    4.2824e-03,    1.2500e-01
5.9272e-02,    4.3220e-03,    1.2500e-01
5.9821e-02,    4.3621e-03,    1.2500e-01
6.0375e-02,    4.4025e-03,    1.2500e-01
6.0934e-02,    4.4432e-03,    1.2500e-01
6.1498e-02,    4.4843e-03,    1.2500e-01
6.2067e-02,    4.5259e-03,    1.2500e-01
6.2642e-02,    4.5678e-03,    1.2500e-01
6.3222e-02,    4.6100e-03,    1.2500e-01
6.3807e-02,    4.6527e-03,    1.2500e-01
6.4398e-02,    4.6958e-03,    1.2500e-01
6.4995e-02,    4.7393e-03,    1.2500e-01
6.5596e-02,    4.7832e-03,    1.2500e-01
6.6204e-02,    4.8274e-03,    1.2500e-01
6.6817e-02,    4.8721e-03,    1.2500e-01
6.7435e-02,    4.9172e-03,    1.2500e-01
6.8060e-02,    4.9627e-03,    1.2500e-01
6.8690e-02,    5.0087e-03,    1.2500e-01
6.9326e-02,    5.0551e-03,    1.2500e-01
6.9968e-02,    5.1019e-03,    1.2500e-01
7.0615e-02,    5.1491e-03,    1.2500e-01
7.1269e-02,    5.1968e-03,    1.2500e-01
7.1929e-02,    5.2449e-03,    1.2500e-01
7.2595e-02,    5.2934e-03,    1.2500e-01
7.3267e-02,    5.3425e-03,    1.2500e-01
7.3945e-02,    5.3919e-03,    1.2500e-01
7.4630e-02,    5.4418e-03,    1.2500e-01
7.5321e-02,    5.4922e-03,    1.2500e-01
7.6018e-02,    5.5431e-03,    1.2500e-01
7.6722e-02,    5.5944e-03,    1.2500e-01
7.7433e-02,    5.6462e-03,    1.2500e-01
7.8150e-02,    5.6984e-03,    1.2500e-01
7.8873e-02,    5.7512e-03,    1.2500e-01
7.9603e-02,    5.8045e-03,    1.2500e-01
8.0340e-02,    5.8582e-03,    1.2500e-01
8.1084e-02,    5.9124e-03,    1.2500e-01
8.1835e-02,    5.9672e-03,    1.2500e-01
8.2593e-02,    6.0224e-03,    1.2500e-01
8.3357e-02,    6.0781e-03,    1.2500e-01
8.4129e-02,    6.1344e-03,    1.2500e-01
8.4908e-02,    6.1912e-03,    1.2500e-01
8.5694e-02,    6.2485e-03,    1.2500e-01
8.6488e-02,    6.3064e-03,    1.2500e-01
8.7288e-02,    6.3648e-03,    1.2500e-01
8.8097e-02,    6.4237e-03,    1.2500e-01
8.8912e-02,    6.4832e-03,    1.2500e-01
8.9735e-02,    6.5432e-03,    1.2500e-01
9.0566e-02,    6.6038e-03,    1.2500e-01
9.1405e-02,    6.6649e-03,    1.2500e-01
9.2251e-02,    6.7266e-03,    1.2500e-01
9.3105e-02,    6.7889e-03,    1.2500e-01
9.3967e-02,    6.8517e-03,    1.2500e-01
9.4837e-02,    6.9151e-03,    1.2500e-01
9.5715e-02,    6.9792e-03,    1.2500e-01
9.6602e-02,    7.0438e-03,    1.2500e-01
9.7496e-02,    7.1090e-03,    1.2500e-01
9.8399e-02,    7.1748e-03,    1.2500e-01
9.9310e-02,    7.2412e-03,    1.2500e-01
1.0023e-01,    7.3083e-03,    1.2500e-01
1.0116e-01,    7.3759e-03,    1.2500e-01
1.0209e-01,    7.4442e-03,    1.2500e-01
1.0304e-01,    7.5131e-03,    1.2500e-01
1.0399e-01,    7.5827e-03,    1.2500e-01
1.0496e-01,    7.6529e-03,    1.2500e-01
1.0593e-01,    7.7237e-03,    1.2500e-01
1.0691e-01,    7.7952e-03,    1.2500e-01
1.0790e-01,    7.8674e-03,    1.2500e-01
1.0890e-01,    7.9402e-03,    1.2500e-01
1.0991e-01,    8.0137e-03,    1.2500e-01
1.1092e-01,    8.0879e-03,    1.2500e-01
1.1195e-01,    8.1628e-03,    1.2500e-01
1.1299e-01,    8.2383e-03,    1.2500e-01
1.1403e-01,    8.3146e-03,    1.2500e-01
1.1509e-01,    8.3916e-03,    1.2500e-01
1.1615e-01,    8.4692e-03,    1.2500e-01
1.1723e-01,    8.5477e-03,    1.2500e-01
1.1831e-01,    8.6268e-03,    1.2500e-01
1.1941e-01,    8.7067e-03,    1.2500e-01
1.2052e-01,    8.7872e-03,    1.2500e-01
1.2163e-01,    8.8686e-03,    1.2500e-01
1.2276e-01,    8.9507e-03,    1.2500e-01
1.2389e-01,    9.0335e-03,    1.2500e-01
1.2504e-01,    9.1172e-03,    1.2500e-01
1.2620e-01,    9.2016e-03,    1.2500e-01
1.2737e-01,    9.2867e-03,    1.2500e-01
1.2855e-01,    9.3727e-03,    1.2500e-01
1.2974e-01,    9.4595e-03,    1.2500e-01
1.3094e-01,    9.5470e-03,    1.2500e-01
1.3215e-01,    9.6354e-03,    1.2500e-01
1.3337e-01,    9.7246e-03,    1.2500e-01
1.3461e-01,    9.8146e-03,    1.2500e-01
1.3586e-01,    9.9055e-03,    1.2500e-01
1.3711e-01,    9.9972e-03,    1.2500e-01
1.3838e-01,    1.0090e-02,    1.2500e-01
1.3966e-01,    1.0183e-02,    1.2500e-01
1.4096e-01,    1.0277e-02,    1.2500e-01
1.4226e-01,    1.0372e-02,    1.2500e-01
1.4358e-01,    1.0468e-02,    1.2500e-01
1.4491e-01,    1.0565e-02,    1.2500e-01
1.4625e-01,    1.0663e-02,    1.2500e-01
1.4760e-01,    1.0762e-02,    1.2500e-01
1.4897e-01,    1.0862e-02,    1.2500e-01
1.5035e-01,    1.0962e-02,    1.2500e-01
1.5174e-01,    1.1064e-02,    1.2500e-01
1.5315e-01,    1.1166e-02,    1.2500e-01
1.5457e-01,    1.1269e-02,    1.2500e-01
1.5600e-01,    1.1374e-02,    1.2500e-01
1.5744e-01,    1.1479e-02,    1.2500e-01
1.5890e-01,    1.1585e-02,    1.2500e-01
1.6037e-01,    1.1692e-02,    1.2500e-01
1.6185e-01,    1.1801e-02,    1.2500e-01
1.6335e-01,    1.1910e-02,    1.2500e-01
1.6487e-01,    1.2020e-02,    1.2500e-01
1.6639e-01,    1.2131e-02,    1.2500e-01
1.6793e-01,    1.2244e-02,    1.2500e-01
1.6949e-01,    1.2357e-02,    1.2500e-01
1.7106e-01,    1.2471e-02,    1.2500e-01
1.7264e-01,    1.2587e-02,    1.2500e-01
1.7424e-01,    1.2703e-02,    1.2500e-01
1.7585e-01,    1.2821e-02,    1.2500e-01
1.7748e-01,    1.2939e-02,    1.2500e-01
1.7912e-01,    1.3059e-02,    1.2500e-01
1.8078e-01,    1.3180e-02,    1.2500e-01
1.8246e-01,    1.3302e-02,    1.2500e-01
1.8414e-01,    1.3425e-02,    1.2500e-01
1.8585e-01,    1.3549e-02,    1.2500e-01
1.8757e-01,    1.3675e-02,    1.2500e-01
1.8931e-01,    1.3801e-02,    1.2500e-01
1.9106e-01,    1.3929e-02,    1.2500e-01
1.9283e-01,    1.4058e-02,    1.2500e-01
1.9461e-01,    1.4188e-02,    1.2500e-01
1.9642e-01,    1.4319e-02,    1.2500e-01
1.9823e-01,    1.4452e-02,    1.2500e-01
2.0007e-01,    1.4586e-02,    1.2500e-01
2.0192e-01,    1.4721e-02,    1.2500e-01
2.0379e-01,    1.4857e-02,    1.2500e-01
2.0568e-01,    1.4994e-02,    1.2500e-01
2.0758e-01,    1.5133e-02,    1.2500e-01
2.0950e-01,    1.5273e-02,    1.2500e-01
2.1144e-01,    1.5414e-02,    1.2500e-01
2.1340e-01,    1.5557e-02,    1.2500e-01
2.1538e-01,    1.5701e-02,    1.2500e-01
2.1737e-01,    1.5846e-02,    1.2500e-01
2.1938e-01,    1.5993e-02,    1.2500e-01
2.2142e-01,    1.6141e-02,    1.2500e-01
2.2347e-01,    1.6290e-02,    1.2500e-01
2.2554e-01,    1.6441e-02,    1.2500e-01
2.2762e-01,    1.6593e-02,    1.2500e-01
2.2973e-01,    1.6747e-02,    1.2500e-01
2.3186e-01,    1.6902e-02,    1.2500e-01
2.3400e-01,    1.7058e-02,    1.2500e-01
2.3617e-01,    1.7216e-02,    1.2500e-01
2.3836e-01,    1.7375e-02,    1.2500e-01
2.4056e-01,    1.7536e-02,    1.2500e-01
2.4279e-01,    1.7698e-02,    1.2500e-01
2.4504e-01,    1.7862e-02,    1.2500e-01
2.4731e-01,    1.8027e-02,    1.2500e-01
2.4960e-01,    1.8194e-02,    1.2500e-01
2.5191e-01,    1.8362e-02,    1.2500e-01
2.5424e-01,    1.8532e-02,    1.2500e-01
2.5660e-01,    1.8704e-02,    1.2500e-01
2.5897e-01,    1.8877e-02,    1.2500e-01
2.6137e-01,    1.9051e-02,    1.2500e-01
2.6379e-01,    1.9228e-02,    1.2500e-01
2.6623e-01,    1.9405e-02,    1.2500e-01
2.6870e-01,    1.9585e-02,    1.2500e-01
2.7118e-01,    1.9766e-02,    1.2500e-01
2.7370e-01,    1.9949e-02,    1.2500e-01
2.7623e-01,    2.0133e-02,    1.2500e-01
2.7879e-01,    2.0320e-02,    1.2500e-01
2.8137e-01,    2.0508e-02,    1.2500e-01
2.8397e-01,    2.0697e-02,    1.2500e-01
2.8660e-01,    2.0889e-02,    1.2500e-01
2.8926e-01,    2.1082e-02,    1.2500e-01
2.9193e-01,    2.1277e-02,    1.2500e-01
2.9464e-01,    2.1474e-02,    1.2500e-01
2.9736e-01,    2.1672e-02,    1.2500e-01
3.0012e-01,    2.1873e-02,    1.2500e-01
3.0290e-01,    2.2075e-02,    1.2500e-01
3.0570e-01,    2.2279e-02,    1.2500e-01
3.0853e-01,    2.2485e-02,    1.2500e-01
3.1139e-01,    2.2693e-02,    1.2500e-01
3.1427e-01,    2.2903e-02,    1.2500e-01
3.1718e-01,    2.3115e-02,    1.2500e-01
3.2012e-01,    2.3329e-02,    1.2500e-01
3.2308e-01,    2.3544e-02,    1.2500e-01
3.2607e-01,    2.3762e-02,    1.2500e-01
3.2909e-01,    2.3982e-02,    1.2500e-01
3.3214e-01,    2.4204e-02,    1.2500e-01
3.3521e-01,    2.4427e-02,    1.2500e-01
3.3832e-01,    2.4653e-02,    1.2500e-01
3.4145e-01,    2.4881e-02,    1.2500e-01
3.4461e-01,    2.5111e-02,    1.2500e-01
3.4780e-01,    2.5343e-02,    1.2500e-01
3.5102e-01,    2.5578e-02,    1.2500e-01
3.5427e-01,    2.5814e-02,    1.2500e-01
3.5755e-01,    2.6053e-02,    1.2500e-01
3.6086e-01,    2.6294e-02,    1.2500e-01
3.6420e-01,    2.6537e-02,    1.2500e-01
3.6758e-01,    2.6782e-02,    1.2500e-01
3.7098e-01,    2.7030e-02,    1.2500e-01
3.7441e-01,    2.7279e-02,    1.2500e-01
3.7788e-01,    2.7532e-02,    1.2500e-01
3.8138e-01,    2.7786e-02,    1.2500e-01
3.8491e-01,    2.8043e-02,    1.2500e-01
3.8847e-01,    2.8302e-02,    1.2500e-01
3.9207e-01,    2.8564e-02,    1.2500e-01
3.9570e-01,    2.8828e-02,    1.2500e-01
3.9936e-01,    2.9094e-02,    1.2500e-01
4.0306e-01,    2.9363e-02,    1.2500e-01
4.0679e-01,    2.9634e-02,    1.2500e-01
4.1056e-01,    2.9908e-02,    1.2500e-01
4.1436e-01,    3.0184e-02,    1.2500e-01
4.1820e-01,    3.0463e-02,    1.2500e-01
4.2207e-01,    3.0745e-02,    1.2500e-01
4.2598e-01,    3.1029e-02,    1.2500e-01
4.2992e-01,    3.1315e-02,    1.2500e-01
4.3390e-01,    3.1605e-02,    1.2500e-01
4.3792e-01,    3.1897e-02,    1.2500e-01
4.4197e-01,    3.2191e-02,    1.2500e-01
4.4607e-01,    3.2489e-02,    1.2500e-01
4.5020e-01,    3.2789e-02,    1.2500e-01
4.5436e-01,    3.3092e-02,    1.2500e-01
4.5857e-01,    3.3397e-02,    1.2500e-01
4.6282e-01,    3.3706e-02,    1.2500e-01
4.6710e-01,    3.4017e-02,    1.2500e-01
4.7143e-01,    3.4331e-02,    1.2500e-01
4.7579e-01,    3.4648e-02,    1.2500e-01
4.8020e-01,    3.4968e-02,    1.2500e-01
4.8464e-01,    3.5291e-02,    1.2500e-01
4.8913e-01,    3.5617e-02,    1.2500e-01
4.9366e-01,    3.5946e-02,    1.2500e-01
4.9823e-01,    3.6277e-02,    1.2500e-01
5.0284e-01,    3.6612e-02,    1.2500e-01
5.0750e-01,    3.6950e-02,    1.2500e-01
5.1220e-01,    3.7291e-02,    1.2500e-01
5.1694e-01,    3.7635e-02,    1.2500e-01
5.2173e-01,    3.7983e-02,    1.2500e-01
5.2656e-01,    3.8333e-02,    1.2500e-01
5.3143e-01,    3.8687e-02,    1.2500e-01
5.3635e-01,    3.9044e-02,    1.2500e-01
5.4132e-01,    3.9404e-02,    1.2500e-01
5.4633e-01,    3.9768e-02,    1.2500e-01
5.5139e-01,    4.0135e-02,    1.2500e-01
5.5649e-01,    4.0505e-02,    1.2500e-01
5.6165e-01,    4.0879e-02,    1.2500e-01
5.6685e-01,    4.1256e-02,    1.2500e-01
5.7209e-01,    4.1636e-02,    1.2500e-01
5.7739e-01,    4.2020e-02,    1.2500e-01
5.8274e-01,    4.2408e-02,    1.2500e-01
5.8813e-01,    4.2799e-02,    1.2500e-01
5.9358e-01,    4.3193e-02,    1.2500e-01
5.9907e-01,    4.3591e-02,    1.2500e-01
6.0462e-01,    4.3993e-02,    1.2500e-01
6.1022e-01,    4.4399e-02,    1.2500e-01
6.1587e-01,    4.4808e-02,    1.2500e-01
6.2157e-01,    4.5221e-02,    1.2500e-01
6.2732e-01,    4.5638e-02,    1.2500e-01
6.3313e-01,    4.6058e-02,    1.2500e-01
6.3899e-01,    4.6483e-02,    1.2500e-01
6.4491e-01,    4.6911e-02,    1.2500e-01
6.5088e-01,    4.7343e-02,    1.2500e-01
6.5691e-01,    4.7779e-02,    1.2500e-01
6.6299e-01,    4.8219e-02,    1.2500e-01
6.6913e-01,    4.8664e-02,    1.2500e-01
6.7532e-01,    4.9112e-02,    1.2500e-01
6.8158e-01,    4.9564e-02,    1.2500e-01
6.8789e-01,    5.0020e-02,    1.2500e-01
6.9426e-01,    5.0481e-02,    1.2500e-01
7.0068e-01,    5.0945e-02,    1.2500e-01
7.0717e-01,    5.1414e-02,    1.2500e-01
7.1372e-01,    5.1888e-02,    1.2500e-01
7.2033e-01,    5.2365e-02,    1.2500e-01
7.2700e-01,    5.2847e-02,    1.2500e-01
7.3373e-01,    5.3333e-02,    1.2500e-01
7.4052e-01,    5.3824e-02,    1.2500e-01
7.4738e-01,    5.4319e-02,    1.2500e-01
7.5430e-01,    5.4818e-02,    1.2500e-01
7.6128e-01,    5.5322e-02,    1.2500e-01
7.6833e-01,    5.5831e-02,    1.2500e-01
7.7544e-01,    5.6344e-02,    1.2500e-01
7.8262e-01,    5.6862e-02,    1.2500e-01
7.8987e-01,    5.7385e-02,    1.2500e-01
7.9718e-01,    5.7912e-02,    1.2500e-01
8.0456e-01,    5.8444e-02,    1.2500e-01
8.1201e-01,    5.8981e-02,    1.2500e-01
8.1953e-01,    5.9523e-02,    1.2500e-01
8.2712e-01,    6.0070e-02,    1.2500e-01
8.3478e-01,    6.0621e-02,    1.2500e-01
8.4250e-01,    6.1178e-02,    1.2500e-01
8.5030e-01,    6.1740e-02,    1.2500e-01
8.5818e-01,    6.2306e-02,    1.2500e-01
8.6612e-01,    6.2878e-02,    1.2500e-01
8.7414e-01,    6.3455e-02,    1.2500e-01
8.8224e-01,    6.4037e-02,    1.2500e-01
8.9040e-01,    6.4625e-02,    1.2500e-01
8.9865e-01,    6.5217e-02,    1.2500e-01
9.0697e-01,    6.5815e-02,    1.2500e-01
9.1537e-01,    6.6419e-02,    1.2500e-01
9.2384e-01,    6.7028e-02,    1.2500e-01
9.3239e-01,    6.7642e-02,    1.2500e-01
9.4103e-01,    6.8262e-02,    1.2500e-01
9.4974e-01,    6.8887e-02,    1.2500e-01
9.5853e-01,    6.9518e-02,    1.2500e-01
9.6741e-01,    7.0155e-02,    1.2500e-01
9.7636e-01,    7.0797e-02,    1.2500e-01
9.8540e-01,    7.1445e-02,    1.2500e-01
9.9453e-01,    7.2099e-02,    1.2500e-01
1.0037e+00,    7.2758e-02,    1.2500e-01
1.0130e+00,    7.3424e-02,    1.2500e-01
1.0224e+00,    7.4096e-02,    1.2500e-01
1.0319e+00,    7.4773e-02,    1.2500e-01
1.0414e+00,    7.5457e-02,    1.2500e-01
1.0511e+00,    7.6146e-02,    1.2500e-01
1.0608e+00,    7.6842e-02,    1.2500e-01
1.0706e+00,    7.7544e-02,    1.2500e-01
1.0805e+00,    7.8252e-02,    1.2500e-01
1.0905e+00,    7.8967e-02,    1.2500e-01
1.1006e+00,    7.9687e-02,    1.2500e-01
1.1108e+00,    8.0415e-02,    1.2500e-01
1.1211e+00,    8.1148e-02,    1.2500e-01
1.1315e+00,    8.1889e-02,    1.2500e-01
1.1420e+00,    8.2635e-02,    1.2500e-01
1.1525e+00,    8.3389e-02,    1.2500e-01
1.1632e+00,    8.4148e-02,    1.2500e-01
1.1740e+00,    8.4915e-02,    1.2500e-01
1.1849e+00,    8.5688e-02,    1.2500e-01
1.1958e+00,    8.6469e-02,    1.2500e-01
1.2069e+00,    8.7256e-02,    1.2500e-01
1.2181e+00,    8.8050e-02,    1.2500e-01
1.2293e+00,    8.8851e-02,    1.2500e-01
1.2407e+00,    8.9659e-02,    1.2500e-01
1.2522e+00,    9.0474e-02,    1.2500e-01
1.2638e+00,    9.1296e-02,    1.2500e-01
1.2755e+00,    9.2125e-02,    1.2500e-01
1.2873e+00,    9.2962e-02,    1.2500e-01
1.2992e+00,    9.3806e-02,    1.2500e-01
1.3113e+00,    9.4657e-02,    1.2500e-01
1.3234e+00,    9.5516e-02,    1.2500e-01
1.3357e+00,    9.6382e-02,    1.2500e-01
1.3480e+00,    9.7256e-02,    1.2500e-01
1.3605e+00,    9.8137e-02,    1.2500e-01
1.3731e+00,    9.9026e-02,    1.2500e-01
1.3858e+00,    9.9922e-02,    1.2500e-01
1.3987e+00,    1.0083e-01,    1.2500e-01
1.4116e+00,    1.0174e-01,    1.2500e-01
1.4247e+00,    1.0266e-01,    1.2500e-01
1.4379e+00,    1.0359e-01,    1.2500e-01
1.4512e+00,    1.0452e-01,    1.2500e-01
1.4646e+00,    1.0547e-01,    1.2500e-01
1.4782e+00,    1.0642e-01,    1.2500e-01
1.4919e+00,    1.0738e-01,    1.2500e-01
1.5057e+00,    1.0835e-01,    1.2500e-01
1.5196e+00,    1.0932e-01,    1.2500e-01
1.5337e+00,    1.1031e-01,    1.2500e-01
1.5479e+00,    1.1130e-01,    1.2500e-01
1.5622e+00,    1.1230e-01,    1.2500e-01
1.5767e+00,    1.1331e-01,    1.2500e-01
1.5913e+00,    1.1433e-01,    1.2500e-01
1.6060e+00,    1.1536e-01,    1.2500e-01
1.6209e+00,    1.1640e-01,    1.2500e-01
1.6359e+00,    1.1744e-01,    1.2500e-01
1.6510e+00,    1.1849e-01,    1.2500e-01
1.6663e+00,    1.1956e-01,    1.2500e-01
1.6817e+00,    1.2063e-01,    1.2500e-01
1.6973e+00,    1.2171e-01,    1.2500e-01
1.7130e+00,    1.2280e-01,    1.2500e-01
1.7289e+00,    1.2390e-01,    1.2500e-01
1.7449e+00,    1.2500e-01,    1.2500e-01
1.7611e+00,    1.2612e-01,    1.2500e-01
1.7774e+00,    1.2725e-01,    1.2500e-01
1.7938e+00,    1.2838e-01,    1.2500e-01
1.8104e+00,    1.2953e-01,    1.2500e-01
1.8272e+00,    1.3068e-01,    1.2500e-01
1.8441e+00,    1.3184e-01,    1.2500e-01
1.8612e+00,    1.3302e-01,    1.2500e-01
1.8784e+00,    1.3420e-01,    1.2500e-01
1.8958e+00,    1.3539e-01,    1.2500e-01
1.9134e+00,    1.3659e-01,    1.2500e-01
1.9311e+00,    1.3780e-01,    1.2500e-01
1.9489e+00,    1.3903e-01,    1.2500e-01
1.9670e+00,    1.4026e-01,    1.2500e-01
1.9852e+00,    1.4150e-01,    1.2500e-01
2.0036e+00,    1.4275e-01,    1.2500e-01
2.0221e+00,    1.4401e-01,    1.2500e-01
2.0409e+00,    1.4528e-01,    1.2500e-01
2.0598e+00,    1.4656e-01,    1.2500e-01
2.0788e+00,    1.4786e-01,    1.2500e-01
2.0981e+00,    1.4916e-01,    1.2500e-01
2.1175e+00,    1.5047e-01,    1.2500e-01
2.1371e+00,    1.5179e-01,    1.2500e-01
2.1569e+00,    1.5312e-01,    1.2500e-01
2.1769e+00,    1.5447e-01,    1.2500e-01
2.1970e+00,    1.5582e-01,    1.2500e-01
2.2174e+00,    1.5719e-01,    1.2500e-01
2.2379e+00,    1.5856e-01,    1.2500e-01
2.2586e+00,    1.5995e-01,    1.2500e-01
2.2795e+00,    1.6134e-01,    1.2500e-01
2.3006e+00,    1.6275e-01,    1.2500e-01
2.3219e+00,    1.6417e-01,    1.2500e-01
2.3434e+00,    1.6559e-01,    1.2500e-01
2.3651e+00,    1.6703e-01,    1.2500e-01
2.3870e+00,    1.6848e-01,    1.2500e-01
2.4091e+00,    1.6994e-01,    1.2500e-01
2.4314e+00,    1.7142e-01,    1.2500e-01
2.4539e+00,    1.7290e-01,    1.2500e-01
2.4767e+00,    1.7439e-01,    1.2500e-01
2.4996e+00,    1.7590e-01,    1.2500e-01
2.5227e+00,    1.7741e-01,    1.2500e-01
2.5461e+00,    1.7894e-01,    1.2500e-01
2.5697e+00,    1.8048e-01,    1.2500e-01
2.5934e+00,    1.8203e-01,    1.2500e-01
2.6175e+00,    1.8359e-01,    1.2500e-01
2.6417e+00,    1.8516e-01,    1.2500e-01
2.6662e+00,    1.8674e-01,    1.2500e-01
2.6908e+00,    1.8834e-01,    1.2500e-01
2.7157e+00,    1.8995e-01,    1.2500e-01
2.7409e+00,    1.9156e-01,    1.2500e-01
2.7663e+00,    1.9319e-01,    1.2500e-01
2.7919e+00,    1.9483e-01,    1.2500e-01
2.8177e+00,    1.9648e-01,    1.2500e-01
2.8438e+00,    1.9815e-01,    1.2500e-01
2.8702e+00,    1.9982e-01,    1.2500e-01
2.8967e+00,    2.0151e-01,    1.2500e-01
2.9235e+00,    2.0320e-01,    1.2500e-01
2.9506e+00,    2.0491e-01,    1.2500e-01
2.9779e+00,    2.0663e-01,    1.2500e-01
3.0055e+00,    2.0836e-01,    1.2500e-01
3.0333e+00,    2.1011e-01,    1.2500e-01
3.0614e+00,    2.1186e-01,    1.2500e-01
3.0898e+00,    2.1363e-01,    1.2500e-01
3.1184e+00,    2.1541e-01,    1.2500e-01
3.1472e+00,    2.1720e-01,    1.2500e-01
3.1764e+00,    2.1900e-01,    1.2500e-01
3.2058e+00,    2.2081e-01,    1.2500e-01
3.2355e+00,    2.2263e-01,    1.2500e-01
3.2654e+00,    2.2447e-01,    1.2500e-01
3.2957e+00,    2.2631e-01,    1.2500e-01
3.3262e+00,    2.2817e-01,    1.2500e-01
3.3570e+00,    2.3004e-01,    1.2500e-01
3.3881e+00,    2.3192e-01,    1.2500e-01
3.4194e+00,    2.3381e-01,    1.2500e-01
3.4511e+00,    2.3572e-01,    1.2500e-01
3.4830e+00,    2.3763e-01,    1.2500e-01
3.5153e+00,    2.3956e-01,    1.2500e-01
3.5478e+00,    2.4150e-01,    1.2500e-01
3.5807e+00,    2.4345e-01,    1.2500e-01
3.6138e+00,    2.4541e-01,    1.2500e-01
3.6473e+00,    2.4738e-01,    1.2500e-01
3.6811e+00,    2.4936e-01,    1.2500e-01
3.7151e+00,    2.5135e-01,    1.2500e-01
3.7495e+00,    2.5336e-01,    1.2500e-01
3.7843e+00,    2.5537e-01,    1.2500e-01
3.8193e+00,    2.5740e-01,    1.2500e-01
3.8546e+00,    2.5943e-01,    1.2500e-01
3.8903e+00,    2.6148e-01,    1.2500e-01
3.9264e+00,    2.6354e-01,    1.2500e-01
3.9627e+00,    2.6561e-01,    1.2500e-01
3.9994e+00,    2.6769e-01,    1.2500e-01
4.0364e+00,    2.6978e-01,    1.2500e-01
4.0738e+00,    2.7188e-01,    1.2500e-01
4.1115e+00,    2.7399e-01,    1.2500e-01
4.1496e+00,    2.7611e-01,    1.2500e-01
4.1880e+00,    2.7824e-01,    1.2500e-01
4.2268e+00,    2.8038e-01,    1.2500e-01
4.2659e+00,    2.8253e-01,    1.2500e-01
4.3054e+00,    2.8469e-01,    1.2500e-01
4.3453e+00,    2.8687e-01,    1.2500e-01
4.3855e+00,    2.8905e-01,    1.2500e-01
4.4261e+00,    2.9124e-01,    1.2500e-01
4.4671e+00,    2.9344e-01,    1.2500e-01
4.5085e+00,    2.9565e-01,    1.2500e-01
4.5502e+00,    2.9786e-01,    1.2500e-01
4.5923e+00,    3.0009e-01,    1.2500e-01
4.6348e+00,    3.0233e-01,    1.2500e-01
4.6778e+00,    3.0457e-01,    1.2500e-01
4.7211e+00,    3.0683e-01,    1.2500e-01
4.7648e+00,    3.0909e-01,    1.2500e-01
4.8089e+00,    3.1136e-01,    1.2500e-01
4.8534e+00,    3.1364e-01,    1.2500e-01
4.8984e+00,    3.1593e-01,    1.2500e-01
4.9437e+00,    3.1823e-01,    1.2500e-01
4.9895e+00,    3.2053e-01,    1.2500e-01
5.0357e+00,    3.2284e-01,    1.2500e-01
5.0823e+00,    3.2516e-01,    1.2500e-01
5.1294e+00,    3.2749e-01,    1.2500e-01
5.1768e+00,    3.2982e-01,    1.2500e-01
5.2248e+00,    3.3217e-01,    1.2500e-01
5.2731e+00,    3.3451e-01,    1.2500e-01
5.3220e+00,    3.3687e-01,    1.2500e-01
5.3712e+00,    3.3923e-01,    1.2500e-01
5.4210e+00,    3.4160e-01,    1.2500e-01
5.4712e+00,    3.4398e-01,    1.2500e-01
5.5218e+00,    3.4636e-01,    1.2500e-01
5.5729e+00,    3.4875e-01,    1.2500e-01
5.6245e+00,    3.5114e-01,    1.2500e-01
5.6766e+00,    3.5354e-01,    1.2500e-01
5.7292e+00,    3.5595e-01,    1.2500e-01
5.7822e+00,    3.5836e-01,    1.2500e-01
5.8358e+00,    3.6077e-01,    1.2500e-01
5.8898e+00,    3.6319e-01,    1.2500e-01
5.9443e+00,    3.6562e-01,    1.2500e-01
5.9994e+00,    3.6805e-01,    1.2500e-01
6.0549e+00,    3.7048e-01,    1.2500e-01
6.1110e+00,    3.7292e-01,    1.2500e-01
6.1675e+00,    3.7536e-01,    1.2500e-01
6.2246e+00,    3.7781e-01,    1.2500e-01
6.2823e+00,    3.8026e-01,    1.2500e-01
6.3404e+00,    3.8271e-01,    1.2500e-01
6.3992e+00,    3.8516e-01,    1.2500e-01
6.4584e+00,    3.8762e-01,    1.2500e-01
6.5182e+00,    3.9009e-01,    1.2500e-01
6.5785e+00,    3.9255e-01,    1.2500e-01
6.6395e+00,    3.9502e-01,    1.2500e-01
6.7009e+00,    3.9749e-01,    1.2500e-01
6.7630e+00,    3.9996e-01,    1.2500e-01
6.8256e+00,    4.0243e-01,    1.2500e-01
6.8888e+00,    4.0490e-01,    1.2500e-01
6.9526e+00,    4.0738e-01,    1.2500e-01
7.0169e+00,    4.0985e-01,    1.2500e-01
7.0819e+00,    4.1233e-01,    1.2500e-01
7.1475e+00,    4.1481e-01,    1.2500e-01
7.2136e+00,    4.1729e-01,    1.2500e-01
7.2804e+00,    4.1977e-01,    1.2500e-01
7.3478e+00,    4.2225e-01,    1.2500e-01
7.4159e+00,    4.2472e-01,    1.2500e-01
7.4845e+00,    4.2720e-01,    1.2500e-01
7.5538e+00,    4.2968e-01,    1.2500e-01
7.6238e+00,    4.3216e-01,    1.2500e-01
7.6944e+00,    4.3463e-01,    1.2500e-01
7.7656e+00,    4.3711e-01,    1.2500e-01
7.8375e+00,    4.3958e-01,    1.2500e-01
7.9101e+00,    4.4205e-01,    1.2500e-01
7.9833e+00,    4.4452e-01,    1.2500e-01
8.0572e+00,    4.4699e-01,    1.2500e-01
8.1318e+00,    4.4946e-01,    1.2500e-01
8.2071e+00,    4.5192e-01,    1.2500e-01
8.2831e+00,    4.5438e-01,    1.2500e-01
8.3598e+00,    4.5684e-01,    1.2500e-01
8.4372e+00,    4.5929e-01,    1.2500e-01
8.5153e+00,    4.6174e-01,    1.2500e-01
8.5941e+00,    4.6419e-01,    1.2500e-01
8.6737e+00,    4.6664e-01,    1.2500e-01
8.7540e+00,    4.6908e-01,    1.2500e-01
8.8351e+00,    4.7151e-01,    1.2500e-01
8.9169e+00,    4.7395e-01,    1.2500e-01
8.9994e+00,    4.7638e-01,    1.2500e-01
9.0828e+00,    4.7880e-01,    1.2500e-01
9.1668e+00,    4.8122e-01,    1.2500e-01
9.2517e+00,    4.8363e-01,    1.2500e-01
9.3374e+00,    4.8604e-01,    1.2500e-01
9.4238e+00,    4.8845e-01,    1.2500e-01
9.5111e+00,    4.9085e-01,    1.2500e-01
9.5991e+00,    4.9324e-01,    1.2500e-01
9.6880e+00,    4.9563e-01,    1.2500e-01
9.7777e+00,    4.9801e-01,    1.2500e-01
9.8682e+00,    5.0039e-01,    1.2500e-01
9.9596e+00,    5.0276e-01,    1.2500e-01
1.0052e+01,    5.0512e-01,    1.2500e-01
1.0145e+01,    5.0748e-01,    1.2500e-01
1.0239e+01,    5.0983e-01,    1.2500e-01
1.0334e+01,    5.1217e-01,    1.2500e-01
1.0429e+01,    5.1451e-01,    1.2500e-01
1.0526e+01,    5.1684e-01,    1.2500e-01
1.0623e+01,    5.1916e-01,    1.2500e-01
1.0722e+01,    5.2148e-01,    1.2500e-01
1.0821e+01,    5.2379e-01,    1.2500e-01
1.0921e+01,    5.2609e-01,    1.2500e-01
1.1022e+01,    5.2839e-01,    1.2500e-01
1.1124e+01,    5.3067e-01,    1.2500e-01
1.1227e+01,    5.3295e-01,    1.2500e-01
1.1331e+01,    5.3522e-01,    1.2500e-01
1.1436e+01,    5.3748e-01,    1.2500e-01
1.1542e+01,    5.3974e-01,    1.2500e-01
1.1649e+01,    5.4199e-01,    1.2500e-01
1.1757e+01,    5.4423e-01,    1.2500e-01
1.1866e+01,    5.4646e-01,    1.2500e-01
1.1975e+01,    5.4868e-01,    1.2500e-01
1.2086e+01,    5.5089e-01,    1.2500e-01
1.2198e+01,    5.5310e-01,    1.2500e-01
1.2311e+01,    5.5529e-01,    1.2500e-01
1.2425e+01,    5.5748e-01,    1.2500e-01
1.2540e+01,    5.5966e-01,    1.2500e-01
1.2656e+01,    5.6183e-01,    1.2500e-01
1.2774e+01,    5.6399e-01,    1.2500e-01
1.2892e+01,    5.6614e-01,    1.2500e-01
1.3011e+01,    5.6829e-01,    1.2500e-01
1.3132e+01,    5.7042e-01,    1.2500e-01
1.3253e+01,    5.7254e-01,    1.2500e-01
1.3376e+01,    5.7466e-01,    1.2500e-01
1.3500e+01,    5.7677e-01,    1.2500e-01
1.3625e+01,    5.7887e-01,    1.2500e-01
1.3751e+01,    5.8095e-01,    1.2500e-01
1.3878e+01,    5.8303e-01,    1.2500e-01
1.4007e+01,    5.8510e-01,    1.2500e-01
1.4136e+01,    5.8716e-01,    1.2500e-01
1.4267e+01,    5.8921e-01,    1.2500e-01
1.4399e+01,    5.9126e-01,    1.2500e-01
1.4533e+01,    5.9329e-01,    1.2500e-01
1.4667e+01,    5.9531e-01,    1.2500e-01
1.4803e+01,    5.9732e-01,    1.2500e-01
1.4940e+01,    5.9933e-01,    1.2500e-01
1.5078e+01,    6.0132e-01,    1.2500e-01
1.5218e+01,    6.0331e-01,    1.2500e-01
1.5359e+01,    6.0528e-01,    1.2500e-01
1.5501e+01,    6.0725e-01,    1.2500e-01
1.5645e+01,    6.0920e-01,    1.2500e-01
1.5789e+01,    6.1115e-01,    1.2500e-01
1.5936e+01,    6.1309e-01,    1.2500e-01
1.6083e+01,    6.1502e-01,    1.2500e-01
1.6232e+01,    6.1694e-01,    1.2500e-01
1.6382e+01,    6.1884e-01,    1.2500e-01
1.6534e+01,    6.2074e-01,    1.2500e-01
1.6687e+01,    6.2263e-01,    1.2500e-01
1.6842e+01,    6.2451e-01,    1.2500e-01
1.6998e+01,    6.2639e-01,    1.2500e-01
1.7155e+01,    6.2825e-01,    1.2500e-01
1.7314e+01,    6.3010e-01,    1.2500e-01
1.7474e+01,    6.3194e-01,    1.2500e-01
1.7636e+01,    6.3378e-01,    1.2500e-01
1.7799e+01,    6.3560e-01,    1.2500e-01
1.7964e+01,    6.3742e-01,    1.2500e-01
1.8130e+01,    6.3922e-01,    1.2500e-01
1.8298e+01,    6.4102e-01,    1.2500e-01
1.8468e+01,    6.4281e-01,    1.2500e-01
1.8639e+01,    6.4458e-01,    1.2500e-01
1.8811e+01,    6.4635e-01,    1.2500e-01
1.8985e+01,    6.4811e-01,    1.2500e-01
1.9161e+01,    6.4986e-01,    1.2500e-01
1.9338e+01,    6.5160e-01,    1.2500e-01
1.9518e+01,    6.5334e-01,    1.2500e-01
1.9698e+01,    6.5506e-01,    1.2500e-01
1.9881e+01,    6.5677e-01,    1.2500e-01
2.0065e+01,    6.5848e-01,    1.2500e-01
2.0250e+01,    6.6018e-01,    1.2500e-01
2.0438e+01,    6.6186e-01,    1.2500e-01
2.0627e+01,    6.6354e-01,    1.2500e-01
2.0818e+01,    6.6521e-01,    1.2500e-01
2.1011e+01,    6.6687e-01,    1.2500e-01
2.1205e+01,    6.6853e-01,    1.2500e-01
2.1402e+01,    6.7017e-01,    1.2500e-01
2.1600e+01,    6.7181e-01,    1.2500e-01
2.1800e+01,    6.7343e-01,    1.2500e-01
2.2002e+01,    6.7505e-01,    1.2500e-01
2.2205e+01,    6.7666e-01,    1.2500e-01
2.2411e+01,    6.7826e-01,    1.2500e-01
2.2619e+01,    6.7985e-01,    1.2500e-01
2.2828e+01,    6.8144e-01,    1.2500e-01
2.3039e+01,    6.8301e-01,    1.2500e-01
2.3253e+01,    6.8458e-01,    1.2500e-01
2.3468e+01,    6.8614e-01,    1.2500e-01
2.3685e+01,    6.8769e-01,    1.2500e-01
2.3905e+01,    6.8924e-01,    1.2500e-01
2.4126e+01,    6.9077e-01,    1.2500e-01
2.4349e+01,    6.9230e-01,    1.2500e-01
2.4575e+01,    6.9382e-01,    1.2500e-01
2.4802e+01,    6.9533e-01,    1.2500e-01
2.5032e+01,    6.9683e-01,    1.2500e-01
2.5264e+01,    6.9832e-01,    1.2500e-01
2.5498e+01,    6.9981e-01,    1.2500e-01
2.5734e+01,    7.0129e-01,    1.2500e-01
2.5972e+01,    7.0276e-01,    1.2500e-01
2.6212e+01,    7.0422e-01,    1.2500e-01
2.6455e+01,    7.0568e-01,    1.2500e-01
2.6700e+01,    7.0713e-01,    1.2500e-01
2.6947e+01,    7.0857e-01,    1.2500e-01
2.7197e+01,    7.1000e-01,    1.2500e-01
2.7448e+01,    7.1143e-01,    1.2500e-01
2.7703e+01,    7.1284e-01,    1.2500e-01
2.7959e+01,    7.1426e-01,    1.2500e-01
2.8218e+01,    7.1566e-01,    1.2500e-01
2.8479e+01,    7.1705e-01,    1.2500e-01
2.8743e+01,    7.1844e-01,    1.2500e-01
2.9009e+01,    7.1982e-01,    1.2500e-01
2.9278e+01,    7.2120e-01,    1.2500e-01
2.9549e+01,    7.2256e-01,    1.2500e-01
2.9822e+01,    7.2392e-01,    1.2500e-01
3.0098e+01,    7.2528e-01,    1.2500e-01
3.0377e+01,    7.2662e-01,    1.2500e-01
3.0658e+01,    7.2796e-01,    1.2500e-01
3.0942e+01,    7.2929e-01,    1.2500e-01
3.1229e+01,    7.3061e-01,    1.2500e-01
3.1518e+01,    7.3193e-01,    1.2500e-01
3.1810e+01,    7.3324e-01,    1.2500e-01
3.2104e+01,    7.3455e-01,    1.2500e-01
3.2401e+01,    7.3584e-01,    1.2500e-01
3.2701e+01,    7.3713e-01,    1.2500e-01
3.3004e+01,    7.3842e-01,    1.2500e-01
3.3310e+01,    7.3969e-01,    1.2500e-01
3.3618e+01,    7.4096e-01,    1.2500e-01
3.3929e+01,    7.4223e-01,    1.2500e-01
3.4243e+01,    7.4349e-01,    1.2500e-01
3.4561e+01,    7.4474e-01,    1.2500e-01
3.4881e+01,    7.4598e-01,    1.2500e-01
3.5203e+01,    7.4722e-01,    1.2500e-01
3.5529e+01,    7.4845e-01,    1.2500e-01
3.5858e+01,    7.4967e-01,    1.2500e-01
3.6190e+01,    7.5089e-01,    1.2500e-01
3.6525e+01,    7.5210e-01,    1.2500e-01
3.6864e+01,    7.5331e-01,    1.2500e-01
3.7205e+01,    7.5451e-01,    1.2500e-01
3.7549e+01,    7.5570e-01,    1.2500e-01
3.7897e+01,    7.5689e-01,    1.2500e-01
3.8248e+01,    7.5807e-01,    1.2500e-01
3.8602e+01,    7.5925e-01,    1.2500e-01
3.8959e+01,    7.6042e-01,    1.2500e-01
3.9320e+01,    7.6158e-01,    1.2500e-01
3.9684e+01,    7.6274e-01,    1.2500e-01
4.0052e+01,    7.6389e-01,    1.2500e-01
4.0422e+01,    7.6504e-01,    1.2500e-01
4.0797e+01,    7.6618e-01,    1.2500e-01
4.1174e+01,    7.6731e-01,    1.2500e-01
4.1556e+01,    7.6844e-01,    1.2500e-01
4.1940e+01,    7.6956e-01,    1.2500e-01
4.2329e+01,    7.7068e-01,    1.2500e-01
4.2721e+01,    7.7179e-01,    1.2500e-01
4.3116e+01,    7.7289e-01,    1.2500e-01
4.3515e+01,    7.7399e-01,    1.2500e-01
4.3918e+01,    7.7509e-01,    1.2500e-01
4.4325e+01,    7.7617e-01,    1.2500e-01
4.4735e+01,    7.7726e-01,    1.2500e-01
4.5149e+01,    7.7833e-01,    1.2500e-01
4.5568e+01,    7.7941e-01,    1.2500e-01
4.5989e+01,    7.8047e-01,    1.2500e-01
4.6415e+01,    7.8153e-01,    1.2500e-01
4.6845e+01,    7.8259e-01,    1.2500e-01
4.7279e+01,    7.8364e-01,    1.2500e-01
4.7716e+01,    7.8468e-01,    1.2500e-01
4.8158e+01,    7.8572e-01,    1.2500e-01
4.8604e+01,    7.8676e-01,    1.2500e-01
4.9054e+01,    7.8779e-01,    1.2500e-01
4.9508e+01,    7.8881e-01,    1.2500e-01
4.9967e+01,    7.8983e-01,    1.2500e-01
5.0429e+01,    7.9084e-01,    1.2500e-01
5.0896e+01,    7.9185e-01,    1.2500e-01
5.1367e+01,    7.9286e-01,    1.2500e-01
5.1843e+01,    7.9385e-01,    1.2500e-01
5.2323e+01,    7.9485e-01,    1.2500e-01
5.2807e+01,    7.9584e-01,    1.2500e-01
5.3296e+01,    7.9682e-01,    1.2500e-01
5.3790e+01,    7.9780e-01,    1.2500e-01
5.4288e+01,    7.9877e-01,    1.2500e-01
5.4791e+01,    7.9974e-01,    1.2500e-01
5.5298e+01,    8.0070e-01,    1.2500e-01
5.5810e+01,    8.0166e-01,    1.2500e-01
5.6327e+01,    8.0262e-01,    1.2500e-01
5.6848e+01,    8.0357e-01,    1.2500e-01
5.7374e+01,    8.0451e-01,    1.2500e-01
5.7906e+01,    8.0545e-01,    1.2500e-01
5.8442e+01,    8.0639e-01,    1.2500e-01
5.8983e+01,    8.0732e-01,    1.2500e-01
5.9529e+01,    8.0824e-01,    1.2500e-01
6.0080e+01,    8.0916e-01,    1.2500e-01
6.0636e+01,    8.1008e-01,    1.2500e-01
6.1198e+01,    8.1099e-01,    1.2500e-01
6.1764e+01,    8.1190e-01,    1.2500e-01
6.2336e+01,    8.1280e-01,    1.2500e-01
6.2913e+01,    8.1370e-01,    1.2500e-01
6.3496e+01,    8.1459e-01,    1.2500e-01
6.4084e+01,    8.1548e-01,    1.2500e-01
6.4677e+01,    8.1637e-01,    1.2500e-01
6.5276e+01,    8.1725e-01,    1.2500e-01
6.5880e+01,    8.1812e-01,    1.2500e-01
6.6490e+01,    8.1899e-01,    1.2500e-01
6.7106e+01,    8.1986e-01,    1.2500e-01
6.7727e+01,    8.2073e-01,    1.2500e-01
6.8354e+01,    8.2158e-01,    1.2500e-01
6.8987e+01,    8.2244e-01,    1.2500e-01
6.9626e+01,    8.2329e-01,    1.2500e-01
7.0270e+01,    8.2413e-01,    1.2500e-01
7.0921e+01,    8.2498e-01,    1.2500e-01
7.1578e+01,    8.2581e-01,    1.2500e-01
7.2240e+01,    8.2665e-01,    1.2500e-01
7.2909e+01,    8.2748e-01,    1.2500e-01
7.3584e+01,    8.2830e-01,    1.2500e-01
7.4266e+01,    8.2912e-01,    1.2500e-01
7.4953e+01,    8.2994e-01,    1.2500e-01
7.5647e+01,    8.3075e-01,    1.2500e-01
7.6348e+01,    8.3156e-01,    1.2500e-01
7.7054e+01,    8.3237e-01,    1.2500e-01
7.7768e+01,    8.3317e-01,    1.2500e-01
7.8488e+01,    8.3396e-01,    1.2500e-01
7.9215e+01,    8.3476e-01,    1.2500e-01
7.9948e+01,    8.3555e-01,    1.2500e-01
8.0688e+01,    8.3633e-01,    1.2500e-01
8.1435e+01,    8.3711e-01,    1.2500e-01
8.2189e+01,    8.3789e-01,    1.2500e-01
8.2950e+01,    8.3866e-01,    1.2500e-01
8.3718e+01,    8.3943e-01,    1.2500e-01
8.4493e+01,    8.4020e-01,    1.2500e-01
8.5276e+01,    8.4096e-01,    1.2500e-01
8.6065e+01,    8.4172e-01,    1.2500e-01
8.6862e+01,    8.4247e-01,    1.2500e-01
8.7666e+01,    8.4323e-01,    1.2500e-01
8.8478e+01,    8.4397e-01,    1.2500e-01
8.9297e+01,    8.4472e-01,    1.2500e-01
9.0124e+01,    8.4546e-01,    1.2500e-01
9.0958e+01,    8.4619e-01,    1.2500e-01
9.1801e+01,    8.4693e-01,    1.2500e-01
9.2651e+01,    8.4765e-01,    1.2500e-01
9.3508e+01,    8.4838e-01,    1.2500e-01
9.4374e+01,    8.4910e-01,    1.2500e-01
9.5248e+01,    8.4982e-01,    1.2500e-01
9.6130e+01,    8.5053e-01,    1.2500e-01
9.7020e+01,    8.5125e-01,    1.2500e-01
9.7918e+01,    8.5195e-01,    1.2500e-01
9.8825e+01,    8.5266e-01,    1.2500e-01
9.9740e+01,    8.5336e-01,    1.2500e-01
1.0066e+02,    8.5406e-01,    1.2500e-01
1.0160e+02,    8.5475e-01,    1.2500e-01
1.0254e+02,    8.5544e-01,    1.2500e-01
1.0349e+02,    8.5613e-01,    1.2500e-01
1.0444e+02,    8.5681e-01,    1.2500e-01
1.0541e+02,    8.5749e-01,    1.2500e-01
1.0639e+02,    8.5817e-01,    1.2500e-01
1.0737e+02,    8.5884e-01,    1.2500e-01
1.0837e+02,    8.5951e-01,    1.2500e-01
1.0937e+02,    8.6018e-01,    1.2500e-01
1.1038e+02,    8.6084e-01,    1.2500e-01
1.1140e+02,    8.6151e-01,    1.2500e-01
1.1243e+02,    8.6216e-01,    1.2500e-01
1.1348e+02,    8.6282e-01,    1.2500e-01
1.1453e+02,    8.6347e-01,    1.2500e-01
1.1559e+02,    8.6412e-01,    1.2500e-01
1.1666e+02,    8.6476e-01,    1.2500e-01
1.1774e+02,    8.6540e-01,    1.2500e-01
1.1883e+02,    8.6604e-01,    1.2500e-01
1.1993e+02,    8.6668e-01,    1.2500e-01
1.2104e+02,    8.6731e-01,    1.2500e-01
1.2216e+02,    8.6794e-01,    1.2500e-01
1.2329e+02,    8.6856e-01,    1.2500e-01
1.2443e+02,    8.6919e-01,    1.2500e-01
1.2558e+02,    8.6981e-01,    1.2500e-01
1.2675e+02,    8.7042e-01,    1.2500e-01
1.2792e+02,    8.7104e-01,    1.2500e-01
1.2910e+02,    8.7165e-01,    1.2500e-01
1.3030e+02,    8.7226e-01,    1.2500e-01
1.3151e+02,    8.7286e-01,    1.2500e-01
1.3272e+02,    8.7346e-01,    1.2500e-01
1.3395e+02,    8.7406e-01,    1.2500e-01
1.3519e+02,    8.7466e-01,    1.2500e-01
1.3644e+02,    8.7525e-01,    1.2500e-01
1.3771e+02,    8.7584e-01,    1.2500e-01
1.3898e+02,    8.7643e-01,    1.2500e-01
1.4027e+02,    8.7701e-01,    1.2500e-01
1.4157e+02,    8.7760e-01,    1.2500e-01
1.4288e+02,    8.7818e-01,    1.2500e-01
1.4420e+02,    8.7875e-01,    1.2500e-01
1.4554e+02,    8.7932e-01,    1.2500e-01
1.4688e+02,    8.7990e-01,    1.2500e-01
1.4824e+02,    8.8046e-01,    1.2500e-01
1.4962e+02,    8.8103e-01,    1.2500e-01
1.5100e+02,    8.8159e-01,    1.2500e-01
1.5240e+02,    8.8215e-01,    1.2500e-01
1.5381e+02,    8.8271e-01,    1.2500e-01
1.5523e+02,    8.8326e-01,    1.2500e-01
1.5667e+02,    8.8381e-01,    1.2500e-01
1.5812e+02,    8.8436e-01,    1.2500e-01
1.5959e+02,    8.8491e-01,    1.2500e-01
1.6106e+02,    8.8545e-01,    1.2500e-01
1.6256e+02,    8.8599e-01,    1.2500e-01
1.6406e+02,    8.8653e-01,    1.2500e-01
1.6558e+02,    8.8707e-01,    1.2500e-01
1.6711e+02,    8.8760e-01,    1.2500e-01
1.6866e+02,    8.8813e-01,    1.2500e-01
1.7022e+02,    8.8866e-01,    1.2500e-01
1.7180e+02,    8.8918e-01,    1.2500e-01
1.7339e+02,    8.8971e-01,    1.2500e-01
1.7499e+02,    8.9023e-01,    1.2500e-01
1.7661e+02,    8.9074e-01,    1.2500e-01
1.7825e+02,    8.9126e-01,    1.2500e-01
1.7990e+02,    8.9177e-01,    1.2500e-01
1.8156e+02,    8.9228e-01,    1.2500e-01
1.8325e+02,    8.9279e-01,    1.2500e-01
1.8494e+02,    8.9330e-01,    1.2500e-01
1.8665e+02,    8.9380e-01,    1.2500e-01
1.8838e+02,    8.9430e-01,    1.2500e-01
1.9013e+02,    8.9480e-01,    1.2500e-01
1.9189e+02,    8.9529e-01,    1.2500e-01
1.9366e+02,    8.9579e-01,    1.2500e-01
1.9546e+02,    8.9628e-01,    1.2500e-01
1.9727e+02,    8.9677e-01,    1.2500e-01
1.9909e+02,    8.9725e-01,    1.2500e-01
2.0094e+02,    8.9774e-01,    1.2500e-01
2.0280e+02,    8.9822e-01,    1.2500e-01
2.0467e+02,    8.9870e-01,    1.2500e-01
2.0657e+02,    8.9917e-01,    1.2500e-01
2.0848e+02,    8.9965e-01,    1.2500e-01
2.1041e+02,    9.0012e-01,    1.2500e-01
2.1236e+02,    9.0059e-01,    1.2500e-01
2.1433e+02,    9.0106e-01,    1.2500e-01
2.1631e+02,    9.0153e-01,    1.2500e-01
2.1831e+02,    9.0199e-01,    1.2500e-01
2.2033e+02,    9.0245e-01,    1.2500e-01
2.2237e+02,    9.0291e-01,    1.2500e-01
2.2443e+02,    9.0337e-01,    1.2500e-01
2.2651e+02,    9.0382e-01,    1.2500e-01
2.2861e+02,    9.0427e-01,    1.2500e-01
2.3073e+02,    9.0472e-01,    1.2500e-01
2.3286e+02,    9.0517e-01,    1.2500e-01
2.3502e+02,    9.0562e-01,    1.2500e-01
2.3719e+02,    9.0606e-01,    1.2500e-01
2.3939e+02,    9.0650e-01,    1.2500e-01
2.4161e+02,    9.0694e-01,    1.2500e-01
2.4384e+02,    9.0738e-01,    1.2500e-01
2.4610e+02,    9.0781e-01,    1.2500e-01
2.4838e+02,    9.0825e-01,    1.2500e-01
2.5068e+02,    9.0868e-01,    1.2500e-01
2.5300e+02,    9.0911e-01,    1.2500e-01
2.5534e+02,    9.0953e-01,    1.2500e-01
2.5771e+02,    9.0996e-01,    1.2500e-01
2.6009e+02,    9.1038e-01,    1.2500e-01
2.6250e+02,    9.1080e-01,    1.2500e-01
2.6493e+02,    9.1122e-01,    1.2500e-01
2.6738e+02,    9.1164e-01,    1.2500e-01
2.6986e+02,    9.1205e-01,    1.2500e-01
2.7236e+02,    9.1247e-01,    1.2500e-01
2.7488e+02,    9.1288e-01,    1.2500e-01
2.7742e+02,    9.1329e-01,    1.2500e-01
2.7999e+02,    9.1369e-01,    1.2500e-01
2.8259e+02,    9.1410e-01,    1.2500e-01
2.8520e+02,    9.1450e-01,    1.2500e-01
2.8784e+02,    9.1490e-01,    1.2500e-01
2.9051e+02,    9.1530e-01,    1.2500e-01
2.9320e+02,    9.1570e-01,    1.2500e-01
2.9591e+02,    9.1609e-01,    1.2500e-01
2.9865e+02,    9.1649e-01,    1.2500e-01
3.0142e+02,    9.1688e-01,    1.2500e-01
3.0421e+02,    9.1727e-01,    1.2500e-01
3.0702e+02,    9.1766e-01,    1.2500e-01
3.0987e+02,    9.1804e-01,    1.2500e-01
3.1274e+02,    9.1843e-01,    1.2500e-01
3.1563e+02,    9.1881e-01,    1.2500e-01
3.1855e+02,    9.1919e-01,    1.2500e-01
3.2150e+02,    9.1957e-01,    1.2500e-01
3.2448e+02,    9.1994e-01,    1.2500e-01
3.2748e+02,    9.2032e-01,    1.2500e-01
3.3052e+02,    9.2069e-01,    1.2500e-01
3.3358e+02,    9.2106e-01,    1.2500e-01
3.3667e+02,    9.2143e-01,    1.2500e-01
3.3978e+02,    9.2180e-01,    1.2500e-01
3.4293e+02,    9.2217e-01,    1.2500e-01
3.4610e+02,    9.2253e-01,    1.2500e-01
3.4931e+02,    9.2290e-01,    1.2500e-01
3.5254e+02,    9.2326e-01,    1.2500e-01
3.5581e+02,    9.2362e-01,    1.2500e-01
3.5910e+02,    9.2397e-01,    1.2500e-01
3.6242e+02,    9.2433e-01,    1.2500e-01
3.6578e+02,    9.2468e-01,    1.2500e-01
3.6917e+02,    9.2504e-01,    1.2500e-01
3.7259e+02,    9.2539e-01,    1.2500e-01
3.7603e+02,    9.2574e-01,    1.2500e-01
3.7952e+02,    9.2608e-01,    1.2500e-01
3.8303e+02,    9.2643e-01,    1.2500e-01
3.8658e+02,    9.2677e-01,    1.2500e-01
3.9016e+02,    9.2712e-01,    1.2500e-01
3.9377e+02,    9.2746e-01,    1.2500e-01
3.9741e+02,    9.2780e-01,    1.2500e-01
4.0109e+02,    9.2813e-01,    1.2500e-01
4.0481e+02,    9.2847e-01,    1.2500e-01
4.0856e+02,    9.2881e-01,    1.2500e-01
4.1234e+02,    9.2914e-01,    1.2500e-01
4.1616e+02,    9.2947e-01,    1.2500e-01
4.2001e+02,    9.2980e-01,    1.2500e-01
4.2390e+02,    9.3013e-01,    1.2500e-01
4.2782e+02,    9.3045e-01,    1.2500e-01
4.3178e+02,    9.3078e-01,    1.2500e-01
4.3578e+02,    9.3110e-01,    1.2500e-01
4.3982e+02,    9.3142e-01,    1.2500e-01
4.4389e+02,    9.3175e-01,    1.2500e-01
4.4800e+02,    9.3206e-01,    1.2500e-01
4.5215e+02,    9.3238e-01,    1.2500e-01
4.5633e+02,    9.3270e-01,    1.2500e-01
4.6056e+02,    9.3301e-01,    1.2500e-01
