# Force βfL, Extension z/L, Persistence Length λ
1.0769e-02,    3.3086e-03,    4.0000e+00
1.0869e-02,    3.3392e-03,    4.0000e+00
1.0970e-02,    3.3700e-03,    4.0000e+00
1.1071e-02,    3.4011e-03,    4.0000e+00
1.1174e-02,    3.4326e-03,    4.0000e+00
1.1277e-02,    3.4645e-03,    4.0000e+00
1.1382e-02,    3.4966e-03,    4.0000e+00
1.1487e-02,    3.5289e-03,    4.0000e+00
1.1593e-02,    3.5616e-03,    4.0000e+00
1.1701e-02,    3.5947e-03,    4.0000e+00
1.1809e-02,    3.6278e-03,    4.0000e+00
1.1918e-02,    3.6614e-03,    4.0000e+00
1.2029e-02,    3.6952e-03,    4.0000e+00
1.2140e-02,    3.7295e-03,    4.0000e+00
1.2253e-02,    3.7642e-03,    4.0000e+00
1.2366e-02,    3.7989e-03,    4.0000e+00
1.2481e-02,    3.8340e-03,    4.0000e+00
1.2596e-02,    3.8695e-03,    4.0000e+00
1.2713e-02,    3.9054e-03,    4.0000e+00
1.2830e-02,    3.9416e-03,    4.0000e+00
1.2949e-02,    3.9780e-03,    4.0000e+00
1.3069e-02,    4.0148e-03,    4.0000e+00
1.3190e-02,    4.0521e-03,    4.0000e+00
1.3312e-02,    4.0896e-03,    4.0000e+00
1.3435e-02,    4.1274e-03,    4.0000e+00
1.3560e-02,    4.1657e-03,    4.0000e+00
1.3685e-02,    4.2043e-03,    4.0000e+00
1.3812e-02,    4.2430e-03,    4.0000e+00
1.3940e-02,    4.2824e-03,    4.0000e+00
1.4069e-02,    4.3222e-03,    4.0000e+00
1.4199e-02,    4.3621e-03,    4.0000e+00
1.4331e-02,    4.4025e-03,    4.0000e+00
1.4464e-02,    4.4432e-03,    4.0000e+00
1.4597e-02,    4.4844e-03,    4.0000e+00
1.4733e-02,    4.5259e-03,    4.0000e+00
1.4869e-02,    4.5678e-03,    4.0000e+00
1.5007e-02,    4.6101e-03,    4.0000e+00
1.5146e-02,    4.6528e-03,    4.0000e+00
1.5286e-02,    4.6959e-03,    4.0000e+00
1.5427e-02,    4.7394e-03,    4.0000e+00
1.5570e-02,    4.7833e-03,    4.0000e+00
1.5714e-02,    4.8274e-03,    4.0000e+00
1.5860e-02,    4.8722e-03,    4.0000e+00
1.6007e-02,    4.9173e-03,    4.0000e+00
1.6155e-02,    4.9629e-03,    4.0000e+00
1.6304e-02,    5.0088e-03,    4.0000e+00
1.6455e-02,    5.0550e-03,    4.0000e+00
1.6608e-02,    5.1019e-03,    4.0000e+00
1.6762e-02,    5.1493e-03,    4.0000e+00
1.6917e-02,    5.1970e-03,    4.0000e+00
1.7073e-02,    5.2450e-03,    4.0000e+00
1.7231e-02,    5.2934e-03,    4.0000e+00
1.7391e-02,    5.3425e-03,    4.0000e+00
1.7552e-02,    5.3921e-03,    4.0000e+00
1.7714e-02,    5.4420e-03,    4.0000e+00
1.7879e-02,    5.4923e-03,    4.0000e+00
1.8044e-02,    5.5432e-03,    4.0000e+00
1.8211e-02,    5.5945e-03,    4.0000e+00
1.8380e-02,    5.6462e-03,    4.0000e+00
1.8550e-02,    5.6986e-03,    4.0000e+00
1.8722e-02,    5.7513e-03,    4.0000e+00
1.8895e-02,    5.8045e-03,    4.0000e+00
1.9070e-02,    5.8583e-03,    4.0000e+00
1.9246e-02,    5.9125e-03,    4.0000e+00
1.9425e-02,    5.9673e-03,    4.0000e+00
1.9605e-02,    6.0226e-03,    4.0000e+00
1.9786e-02,    6.0783e-03,    4.0000e+00
1.9969e-02,    6.1347e-03,    4.0000e+00
2.0154e-02,    6.1914e-03,    4.0000e+00
2.0341e-02,    6.2486e-03,    4.0000e+00
2.0529e-02,    6.3065e-03,    4.0000e+00
2.0719e-02,    6.3649e-03,    4.0000e+00
2.0911e-02,    6.4238e-03,    4.0000e+00
2.1105e-02,    6.4833e-03,    4.0000e+00
2.1300e-02,    6.5433e-03,    4.0000e+00
2.1497e-02,    6.6039e-03,    4.0000e+00
2.1696e-02,    6.6650e-03,    4.0000e+00
2.1897e-02,    6.7268e-03,    4.0000e+00
2.2100e-02,    6.7890e-03,    4.0000e+00
2.2304e-02,    6.8518e-03,    4.0000e+00
2.2511e-02,    6.9153e-03,    4.0000e+00
2.2719e-02,    6.9794e-03,    4.0000e+00
2.2930e-02,    7.0439e-03,    4.0000e+00
2.3142e-02,    7.1091e-03,    4.0000e+00
2.3356e-02,    7.1750e-03,    4.0000e+00
2.3573e-02,    7.2415e-03,    4.0000e+00
2.3791e-02,    7.3084e-03,    4.0000e+00
2.4011e-02,    7.3761e-03,    4.0000e+00
2.4233e-02,    7.4445e-03,    4.0000e+00
2.4458e-02,    7.5133e-03,    4.0000e+00
2.4684e-02,    7.5828e-03,    4.0000e+00
2.4913e-02,    7.6531e-03,    4.0000e+00
2.5143e-02,    7.7240e-03,    4.0000e+00
2.5376e-02,    7.7954e-03,    4.0000e+00
2.5611e-02,    7.8676e-03,    4.0000e+00
2.5848e-02,    7.9404e-03,    4.0000e+00
2.6088e-02,    8.0140e-03,    4.0000e+00
2.6329e-02,    8.0882e-03,    4.0000e+00
2.6573e-02,    8.1630e-03,    4.0000e+00
2.6819e-02,    8.2386e-03,    4.0000e+00
2.7067e-02,    8.3149e-03,    4.0000e+00
2.7318e-02,    8.3919e-03,    4.0000e+00
2.7571e-02,    8.4696e-03,    4.0000e+00
2.7826e-02,    8.5479e-03,    4.0000e+00
2.8084e-02,    8.6271e-03,    4.0000e+00
2.8344e-02,    8.7070e-03,    4.0000e+00
2.8606e-02,    8.7876e-03,    4.0000e+00
2.8871e-02,    8.8689e-03,    4.0000e+00
2.9138e-02,    8.9510e-03,    4.0000e+00
2.9408e-02,    9.0340e-03,    4.0000e+00
2.9680e-02,    9.1176e-03,    4.0000e+00
2.9955e-02,    9.2019e-03,    4.0000e+00
3.0232e-02,    9.2871e-03,    4.0000e+00
3.0512e-02,    9.3731e-03,    4.0000e+00
3.0795e-02,    9.4599e-03,    4.0000e+00
3.1080e-02,    9.5475e-03,    4.0000e+00
3.1368e-02,    9.6359e-03,    4.0000e+00
3.1658e-02,    9.7250e-03,    4.0000e+00
3.1951e-02,    9.8151e-03,    4.0000e+00
3.2247e-02,    9.9060e-03,    4.0000e+00
3.2546e-02,    9.9976e-03,    4.0000e+00
3.2847e-02,    1.0090e-02,    4.0000e+00
3.3151e-02,    1.0184e-02,    4.0000e+00
3.3458e-02,    1.0278e-02,    4.0000e+00
3.3768e-02,    1.0373e-02,    4.0000e+00
3.4081e-02,    1.0469e-02,    4.0000e+00
3.4396e-02,    1.0566e-02,    4.0000e+00
3.4715e-02,    1.0664e-02,    4.0000e+00
3.5036e-02,    1.0762e-02,    4.0000e+00
3.5360e-02,    1.0862e-02,    4.0000e+00
3.5688e-02,    1.0963e-02,    4.0000e+00
3.6018e-02,    1.1064e-02,    4.0000e+00
3.6352e-02,    1.1167e-02,    4.0000e+00
3.6688e-02,    1.1270e-02,    4.0000e+00
3.7028e-02,    1.1374e-02,    4.0000e+00
3.7371e-02,    1.1480e-02,    4.0000e+00
3.7717e-02,    1.1586e-02,    4.0000e+00
3.8066e-02,    1.1693e-02,    4.0000e+00
3.8418e-02,    1.1801e-02,    4.0000e+00
3.8774e-02,    1.1911e-02,    4.0000e+00
3.9133e-02,    1.2021e-02,    4.0000e+00
3.9495e-02,    1.2132e-02,    4.0000e+00
3.9861e-02,    1.2244e-02,    4.0000e+00
4.0230e-02,    1.2358e-02,    4.0000e+00
4.0603e-02,    1.2472e-02,    4.0000e+00
4.0979e-02,    1.2588e-02,    4.0000e+00
4.1358e-02,    1.2704e-02,    4.0000e+00
4.1741e-02,    1.2822e-02,    4.0000e+00
4.2127e-02,    1.2940e-02,    4.0000e+00
4.2517e-02,    1.3060e-02,    4.0000e+00
4.2911e-02,    1.3181e-02,    4.0000e+00
4.3308e-02,    1.3303e-02,    4.0000e+00
4.3709e-02,    1.3426e-02,    4.0000e+00
4.4114e-02,    1.3551e-02,    4.0000e+00
4.4522e-02,    1.3676e-02,    4.0000e+00
4.4935e-02,    1.3803e-02,    4.0000e+00
4.5351e-02,    1.3930e-02,    4.0000e+00
4.5771e-02,    1.4059e-02,    4.0000e+00
4.6194e-02,    1.4189e-02,    4.0000e+00
4.6622e-02,    1.4321e-02,    4.0000e+00
4.7054e-02,    1.4453e-02,    4.0000e+00
4.7489e-02,    1.4587e-02,    4.0000e+00
4.7929e-02,    1.4722e-02,    4.0000e+00
4.8373e-02,    1.4858e-02,    4.0000e+00
4.8821e-02,    1.4996e-02,    4.0000e+00
4.9273e-02,    1.5135e-02,    4.0000e+00
4.9729e-02,    1.5275e-02,    4.0000e+00
5.0189e-02,    1.5416e-02,    4.0000e+00
5.0654e-02,    1.5559e-02,    4.0000e+00
5.1123e-02,    1.5703e-02,    4.0000e+00
5.1596e-02,    1.5848e-02,    4.0000e+00
5.2074e-02,    1.5995e-02,    4.0000e+00
5.2556e-02,    1.6143e-02,    4.0000e+00
5.3043e-02,    1.6292e-02,    4.0000e+00
5.3534e-02,    1.6443e-02,    4.0000e+00
5.4030e-02,    1.6595e-02,    4.0000e+00
5.4530e-02,    1.6749e-02,    4.0000e+00
5.5035e-02,    1.6904e-02,    4.0000e+00
5.5544e-02,    1.7060e-02,    4.0000e+00
5.6059e-02,    1.7218e-02,    4.0000e+00
5.6578e-02,    1.7378e-02,    4.0000e+00
5.7101e-02,    1.7538e-02,    4.0000e+00
5.7630e-02,    1.7701e-02,    4.0000e+00
5.8164e-02,    1.7865e-02,    4.0000e+00
5.8702e-02,    1.8030e-02,    4.0000e+00
5.9246e-02,    1.8197e-02,    4.0000e+00
5.9794e-02,    1.8365e-02,    4.0000e+00
6.0348e-02,    1.8535e-02,    4.0000e+00
6.0907e-02,    1.8707e-02,    4.0000e+00
6.1470e-02,    1.8880e-02,    4.0000e+00
6.2040e-02,    1.9055e-02,    4.0000e+00
6.2614e-02,    1.9231e-02,    4.0000e+00
6.3194e-02,    1.9409e-02,    4.0000e+00
6.3779e-02,    1.9588e-02,    4.0000e+00
6.4369e-02,    1.9770e-02,    4.0000e+00
6.4965e-02,    1.9953e-02,    4.0000e+00
6.5567e-02,    2.0137e-02,    4.0000e+00
6.6174e-02,    2.0324e-02,    4.0000e+00
6.6787e-02,    2.0512e-02,    4.0000e+00
6.7405e-02,    2.0702e-02,    4.0000e+00
6.8029e-02,    2.0893e-02,    4.0000e+00
6.8659e-02,    2.1086e-02,    4.0000e+00
6.9295e-02,    2.1282e-02,    4.0000e+00
6.9936e-02,    2.1478e-02,    4.0000e+00
7.0584e-02,    2.1677e-02,    4.0000e+00
7.1237e-02,    2.1878e-02,    4.0000e+00
7.1897e-02,    2.2080e-02,    4.0000e+00
7.2562e-02,    2.2285e-02,    4.0000e+00
7.3234e-02,    2.2491e-02,    4.0000e+00
7.3912e-02,    2.2699e-02,    4.0000e+00
7.4597e-02,    2.2909e-02,    4.0000e+00
7.5287e-02,    2.3121e-02,    4.0000e+00
7.5984e-02,    2.3335e-02,    4.0000e+00
7.6688e-02,    2.3551e-02,    4.0000e+00
7.7398e-02,    2.3769e-02,    4.0000e+00
7.8114e-02,    2.3988e-02,    4.0000e+00
7.8838e-02,    2.4210e-02,    4.0000e+00
7.9568e-02,    2.4434e-02,    4.0000e+00
8.0304e-02,    2.4660e-02,    4.0000e+00
8.1048e-02,    2.4889e-02,    4.0000e+00
8.1798e-02,    2.5119e-02,    4.0000e+00
8.2556e-02,    2.5351e-02,    4.0000e+00
8.3320e-02,    2.5586e-02,    4.0000e+00
8.4091e-02,    2.5822e-02,    4.0000e+00
8.4870e-02,    2.6061e-02,    4.0000e+00
8.5656e-02,    2.6302e-02,    4.0000e+00
8.6449e-02,    2.6546e-02,    4.0000e+00
8.7249e-02,    2.6791e-02,    4.0000e+00
8.8057e-02,    2.7039e-02,    4.0000e+00
8.8872e-02,    2.7289e-02,    4.0000e+00
8.9695e-02,    2.7541e-02,    4.0000e+00
9.0526e-02,    2.7796e-02,    4.0000e+00
9.1364e-02,    2.8053e-02,    4.0000e+00
9.2210e-02,    2.8313e-02,    4.0000e+00
9.3063e-02,    2.8575e-02,    4.0000e+00
9.3925e-02,    2.8839e-02,    4.0000e+00
9.4795e-02,    2.9106e-02,    4.0000e+00
9.5672e-02,    2.9375e-02,    4.0000e+00
9.6558e-02,    2.9647e-02,    4.0000e+00
9.7452e-02,    2.9921e-02,    4.0000e+00
9.8354e-02,    3.0197e-02,    4.0000e+00
9.9265e-02,    3.0477e-02,    4.0000e+00
1.0018e-01,    3.0758e-02,    4.0000e+00
1.0111e-01,    3.1043e-02,    4.0000e+00
1.0205e-01,    3.1330e-02,    4.0000e+00
1.0299e-01,    3.1620e-02,    4.0000e+00
1.0395e-01,    3.1912e-02,    4.0000e+00
1.0491e-01,    3.2207e-02,    4.0000e+00
1.0588e-01,    3.2505e-02,    4.0000e+00
1.0686e-01,    3.2805e-02,    4.0000e+00
1.0785e-01,    3.3109e-02,    4.0000e+00
1.0885e-01,    3.3415e-02,    4.0000e+00
1.0986e-01,    3.3724e-02,    4.0000e+00
1.1087e-01,    3.4035e-02,    4.0000e+00
1.1190e-01,    3.4350e-02,    4.0000e+00
1.1294e-01,    3.4668e-02,    4.0000e+00
1.1398e-01,    3.4988e-02,    4.0000e+00
1.1504e-01,    3.5312e-02,    4.0000e+00
1.1610e-01,    3.5638e-02,    4.0000e+00
1.1718e-01,    3.5967e-02,    4.0000e+00
1.1826e-01,    3.6300e-02,    4.0000e+00
1.1936e-01,    3.6635e-02,    4.0000e+00
1.2046e-01,    3.6974e-02,    4.0000e+00
1.2158e-01,    3.7316e-02,    4.0000e+00
1.2270e-01,    3.7661e-02,    4.0000e+00
1.2384e-01,    3.8009e-02,    4.0000e+00
1.2499e-01,    3.8360e-02,    4.0000e+00
1.2614e-01,    3.8714e-02,    4.0000e+00
1.2731e-01,    3.9072e-02,    4.0000e+00
1.2849e-01,    3.9433e-02,    4.0000e+00
1.2968e-01,    3.9797e-02,    4.0000e+00
1.3088e-01,    4.0165e-02,    4.0000e+00
1.3209e-01,    4.0536e-02,    4.0000e+00
1.3331e-01,    4.0911e-02,    4.0000e+00
1.3455e-01,    4.1289e-02,    4.0000e+00
1.3579e-01,    4.1670e-02,    4.0000e+00
1.3705e-01,    4.2055e-02,    4.0000e+00
1.3832e-01,    4.2443e-02,    4.0000e+00
1.3960e-01,    4.2836e-02,    4.0000e+00
1.4089e-01,    4.3231e-02,    4.0000e+00
1.4220e-01,    4.3630e-02,    4.0000e+00
1.4351e-01,    4.4033e-02,    4.0000e+00
1.4484e-01,    4.4440e-02,    4.0000e+00
1.4618e-01,    4.4850e-02,    4.0000e+00
1.4754e-01,    4.5265e-02,    4.0000e+00
1.4890e-01,    4.5683e-02,    4.0000e+00
1.5028e-01,    4.6104e-02,    4.0000e+00
1.5167e-01,    4.6530e-02,    4.0000e+00
1.5308e-01,    4.6960e-02,    4.0000e+00
1.5450e-01,    4.7393e-02,    4.0000e+00
1.5593e-01,    4.7831e-02,    4.0000e+00
1.5737e-01,    4.8272e-02,    4.0000e+00
1.5883e-01,    4.8718e-02,    4.0000e+00
1.6030e-01,    4.9167e-02,    4.0000e+00
1.6178e-01,    4.9621e-02,    4.0000e+00
1.6328e-01,    5.0079e-02,    4.0000e+00
1.6479e-01,    5.0541e-02,    4.0000e+00
1.6632e-01,    5.1008e-02,    4.0000e+00
1.6786e-01,    5.1478e-02,    4.0000e+00
1.6941e-01,    5.1953e-02,    4.0000e+00
1.7098e-01,    5.2432e-02,    4.0000e+00
1.7256e-01,    5.2916e-02,    4.0000e+00
1.7416e-01,    5.3404e-02,    4.0000e+00
1.7577e-01,    5.3897e-02,    4.0000e+00
1.7740e-01,    5.4394e-02,    4.0000e+00
1.7904e-01,    5.4896e-02,    4.0000e+00
1.8070e-01,    5.5402e-02,    4.0000e+00
1.8237e-01,    5.5913e-02,    4.0000e+00
1.8406e-01,    5.6428e-02,    4.0000e+00
1.8577e-01,    5.6949e-02,    4.0000e+00
1.8749e-01,    5.7474e-02,    4.0000e+00
1.8922e-01,    5.8003e-02,    4.0000e+00
1.9097e-01,    5.8538e-02,    4.0000e+00
1.9274e-01,    5.9078e-02,    4.0000e+00
1.9453e-01,    5.9622e-02,    4.0000e+00
1.9633e-01,    6.0172e-02,    4.0000e+00
1.9815e-01,    6.0726e-02,    4.0000e+00
1.9998e-01,    6.1286e-02,    4.0000e+00
2.0183e-01,    6.1850e-02,    4.0000e+00
2.0370e-01,    6.2420e-02,    4.0000e+00
2.0559e-01,    6.2995e-02,    4.0000e+00
2.0749e-01,    6.3575e-02,    4.0000e+00
2.0941e-01,    6.4161e-02,    4.0000e+00
2.1135e-01,    6.4751e-02,    4.0000e+00
2.1331e-01,    6.5348e-02,    4.0000e+00
2.1528e-01,    6.5949e-02,    4.0000e+00
2.1727e-01,    6.6556e-02,    4.0000e+00
2.1929e-01,    6.7169e-02,    4.0000e+00
2.2132e-01,    6.7787e-02,    4.0000e+00
2.2337e-01,    6.8411e-02,    4.0000e+00
2.2543e-01,    6.9041e-02,    4.0000e+00
2.2752e-01,    6.9676e-02,    4.0000e+00
2.2963e-01,    7.0317e-02,    4.0000e+00
2.3175e-01,    7.0964e-02,    4.0000e+00
2.3390e-01,    7.1616e-02,    4.0000e+00
2.3607e-01,    7.2275e-02,    4.0000e+00
2.3825e-01,    7.2939e-02,    4.0000e+00
2.4046e-01,    7.3610e-02,    4.0000e+00
2.4268e-01,    7.4287e-02,    4.0000e+00
2.4493e-01,    7.4969e-02,    4.0000e+00
2.4720e-01,    7.5658e-02,    4.0000e+00
2.4949e-01,    7.6354e-02,    4.0000e+00
2.5180e-01,    7.7055e-02,    4.0000e+00
2.5413e-01,    7.7763e-02,    4.0000e+00
2.5648e-01,    7.8477e-02,    4.0000e+00
2.5886e-01,    7.9198e-02,    4.0000e+00
2.6125e-01,    7.9925e-02,    4.0000e+00
2.6367e-01,    8.0659e-02,    4.0000e+00
2.6611e-01,    8.1399e-02,    4.0000e+00
2.6858e-01,    8.2147e-02,    4.0000e+00
2.7106e-01,    8.2900e-02,    4.0000e+00
2.7357e-01,    8.3661e-02,    4.0000e+00
2.7610e-01,    8.4428e-02,    4.0000e+00
2.7866e-01,    8.5203e-02,    4.0000e+00
2.8124e-01,    8.5984e-02,    4.0000e+00
2.8385e-01,    8.6772e-02,    4.0000e+00
2.8647e-01,    8.7568e-02,    4.0000e+00
2.8913e-01,    8.8370e-02,    4.0000e+00
2.9180e-01,    8.9180e-02,    4.0000e+00
2.9450e-01,    8.9997e-02,    4.0000e+00
2.9723e-01,    9.0822e-02,    4.0000e+00
2.9998e-01,    9.1653e-02,    4.0000e+00
3.0276e-01,    9.2493e-02,    4.0000e+00
3.0556e-01,    9.3339e-02,    4.0000e+00
3.0839e-01,    9.4194e-02,    4.0000e+00
3.1125e-01,    9.5056e-02,    4.0000e+00
3.1413e-01,    9.5925e-02,    4.0000e+00
3.1704e-01,    9.6803e-02,    4.0000e+00
3.1997e-01,    9.7688e-02,    4.0000e+00
3.2294e-01,    9.8581e-02,    4.0000e+00
3.2593e-01,    9.9482e-02,    4.0000e+00
3.2894e-01,    1.0039e-01,    4.0000e+00
3.3199e-01,    1.0131e-01,    4.0000e+00
3.3506e-01,    1.0223e-01,    4.0000e+00
3.3817e-01,    1.0317e-01,    4.0000e+00
3.4130e-01,    1.0411e-01,    4.0000e+00
3.4446e-01,    1.0506e-01,    4.0000e+00
3.4765e-01,    1.0602e-01,    4.0000e+00
3.5086e-01,    1.0698e-01,    4.0000e+00
3.5411e-01,    1.0796e-01,    4.0000e+00
3.5739e-01,    1.0894e-01,    4.0000e+00
3.6070e-01,    1.0994e-01,    4.0000e+00
3.6404e-01,    1.1094e-01,    4.0000e+00
3.6741e-01,    1.1195e-01,    4.0000e+00
3.7081e-01,    1.1297e-01,    4.0000e+00
3.7425e-01,    1.1400e-01,    4.0000e+00
3.7771e-01,    1.1503e-01,    4.0000e+00
3.8121e-01,    1.1608e-01,    4.0000e+00
3.8474e-01,    1.1714e-01,    4.0000e+00
3.8830e-01,    1.1820e-01,    4.0000e+00
3.9189e-01,    1.1928e-01,    4.0000e+00
3.9552e-01,    1.2036e-01,    4.0000e+00
3.9919e-01,    1.2145e-01,    4.0000e+00
4.0288e-01,    1.2256e-01,    4.0000e+00
4.0661e-01,    1.2367e-01,    4.0000e+00
4.1038e-01,    1.2479e-01,    4.0000e+00
4.1418e-01,    1.2592e-01,    4.0000e+00
4.1801e-01,    1.2706e-01,    4.0000e+00
4.2188e-01,    1.2821e-01,    4.0000e+00
4.2579e-01,    1.2938e-01,    4.0000e+00
4.2973e-01,    1.3055e-01,    4.0000e+00
4.3371e-01,    1.3173e-01,    4.0000e+00
4.3772e-01,    1.3292e-01,    4.0000e+00
4.4178e-01,    1.3412e-01,    4.0000e+00
4.4587e-01,    1.3534e-01,    4.0000e+00
4.4999e-01,    1.3656e-01,    4.0000e+00
4.5416e-01,    1.3779e-01,    4.0000e+00
4.5837e-01,    1.3904e-01,    4.0000e+00
4.6261e-01,    1.4029e-01,    4.0000e+00
4.6689e-01,    1.4155e-01,    4.0000e+00
4.7122e-01,    1.4283e-01,    4.0000e+00
4.7558e-01,    1.4412e-01,    4.0000e+00
4.7998e-01,    1.4542e-01,    4.0000e+00
4.8443e-01,    1.4672e-01,    4.0000e+00
4.8891e-01,    1.4804e-01,    4.0000e+00
4.9344e-01,    1.4938e-01,    4.0000e+00
4.9801e-01,    1.5072e-01,    4.0000e+00
5.0262e-01,    1.5207e-01,    4.0000e+00
5.0727e-01,    1.5344e-01,    4.0000e+00
5.1197e-01,    1.5481e-01,    4.0000e+00
5.1671e-01,    1.5620e-01,    4.0000e+00
5.2149e-01,    1.5760e-01,    4.0000e+00
5.2632e-01,    1.5901e-01,    4.0000e+00
5.3119e-01,    1.6044e-01,    4.0000e+00
5.3611e-01,    1.6187e-01,    4.0000e+00
5.4107e-01,    1.6332e-01,    4.0000e+00
5.4608e-01,    1.6478e-01,    4.0000e+00
5.5114e-01,    1.6625e-01,    4.0000e+00
5.5624e-01,    1.6773e-01,    4.0000e+00
5.6139e-01,    1.6923e-01,    4.0000e+00
5.6659e-01,    1.7073e-01,    4.0000e+00
5.7184e-01,    1.7225e-01,    4.0000e+00
5.7713e-01,    1.7379e-01,    4.0000e+00
5.8247e-01,    1.7533e-01,    4.0000e+00
5.8787e-01,    1.7689e-01,    4.0000e+00
5.9331e-01,    1.7846e-01,    4.0000e+00
5.9880e-01,    1.8004e-01,    4.0000e+00
6.0435e-01,    1.8164e-01,    4.0000e+00
6.0994e-01,    1.8325e-01,    4.0000e+00
6.1559e-01,    1.8487e-01,    4.0000e+00
6.2129e-01,    1.8650e-01,    4.0000e+00
6.2704e-01,    1.8815e-01,    4.0000e+00
6.3285e-01,    1.8981e-01,    4.0000e+00
6.3871e-01,    1.9148e-01,    4.0000e+00
6.4462e-01,    1.9317e-01,    4.0000e+00
6.5059e-01,    1.9487e-01,    4.0000e+00
6.5661e-01,    1.9659e-01,    4.0000e+00
6.6269e-01,    1.9831e-01,    4.0000e+00
6.6883e-01,    2.0005e-01,    4.0000e+00
6.7502e-01,    2.0181e-01,    4.0000e+00
6.8127e-01,    2.0358e-01,    4.0000e+00
6.8758e-01,    2.0536e-01,    4.0000e+00
6.9394e-01,    2.0715e-01,    4.0000e+00
7.0037e-01,    2.0896e-01,    4.0000e+00
7.0685e-01,    2.1079e-01,    4.0000e+00
7.1340e-01,    2.1262e-01,    4.0000e+00
7.2000e-01,    2.1448e-01,    4.0000e+00
7.2667e-01,    2.1634e-01,    4.0000e+00
7.3340e-01,    2.1822e-01,    4.0000e+00
7.4019e-01,    2.2011e-01,    4.0000e+00
7.4704e-01,    2.2202e-01,    4.0000e+00
7.5396e-01,    2.2394e-01,    4.0000e+00
7.6094e-01,    2.2588e-01,    4.0000e+00
7.6798e-01,    2.2783e-01,    4.0000e+00
7.7509e-01,    2.2980e-01,    4.0000e+00
7.8227e-01,    2.3177e-01,    4.0000e+00
7.8951e-01,    2.3377e-01,    4.0000e+00
7.9682e-01,    2.3578e-01,    4.0000e+00
8.0420e-01,    2.3780e-01,    4.0000e+00
8.1165e-01,    2.3984e-01,    4.0000e+00
8.1916e-01,    2.4189e-01,    4.0000e+00
8.2675e-01,    2.4396e-01,    4.0000e+00
8.3440e-01,    2.4604e-01,    4.0000e+00
8.4213e-01,    2.4813e-01,    4.0000e+00
8.4992e-01,    2.5024e-01,    4.0000e+00
8.5779e-01,    2.5237e-01,    4.0000e+00
8.6573e-01,    2.5451e-01,    4.0000e+00
8.7375e-01,    2.5666e-01,    4.0000e+00
8.8184e-01,    2.5883e-01,    4.0000e+00
8.9000e-01,    2.6102e-01,    4.0000e+00
8.9824e-01,    2.6322e-01,    4.0000e+00
9.0656e-01,    2.6543e-01,    4.0000e+00
9.1495e-01,    2.6766e-01,    4.0000e+00
9.2343e-01,    2.6990e-01,    4.0000e+00
9.3198e-01,    2.7216e-01,    4.0000e+00
9.4060e-01,    2.7443e-01,    4.0000e+00
9.4931e-01,    2.7672e-01,    4.0000e+00
9.5810e-01,    2.7902e-01,    4.0000e+00
9.6697e-01,    2.8134e-01,    4.0000e+00
9.7593e-01,    2.8367e-01,    4.0000e+00
9.8496e-01,    2.8602e-01,    4.0000e+00
9.9408e-01,    2.8838e-01,    4.0000e+00
1.0033e+00,    2.9076e-01,    4.0000e+00
1.0126e+00,    2.9315e-01,    4.0000e+00
1.0219e+00,    2.9556e-01,    4.0000e+00
1.0314e+00,    2.9798e-01,    4.0000e+00
1.0410e+00,    3.0041e-01,    4.0000e+00
1.0506e+00,    3.0286e-01,    4.0000e+00
1.0603e+00,    3.0532e-01,    4.0000e+00
1.0701e+00,    3.0780e-01,    4.0000e+00
1.0801e+00,    3.1030e-01,    4.0000e+00
1.0901e+00,    3.1280e-01,    4.0000e+00
1.1001e+00,    3.1532e-01,    4.0000e+00
1.1103e+00,    3.1786e-01,    4.0000e+00
1.1206e+00,    3.2041e-01,    4.0000e+00
1.1310e+00,    3.2297e-01,    4.0000e+00
1.1415e+00,    3.2555e-01,    4.0000e+00
1.1520e+00,    3.2814e-01,    4.0000e+00
1.1627e+00,    3.3075e-01,    4.0000e+00
1.1735e+00,    3.3336e-01,    4.0000e+00
1.1843e+00,    3.3600e-01,    4.0000e+00
1.1953e+00,    3.3864e-01,    4.0000e+00
1.2064e+00,    3.4130e-01,    4.0000e+00
1.2175e+00,    3.4397e-01,    4.0000e+00
1.2288e+00,    3.4666e-01,    4.0000e+00
1.2402e+00,    3.4936e-01,    4.0000e+00
1.2517e+00,    3.5207e-01,    4.0000e+00
1.2632e+00,    3.5479e-01,    4.0000e+00
1.2749e+00,    3.5753e-01,    4.0000e+00
1.2867e+00,    3.6028e-01,    4.0000e+00
1.2987e+00,    3.6304e-01,    4.0000e+00
1.3107e+00,    3.6582e-01,    4.0000e+00
1.3228e+00,    3.6860e-01,    4.0000e+00
1.3351e+00,    3.7140e-01,    4.0000e+00
1.3474e+00,    3.7421e-01,    4.0000e+00
1.3599e+00,    3.7703e-01,    4.0000e+00
1.3725e+00,    3.7986e-01,    4.0000e+00
1.3852e+00,    3.8271e-01,    4.0000e+00
1.3980e+00,    3.8556e-01,    4.0000e+00
1.4110e+00,    3.8843e-01,    4.0000e+00
1.4240e+00,    3.9130e-01,    4.0000e+00
1.4372e+00,    3.9419e-01,    4.0000e+00
1.4505e+00,    3.9709e-01,    4.0000e+00
1.4640e+00,    4.0000e-01,    4.0000e+00
1.4775e+00,    4.0291e-01,    4.0000e+00
1.4912e+00,    4.0584e-01,    4.0000e+00
1.5050e+00,    4.0877e-01,    4.0000e+00
1.5189e+00,    4.1172e-01,    4.0000e+00
1.5330e+00,    4.1467e-01,    4.0000e+00
1.5472e+00,    4.1764e-01,    4.0000e+00
1.5615e+00,    4.2061e-01,    4.0000e+00
1.5760e+00,    4.2359e-01,    4.0000e+00
1.5906e+00,    4.2657e-01,    4.0000e+00
1.6053e+00,    4.2957e-01,    4.0000e+00
1.6201e+00,    4.3257e-01,    4.0000e+00
1.6351e+00,    4.3558e-01,    4.0000e+00
1.6503e+00,    4.3860e-01,    4.0000e+00
1.6656e+00,    4.4162e-01,    4.0000e+00
1.6810e+00,    4.4465e-01,    4.0000e+00
1.6966e+00,    4.4769e-01,    4.0000e+00
1.7123e+00,    4.5073e-01,    4.0000e+00
1.7281e+00,    4.5377e-01,    4.0000e+00
1.7441e+00,    4.5682e-01,    4.0000e+00
1.7603e+00,    4.5988e-01,    4.0000e+00
1.7766e+00,    4.6294e-01,    4.0000e+00
1.7930e+00,    4.6601e-01,    4.0000e+00
1.8096e+00,    4.6908e-01,    4.0000e+00
1.8264e+00,    4.7215e-01,    4.0000e+00
1.8433e+00,    4.7523e-01,    4.0000e+00
1.8603e+00,    4.7830e-01,    4.0000e+00
1.8776e+00,    4.8139e-01,    4.0000e+00
1.8949e+00,    4.8447e-01,    4.0000e+00
1.9125e+00,    4.8756e-01,    4.0000e+00
1.9302e+00,    4.9064e-01,    4.0000e+00
1.9481e+00,    4.9373e-01,    4.0000e+00
1.9661e+00,    4.9682e-01,    4.0000e+00
1.9843e+00,    4.9991e-01,    4.0000e+00
2.0027e+00,    5.0300e-01,    4.0000e+00
2.0212e+00,    5.0609e-01,    4.0000e+00
2.0399e+00,    5.0918e-01,    4.0000e+00
2.0588e+00,    5.1227e-01,    4.0000e+00
2.0779e+00,    5.1536e-01,    4.0000e+00
2.0971e+00,    5.1845e-01,    4.0000e+00
2.1165e+00,    5.2153e-01,    4.0000e+00
2.1361e+00,    5.2461e-01,    4.0000e+00
2.1559e+00,    5.2769e-01,    4.0000e+00
2.1759e+00,    5.3077e-01,    4.0000e+00
2.1960e+00,    5.3384e-01,    4.0000e+00
2.2164e+00,    5.3691e-01,    4.0000e+00
2.2369e+00,    5.3998e-01,    4.0000e+00
2.2576e+00,    5.4304e-01,    4.0000e+00
2.2785e+00,    5.4610e-01,    4.0000e+00
2.2996e+00,    5.4915e-01,    4.0000e+00
2.3209e+00,    5.5220e-01,    4.0000e+00
2.3424e+00,    5.5524e-01,    4.0000e+00
2.3641e+00,    5.5827e-01,    4.0000e+00
2.3859e+00,    5.6130e-01,    4.0000e+00
2.4080e+00,    5.6433e-01,    4.0000e+00
2.4303e+00,    5.6734e-01,    4.0000e+00
2.4528e+00,    5.7035e-01,    4.0000e+00
2.4755e+00,    5.7335e-01,    4.0000e+00
2.4985e+00,    5.7634e-01,    4.0000e+00
2.5216e+00,    5.7932e-01,    4.0000e+00
2.5449e+00,    5.8230e-01,    4.0000e+00
2.5685e+00,    5.8526e-01,    4.0000e+00
2.5923e+00,    5.8822e-01,    4.0000e+00
2.6163e+00,    5.9117e-01,    4.0000e+00
2.6405e+00,    5.9410e-01,    4.0000e+00
2.6650e+00,    5.9703e-01,    4.0000e+00
2.6896e+00,    5.9994e-01,    4.0000e+00
2.7145e+00,    6.0285e-01,    4.0000e+00
2.7397e+00,    6.0574e-01,    4.0000e+00
2.7650e+00,    6.0863e-01,    4.0000e+00
2.7906e+00,    6.1150e-01,    4.0000e+00
2.8165e+00,    6.1436e-01,    4.0000e+00
2.8425e+00,    6.1720e-01,    4.0000e+00
2.8689e+00,    6.2004e-01,    4.0000e+00
2.8954e+00,    6.2286e-01,    4.0000e+00
2.9222e+00,    6.2567e-01,    4.0000e+00
2.9493e+00,    6.2846e-01,    4.0000e+00
2.9766e+00,    6.3124e-01,    4.0000e+00
3.0042e+00,    6.3401e-01,    4.0000e+00
3.0320e+00,    6.3677e-01,    4.0000e+00
3.0600e+00,    6.3951e-01,    4.0000e+00
3.0884e+00,    6.4223e-01,    4.0000e+00
3.1170e+00,    6.4494e-01,    4.0000e+00
3.1458e+00,    6.4764e-01,    4.0000e+00
3.1750e+00,    6.5032e-01,    4.0000e+00
3.2043e+00,    6.5299e-01,    4.0000e+00
3.2340e+00,    6.5564e-01,    4.0000e+00
3.2640e+00,    6.5828e-01,    4.0000e+00
3.2942e+00,    6.6090e-01,    4.0000e+00
3.3247e+00,    6.6350e-01,    4.0000e+00
3.3555e+00,    6.6609e-01,    4.0000e+00
3.3865e+00,    6.6866e-01,    4.0000e+00
3.4179e+00,    6.7122e-01,    4.0000e+00
3.4495e+00,    6.7376e-01,    4.0000e+00
3.4815e+00,    6.7628e-01,    4.0000e+00
3.5137e+00,    6.7879e-01,    4.0000e+00
3.5462e+00,    6.8128e-01,    4.0000e+00
3.5791e+00,    6.8376e-01,    4.0000e+00
3.6122e+00,    6.8622e-01,    4.0000e+00
3.6456e+00,    6.8866e-01,    4.0000e+00
3.6794e+00,    6.9108e-01,    4.0000e+00
3.7135e+00,    6.9349e-01,    4.0000e+00
3.7478e+00,    6.9588e-01,    4.0000e+00
3.7826e+00,    6.9825e-01,    4.0000e+00
3.8176e+00,    7.0061e-01,    4.0000e+00
3.8529e+00,    7.0295e-01,    4.0000e+00
3.8886e+00,    7.0527e-01,    4.0000e+00
3.9246e+00,    7.0758e-01,    4.0000e+00
3.9609e+00,    7.0986e-01,    4.0000e+00
3.9976e+00,    7.1213e-01,    4.0000e+00
4.0346e+00,    7.1439e-01,    4.0000e+00
4.0720e+00,    7.1662e-01,    4.0000e+00
4.1097e+00,    7.1884e-01,    4.0000e+00
4.1477e+00,    7.2105e-01,    4.0000e+00
4.1861e+00,    7.2323e-01,    4.0000e+00
4.2249e+00,    7.2540e-01,    4.0000e+00
4.2640e+00,    7.2755e-01,    4.0000e+00
4.3035e+00,    7.2968e-01,    4.0000e+00
4.3433e+00,    7.3180e-01,    4.0000e+00
4.3835e+00,    7.3390e-01,    4.0000e+00
4.4241e+00,    7.3598e-01,    4.0000e+00
4.4651e+00,    7.3805e-01,    4.0000e+00
4.5064e+00,    7.4010e-01,    4.0000e+00
4.5481e+00,    7.4213e-01,    4.0000e+00
4.5903e+00,    7.4414e-01,    4.0000e+00
4.6328e+00,    7.4614e-01,    4.0000e+00
4.6757e+00,    7.4812e-01,    4.0000e+00
4.7189e+00,    7.5009e-01,    4.0000e+00
4.7626e+00,    7.5204e-01,    4.0000e+00
4.8067e+00,    7.5397e-01,    4.0000e+00
4.8512e+00,    7.5589e-01,    4.0000e+00
4.8962e+00,    7.5779e-01,    4.0000e+00
4.9415e+00,    7.5967e-01,    4.0000e+00
4.9872e+00,    7.6154e-01,    4.0000e+00
5.0334e+00,    7.6339e-01,    4.0000e+00
5.0800e+00,    7.6523e-01,    4.0000e+00
5.1270e+00,    7.6705e-01,    4.0000e+00
5.1745e+00,    7.6886e-01,    4.0000e+00
5.2224e+00,    7.7065e-01,    4.0000e+00
5.2708e+00,    7.7242e-01,    4.0000e+00
5.3196e+00,    7.7418e-01,    4.0000e+00
5.3688e+00,    7.7592e-01,    4.0000e+00
5.4185e+00,    7.7765e-01,    4.0000e+00
5.4687e+00,    7.7936e-01,    4.0000e+00
5.5193e+00,    7.8106e-01,    4.0000e+00
5.5704e+00,    7.8275e-01,    4.0000e+00
5.6220e+00,    7.8442e-01,    4.0000e+00
5.6741e+00,    7.8607e-01,    4.0000e+00
5.7266e+00,    7.8771e-01,    4.0000e+00
5.7796e+00,    7.8934e-01,    4.0000e+00
5.8331e+00,    7.9095e-01,    4.0000e+00
5.8871e+00,    7.9255e-01,    4.0000e+00
5.9417e+00,    7.9413e-01,    4.0000e+00
5.9967e+00,    7.9570e-01,    4.0000e+00
6.0522e+00,    7.9725e-01,    4.0000e+00
6.1082e+00,    7.9880e-01,    4.0000e+00
6.1648e+00,    8.0033e-01,    4.0000e+00
6.2219e+00,    8.0184e-01,    4.0000e+00
6.2795e+00,    8.0334e-01,    4.0000e+00
6.3376e+00,    8.0483e-01,    4.0000e+00
6.3963e+00,    8.0631e-01,    4.0000e+00
6.4555e+00,    8.0777e-01,    4.0000e+00
6.5153e+00,    8.0922e-01,    4.0000e+00
6.5756e+00,    8.1066e-01,    4.0000e+00
6.6365e+00,    8.1208e-01,    4.0000e+00
6.6979e+00,    8.1349e-01,    4.0000e+00
6.7599e+00,    8.1489e-01,    4.0000e+00
6.8225e+00,    8.1628e-01,    4.0000e+00
6.8857e+00,    8.1766e-01,    4.0000e+00
6.9494e+00,    8.1902e-01,    4.0000e+00
7.0138e+00,    8.2037e-01,    4.0000e+00
7.0787e+00,    8.2171e-01,    4.0000e+00
7.1443e+00,    8.2304e-01,    4.0000e+00
7.2104e+00,    8.2435e-01,    4.0000e+00
7.2772e+00,    8.2566e-01,    4.0000e+00
7.3445e+00,    8.2695e-01,    4.0000e+00
7.4125e+00,    8.2823e-01,    4.0000e+00
7.4812e+00,    8.2950e-01,    4.0000e+00
7.5504e+00,    8.3076e-01,    4.0000e+00
7.6203e+00,    8.3201e-01,    4.0000e+00
7.6909e+00,    8.3325e-01,    4.0000e+00
7.7621e+00,    8.3447e-01,    4.0000e+00
7.8340e+00,    8.3569e-01,    4.0000e+00
7.9065e+00,    8.3689e-01,    4.0000e+00
7.9797e+00,    8.3809e-01,    4.0000e+00
8.0536e+00,    8.3927e-01,    4.0000e+00
8.1282e+00,    8.4045e-01,    4.0000e+00
8.2034e+00,    8.4161e-01,    4.0000e+00
8.2794e+00,    8.4276e-01,    4.0000e+00
8.3560e+00,    8.4391e-01,    4.0000e+00
8.4334e+00,    8.4504e-01,    4.0000e+00
8.5115e+00,    8.4616e-01,    4.0000e+00
8.5903e+00,    8.4728e-01,    4.0000e+00
8.6698e+00,    8.4838e-01,    4.0000e+00
8.7501e+00,    8.4948e-01,    4.0000e+00
8.8311e+00,    8.5056e-01,    4.0000e+00
8.9129e+00,    8.5164e-01,    4.0000e+00
8.9954e+00,    8.5271e-01,    4.0000e+00
9.0787e+00,    8.5376e-01,    4.0000e+00
9.1627e+00,    8.5481e-01,    4.0000e+00
9.2476e+00,    8.5585e-01,    4.0000e+00
9.3332e+00,    8.5688e-01,    4.0000e+00
9.4196e+00,    8.5790e-01,    4.0000e+00
9.5068e+00,    8.5891e-01,    4.0000e+00
9.5948e+00,    8.5992e-01,    4.0000e+00
9.6837e+00,    8.6091e-01,    4.0000e+00
9.7733e+00,    8.6190e-01,    4.0000e+00
9.8638e+00,    8.6288e-01,    4.0000e+00
9.9551e+00,    8.6385e-01,    4.0000e+00
1.0047e+01,    8.6481e-01,    4.0000e+00
1.0140e+01,    8.6576e-01,    4.0000e+00
1.0234e+01,    8.6671e-01,    4.0000e+00
1.0329e+01,    8.6765e-01,    4.0000e+00
1.0425e+01,    8.6858e-01,    4.0000e+00
1.0521e+01,    8.6950e-01,    4.0000e+00
1.0619e+01,    8.7041e-01,    4.0000e+00
1.0717e+01,    8.7132e-01,    4.0000e+00
1.0816e+01,    8.7222e-01,    4.0000e+00
1.0916e+01,    8.7311e-01,    4.0000e+00
1.1017e+01,    8.7399e-01,    4.0000e+00
1.1119e+01,    8.7486e-01,    4.0000e+00
1.1222e+01,    8.7573e-01,    4.0000e+00
1.1326e+01,    8.7659e-01,    4.0000e+00
1.1431e+01,    8.7745e-01,    4.0000e+00
1.1537e+01,    8.7829e-01,    4.0000e+00
1.1644e+01,    8.7913e-01,    4.0000e+00
1.1751e+01,    8.7996e-01,    4.0000e+00
1.1860e+01,    8.8079e-01,    4.0000e+00
1.1970e+01,    8.8161e-01,    4.0000e+00
1.2081e+01,    8.8242e-01,    4.0000e+00
1.2193e+01,    8.8322e-01,    4.0000e+00
1.2306e+01,    8.8402e-01,    4.0000e+00
1.2420e+01,    8.8481e-01,    4.0000e+00
1.2535e+01,    8.8560e-01,    4.0000e+00
1.2651e+01,    8.8638e-01,    4.0000e+00
1.2768e+01,    8.8715e-01,    4.0000e+00
1.2886e+01,    8.8791e-01,    4.0000e+00
1.3005e+01,    8.8867e-01,    4.0000e+00
1.3126e+01,    8.8943e-01,    4.0000e+00
1.3247e+01,    8.9017e-01,    4.0000e+00
1.3370e+01,    8.9091e-01,    4.0000e+00
1.3494e+01,    8.9165e-01,    4.0000e+00
1.3619e+01,    8.9237e-01,    4.0000e+00
1.3745e+01,    8.9310e-01,    4.0000e+00
1.3872e+01,    8.9381e-01,    4.0000e+00
1.4000e+01,    8.9452e-01,    4.0000e+00
1.4130e+01,    8.9523e-01,    4.0000e+00
1.4261e+01,    8.9593e-01,    4.0000e+00
1.4393e+01,    8.9662e-01,    4.0000e+00
1.4526e+01,    8.9731e-01,    4.0000e+00
1.4661e+01,    8.9799e-01,    4.0000e+00
1.4796e+01,    8.9866e-01,    4.0000e+00
1.4933e+01,    8.9934e-01,    4.0000e+00
1.5072e+01,    9.0000e-01,    4.0000e+00
1.5211e+01,    9.0066e-01,    4.0000e+00
1.5352e+01,    9.0131e-01,    4.0000e+00
1.5494e+01,    9.0196e-01,    4.0000e+00
1.5638e+01,    9.0261e-01,    4.0000e+00
1.5782e+01,    9.0325e-01,    4.0000e+00
1.5929e+01,    9.0388e-01,    4.0000e+00
1.6076e+01,    9.0451e-01,    4.0000e+00
1.6225e+01,    9.0513e-01,    4.0000e+00
1.6375e+01,    9.0575e-01,    4.0000e+00
1.6527e+01,    9.0636e-01,    4.0000e+00
1.6680e+01,    9.0697e-01,    4.0000e+00
1.6834e+01,    9.0758e-01,    4.0000e+00
1.6990e+01,    9.0818e-01,    4.0000e+00
1.7147e+01,    9.0877e-01,    4.0000e+00
1.7306e+01,    9.0936e-01,    4.0000e+00
1.7466e+01,    9.0994e-01,    4.0000e+00
1.7628e+01,    9.1052e-01,    4.0000e+00
1.7791e+01,    9.1110e-01,    4.0000e+00
1.7956e+01,    9.1167e-01,    4.0000e+00
1.8122e+01,    9.1224e-01,    4.0000e+00
1.8290e+01,    9.1280e-01,    4.0000e+00
1.8459e+01,    9.1336e-01,    4.0000e+00
1.8630e+01,    9.1391e-01,    4.0000e+00
1.8803e+01,    9.1446e-01,    4.0000e+00
1.8977e+01,    9.1501e-01,    4.0000e+00
1.9152e+01,    9.1555e-01,    4.0000e+00
1.9330e+01,    9.1608e-01,    4.0000e+00
1.9509e+01,    9.1661e-01,    4.0000e+00
1.9689e+01,    9.1714e-01,    4.0000e+00
1.9872e+01,    9.1767e-01,    4.0000e+00
2.0056e+01,    9.1819e-01,    4.0000e+00
2.0241e+01,    9.1870e-01,    4.0000e+00
2.0429e+01,    9.1921e-01,    4.0000e+00
2.0618e+01,    9.1972e-01,    4.0000e+00
2.0809e+01,    9.2023e-01,    4.0000e+00
2.1001e+01,    9.2073e-01,    4.0000e+00
2.1196e+01,    9.2122e-01,    4.0000e+00
2.1392e+01,    9.2171e-01,    4.0000e+00
2.1590e+01,    9.2220e-01,    4.0000e+00
2.1790e+01,    9.2269e-01,    4.0000e+00
2.1992e+01,    9.2317e-01,    4.0000e+00
2.2196e+01,    9.2365e-01,    4.0000e+00
2.2401e+01,    9.2412e-01,    4.0000e+00
2.2608e+01,    9.2459e-01,    4.0000e+00
2.2818e+01,    9.2506e-01,    4.0000e+00
2.3029e+01,    9.2552e-01,    4.0000e+00
2.3242e+01,    9.2598e-01,    4.0000e+00
2.3457e+01,    9.2644e-01,    4.0000e+00
2.3675e+01,    9.2689e-01,    4.0000e+00
2.3894e+01,    9.2734e-01,    4.0000e+00
2.4115e+01,    9.2779e-01,    4.0000e+00
2.4338e+01,    9.2823e-01,    4.0000e+00
2.4564e+01,    9.2867e-01,    4.0000e+00
2.4791e+01,    9.2911e-01,    4.0000e+00
2.5021e+01,    9.2954e-01,    4.0000e+00
2.5252e+01,    9.2997e-01,    4.0000e+00
2.5486e+01,    9.3040e-01,    4.0000e+00
2.5722e+01,    9.3082e-01,    4.0000e+00
2.5960e+01,    9.3124e-01,    4.0000e+00
2.6201e+01,    9.3166e-01,    4.0000e+00
2.6443e+01,    9.3207e-01,    4.0000e+00
2.6688e+01,    9.3249e-01,    4.0000e+00
2.6935e+01,    9.3289e-01,    4.0000e+00
2.7184e+01,    9.3330e-01,    4.0000e+00
2.7436e+01,    9.3370e-01,    4.0000e+00
2.7690e+01,    9.3410e-01,    4.0000e+00
2.7947e+01,    9.3450e-01,    4.0000e+00
2.8205e+01,    9.3489e-01,    4.0000e+00
2.8466e+01,    9.3528e-01,    4.0000e+00
2.8730e+01,    9.3567e-01,    4.0000e+00
2.8996e+01,    9.3606e-01,    4.0000e+00
2.9264e+01,    9.3644e-01,    4.0000e+00
2.9535e+01,    9.3682e-01,    4.0000e+00
2.9809e+01,    9.3720e-01,    4.0000e+00
3.0085e+01,    9.3757e-01,    4.0000e+00
3.0363e+01,    9.3794e-01,    4.0000e+00
3.0645e+01,    9.3831e-01,    4.0000e+00
3.0928e+01,    9.3868e-01,    4.0000e+00
3.1215e+01,    9.3904e-01,    4.0000e+00
3.1504e+01,    9.3940e-01,    4.0000e+00
3.1795e+01,    9.3976e-01,    4.0000e+00
3.2090e+01,    9.4012e-01,    4.0000e+00
3.2387e+01,    9.4047e-01,    4.0000e+00
3.2687e+01,    9.4082e-01,    4.0000e+00
3.2989e+01,    9.4117e-01,    4.0000e+00
3.3295e+01,    9.4152e-01,    4.0000e+00
3.3603e+01,    9.4186e-01,    4.0000e+00
3.3914e+01,    9.4220e-01,    4.0000e+00
3.4228e+01,    9.4254e-01,    4.0000e+00
3.4545e+01,    9.4288e-01,    4.0000e+00
3.4865e+01,    9.4321e-01,    4.0000e+00
3.5188e+01,    9.4355e-01,    4.0000e+00
3.5513e+01,    9.4387e-01,    4.0000e+00
3.5842e+01,    9.4420e-01,    4.0000e+00
3.6174e+01,    9.4453e-01,    4.0000e+00
3.6509e+01,    9.4485e-01,    4.0000e+00
3.6847e+01,    9.4517e-01,    4.0000e+00
3.7188e+01,    9.4549e-01,    4.0000e+00
3.7533e+01,    9.4581e-01,    4.0000e+00
3.7880e+01,    9.4612e-01,    4.0000e+00
3.8231e+01,    9.4643e-01,    4.0000e+00
3.8585e+01,    9.4674e-01,    4.0000e+00
3.8942e+01,    9.4705e-01,    4.0000e+00
3.9302e+01,    9.4736e-01,    4.0000e+00
3.9666e+01,    9.4766e-01,    4.0000e+00
4.0034e+01,    9.4796e-01,    4.0000e+00
4.0404e+01,    9.4826e-01,    4.0000e+00
4.0778e+01,    9.4856e-01,    4.0000e+00
4.1156e+01,    9.4886e-01,    4.0000e+00
4.1537e+01,    9.4915e-01,    4.0000e+00
4.1922e+01,    9.4944e-01,    4.0000e+00
4.2310e+01,    9.4973e-01,    4.0000e+00
4.2701e+01,    9.5002e-01,    4.0000e+00
4.3097e+01,    9.5030e-01,    4.0000e+00
4.3496e+01,    9.5059e-01,    4.0000e+00
4.3899e+01,    9.5087e-01,    4.0000e+00
4.4305e+01,    9.5115e-01,    4.0000e+00
4.4715e+01,    9.5143e-01,    4.0000e+00
4.5129e+01,    9.5171e-01,    4.0000e+00
4.5547e+01,    9.5198e-01,    4.0000e+00
4.5969e+01,    9.5225e-01,    4.0000e+00
4.6394e+01,    9.5253e-01,    4.0000e+00
4.6824e+01,    9.5279e-01,    4.0000e+00
4.7257e+01,    9.5306e-01,    4.0000e+00
4.7695e+01,    9.5333e-01,    4.0000e+00
4.8137e+01,    9.5359e-01,    4.0000e+00
4.8582e+01,    9.5386e-01,    4.0000e+00
4.9032e+01,    9.5412e-01,    4.0000e+00
4.9486e+01,    9.5437e-01,    4.0000e+00
4.9944e+01,    9.5463e-01,    4.0000e+00
5.0407e+01,    9.5489e-01,    4.0000e+00
5.0873e+01,    9.5514e-01,    4.0000e+00
5.1344e+01,    9.5539e-01,    4.0000e+00
5.1820e+01,    9.5565e-01,    4.0000e+00
5.2300e+01,    9.5589e-01,    4.0000e+00
5.2784e+01,    9.5614e-01,    4.0000e+00
5.3272e+01,    9.5639e-01,    4.0000e+00
5.3766e+01,    9.5663e-01,    4.0000e+00
5.4263e+01,    9.5688e-01,    4.0000e+00
5.4766e+01,    9.5712e-01,    4.0000e+00
5.5273e+01,    9.5736e-01,    4.0000e+00
5.5785e+01,    9.5759e-01,    4.0000e+00
5.6301e+01,    9.5783e-01,    4.0000e+00
5.6822e+01,    9.5807e-01,    4.0000e+00
5.7349e+01,    9.5830e-01,    4.0000e+00
5.7880e+01,    9.5853e-01,    4.0000e+00
5.8415e+01,    9.5876e-01,    4.0000e+00
5.8956e+01,    9.5899e-01,    4.0000e+00
5.9502e+01,    9.5922e-01,    4.0000e+00
6.0053e+01,    9.5945e-01,    4.0000e+00
6.0609e+01,    9.5967e-01,    4.0000e+00
6.1170e+01,    9.5990e-01,    4.0000e+00
6.1737e+01,    9.6012e-01,    4.0000e+00
6.2308e+01,    9.6034e-01,    4.0000e+00
6.2885e+01,    9.6056e-01,    4.0000e+00
6.3467e+01,    9.6078e-01,    4.0000e+00
6.4055e+01,    9.6099e-01,    4.0000e+00
6.4648e+01,    9.6121e-01,    4.0000e+00
6.5247e+01,    9.6142e-01,    4.0000e+00
6.5851e+01,    9.6163e-01,    4.0000e+00
6.6460e+01,    9.6185e-01,    4.0000e+00
6.7076e+01,    9.6206e-01,    4.0000e+00
6.7697e+01,    9.6226e-01,    4.0000e+00
6.8324e+01,    9.6247e-01,    4.0000e+00
6.8956e+01,    9.6268e-01,    4.0000e+00
6.9595e+01,    9.6288e-01,    4.0000e+00
7.0239e+01,    9.6309e-01,    4.0000e+00
7.0889e+01,    9.6329e-01,    4.0000e+00
7.1546e+01,    9.6349e-01,    4.0000e+00
7.2208e+01,    9.6369e-01,    4.0000e+00
7.2877e+01,    9.6389e-01,    4.0000e+00
7.3551e+01,    9.6409e-01,    4.0000e+00
7.4232e+01,    9.6428e-01,    4.0000e+00
7.4920e+01,    9.6448e-01,    4.0000e+00
7.5613e+01,    9.6467e-01,    4.0000e+00
7.6313e+01,    9.6486e-01,    4.0000e+00
7.7020e+01,    9.6505e-01,    4.0000e+00
7.7733e+01,    9.6525e-01,    4.0000e+00
7.8453e+01,    9.6543e-01,    4.0000e+00
7.9179e+01,    9.6562e-01,    4.0000e+00
7.9912e+01,    9.6581e-01,    4.0000e+00
8.0652e+01,    9.6599e-01,    4.0000e+00
8.1399e+01,    9.6618e-01,    4.0000e+00
8.2152e+01,    9.6636e-01,    4.0000e+00
8.2913e+01,    9.6655e-01,    4.0000e+00
8.3681e+01,    9.6673e-01,    4.0000e+00
8.4455e+01,    9.6691e-01,    4.0000e+00
8.5237e+01,    9.6709e-01,    4.0000e+00
8.6027e+01,    9.6726e-01,    4.0000e+00
8.6823e+01,    9.6744e-01,    4.0000e+00
8.7627e+01,    9.6762e-01,    4.0000e+00
8.8438e+01,    9.6779e-01,    4.0000e+00
8.9257e+01,    9.6797e-01,    4.0000e+00
9.0083e+01,    9.6814e-01,    4.0000e+00
9.0918e+01,    9.6831e-01,    4.0000e+00
9.1759e+01,    9.6848e-01,    4.0000e+00
9.2609e+01,    9.6865e-01,    4.0000e+00
9.3466e+01,    9.6882e-01,    4.0000e+00
9.4332e+01,    9.6899e-01,    4.0000e+00
9.5205e+01,    9.6915e-01,    4.0000e+00
9.6087e+01,    9.6932e-01,    4.0000e+00
9.6976e+01,    9.6948e-01,    4.0000e+00
9.7874e+01,    9.6965e-01,    4.0000e+00
9.8780e+01,    9.6981e-01,    4.0000e+00
9.9695e+01,    9.6997e-01,    4.0000e+00
1.0062e+02,    9.7013e-01,    4.0000e+00
1.0155e+02,    9.7029e-01,    4.0000e+00
1.0249e+02,    9.7045e-01,    4.0000e+00
1.0344e+02,    9.7061e-01,    4.0000e+00
1.0440e+02,    9.7077e-01,    4.0000e+00
1.0536e+02,    9.7092e-01,    4.0000e+00
1.0634e+02,    9.7108e-01,    4.0000e+00
1.0732e+02,    9.7123e-01,    4.0000e+00
1.0832e+02,    9.7139e-01,    4.0000e+00
1.0932e+02,    9.7154e-01,    4.0000e+00
