# Force βfL, Extension z/L, Persistence Length λ
1.0133e-02,    3.3084e-03,    1.6000e+01
1.0227e-02,    3.3389e-03,    1.6000e+01
1.0322e-02,    3.3700e-03,    1.6000e+01
1.0417e-02,    3.4013e-03,    1.6000e+01
1.0514e-02,    3.4328e-03,    1.6000e+01
1.0611e-02,    3.4645e-03,    1.6000e+01
1.0709e-02,    3.4964e-03,    1.6000e+01
1.0809e-02,    3.5288e-03,    1.6000e+01
1.0909e-02,    3.5615e-03,    1.6000e+01
1.1010e-02,    3.5946e-03,    1.6000e+01
1.1112e-02,    3.6279e-03,    1.6000e+01
1.1214e-02,    3.6615e-03,    1.6000e+01
1.1318e-02,    3.6954e-03,    1.6000e+01
1.1423e-02,    3.7295e-03,    1.6000e+01
1.1529e-02,    3.7641e-03,    1.6000e+01
1.1636e-02,    3.7988e-03,    1.6000e+01
1.1743e-02,    3.8340e-03,    1.6000e+01
1.1852e-02,    3.8696e-03,    1.6000e+01
1.1962e-02,    3.9054e-03,    1.6000e+01
1.2072e-02,    3.9416e-03,    1.6000e+01
1.2184e-02,    3.9782e-03,    1.6000e+01
1.2297e-02,    4.0149e-03,    1.6000e+01
1.2411e-02,    4.0520e-03,    1.6000e+01
1.2526e-02,    4.0896e-03,    1.6000e+01
1.2642e-02,    4.1276e-03,    1.6000e+01
1.2759e-02,    4.1657e-03,    1.6000e+01
1.2877e-02,    4.2042e-03,    1.6000e+01
1.2996e-02,    4.2432e-03,    1.6000e+01
1.3117e-02,    4.2824e-03,    1.6000e+01
1.3238e-02,    4.3220e-03,    1.6000e+01
1.3361e-02,    4.3621e-03,    1.6000e+01
1.3484e-02,    4.4025e-03,    1.6000e+01
1.3609e-02,    4.4432e-03,    1.6000e+01
1.3735e-02,    4.4844e-03,    1.6000e+01
1.3862e-02,    4.5259e-03,    1.6000e+01
1.3991e-02,    4.5679e-03,    1.6000e+01
1.4120e-02,    4.6102e-03,    1.6000e+01
1.4251e-02,    4.6528e-03,    1.6000e+01
1.4383e-02,    4.6958e-03,    1.6000e+01
1.4516e-02,    4.7392e-03,    1.6000e+01
1.4650e-02,    4.7833e-03,    1.6000e+01
1.4786e-02,    4.8276e-03,    1.6000e+01
1.4923e-02,    4.8722e-03,    1.6000e+01
1.5061e-02,    4.9173e-03,    1.6000e+01
1.5201e-02,    4.9628e-03,    1.6000e+01
1.5341e-02,    5.0088e-03,    1.6000e+01
1.5483e-02,    5.0552e-03,    1.6000e+01
1.5627e-02,    5.1020e-03,    1.6000e+01
1.5771e-02,    5.1492e-03,    1.6000e+01
1.5917e-02,    5.1968e-03,    1.6000e+01
1.6065e-02,    5.2449e-03,    1.6000e+01
1.6213e-02,    5.2936e-03,    1.6000e+01
1.6364e-02,    5.3426e-03,    1.6000e+01
1.6515e-02,    5.3921e-03,    1.6000e+01
1.6668e-02,    5.4419e-03,    1.6000e+01
1.6822e-02,    5.4923e-03,    1.6000e+01
1.6978e-02,    5.5431e-03,    1.6000e+01
1.7135e-02,    5.5945e-03,    1.6000e+01
1.7294e-02,    5.6463e-03,    1.6000e+01
1.7454e-02,    5.6985e-03,    1.6000e+01
1.7616e-02,    5.7513e-03,    1.6000e+01
1.7779e-02,    5.8047e-03,    1.6000e+01
1.7943e-02,    5.8583e-03,    1.6000e+01
1.8109e-02,    5.9125e-03,    1.6000e+01
1.8277e-02,    5.9673e-03,    1.6000e+01
1.8446e-02,    6.0225e-03,    1.6000e+01
1.8617e-02,    6.0783e-03,    1.6000e+01
1.8790e-02,    6.1347e-03,    1.6000e+01
1.8964e-02,    6.1913e-03,    1.6000e+01
1.9139e-02,    6.2486e-03,    1.6000e+01
1.9316e-02,    6.3065e-03,    1.6000e+01
1.9495e-02,    6.3649e-03,    1.6000e+01
1.9676e-02,    6.4239e-03,    1.6000e+01
1.9858e-02,    6.4834e-03,    1.6000e+01
2.0042e-02,    6.5433e-03,    1.6000e+01
2.0227e-02,    6.6039e-03,    1.6000e+01
2.0415e-02,    6.6651e-03,    1.6000e+01
2.0604e-02,    6.7268e-03,    1.6000e+01
2.0794e-02,    6.7890e-03,    1.6000e+01
2.0987e-02,    6.8518e-03,    1.6000e+01
2.1181e-02,    6.9153e-03,    1.6000e+01
2.1377e-02,    6.9794e-03,    1.6000e+01
2.1575e-02,    7.0440e-03,    1.6000e+01
2.1775e-02,    7.1092e-03,    1.6000e+01
2.1977e-02,    7.1751e-03,    1.6000e+01
2.2180e-02,    7.2415e-03,    1.6000e+01
2.2385e-02,    7.3084e-03,    1.6000e+01
2.2593e-02,    7.3761e-03,    1.6000e+01
2.2802e-02,    7.4445e-03,    1.6000e+01
2.3013e-02,    7.5134e-03,    1.6000e+01
2.3226e-02,    7.5829e-03,    1.6000e+01
2.3441e-02,    7.6531e-03,    1.6000e+01
2.3658e-02,    7.7240e-03,    1.6000e+01
2.3877e-02,    7.7954e-03,    1.6000e+01
2.4098e-02,    7.8676e-03,    1.6000e+01
2.4321e-02,    7.9405e-03,    1.6000e+01
2.4546e-02,    8.0140e-03,    1.6000e+01
2.4774e-02,    8.0882e-03,    1.6000e+01
2.5003e-02,    8.1630e-03,    1.6000e+01
2.5235e-02,    8.2387e-03,    1.6000e+01
2.5468e-02,    8.3149e-03,    1.6000e+01
2.5704e-02,    8.3919e-03,    1.6000e+01
2.5942e-02,    8.4696e-03,    1.6000e+01
2.6182e-02,    8.5480e-03,    1.6000e+01
2.6425e-02,    8.6272e-03,    1.6000e+01
2.6669e-02,    8.7070e-03,    1.6000e+01
2.6916e-02,    8.7875e-03,    1.6000e+01
2.7165e-02,    8.8690e-03,    1.6000e+01
2.7417e-02,    8.9511e-03,    1.6000e+01
2.7671e-02,    9.0340e-03,    1.6000e+01
2.7927e-02,    9.1175e-03,    1.6000e+01
2.8186e-02,    9.2020e-03,    1.6000e+01
2.8447e-02,    9.2872e-03,    1.6000e+01
2.8710e-02,    9.3731e-03,    1.6000e+01
2.8976e-02,    9.4599e-03,    1.6000e+01
2.9244e-02,    9.5475e-03,    1.6000e+01
2.9515e-02,    9.6359e-03,    1.6000e+01
2.9788e-02,    9.7251e-03,    1.6000e+01
3.0064e-02,    9.8151e-03,    1.6000e+01
3.0342e-02,    9.9060e-03,    1.6000e+01
3.0623e-02,    9.9977e-03,    1.6000e+01
3.0907e-02,    1.0090e-02,    1.6000e+01
3.1193e-02,    1.0184e-02,    1.6000e+01
3.1482e-02,    1.0278e-02,    1.6000e+01
3.1773e-02,    1.0373e-02,    1.6000e+01
3.2067e-02,    1.0469e-02,    1.6000e+01
3.2364e-02,    1.0566e-02,    1.6000e+01
3.2664e-02,    1.0664e-02,    1.6000e+01
3.2966e-02,    1.0763e-02,    1.6000e+01
3.3271e-02,    1.0862e-02,    1.6000e+01
3.3579e-02,    1.0963e-02,    1.6000e+01
3.3890e-02,    1.1064e-02,    1.6000e+01
3.4204e-02,    1.1167e-02,    1.6000e+01
3.4521e-02,    1.1270e-02,    1.6000e+01
3.4840e-02,    1.1374e-02,    1.6000e+01
3.5163e-02,    1.1480e-02,    1.6000e+01
3.5489e-02,    1.1586e-02,    1.6000e+01
3.5817e-02,    1.1693e-02,    1.6000e+01
3.6149e-02,    1.1801e-02,    1.6000e+01
3.6483e-02,    1.1911e-02,    1.6000e+01
3.6821e-02,    1.2021e-02,    1.6000e+01
3.7162e-02,    1.2132e-02,    1.6000e+01
3.7506e-02,    1.2244e-02,    1.6000e+01
3.7854e-02,    1.2358e-02,    1.6000e+01
3.8204e-02,    1.2472e-02,    1.6000e+01
3.8558e-02,    1.2588e-02,    1.6000e+01
3.8915e-02,    1.2704e-02,    1.6000e+01
3.9275e-02,    1.2822e-02,    1.6000e+01
3.9639e-02,    1.2941e-02,    1.6000e+01
4.0006e-02,    1.3060e-02,    1.6000e+01
4.0376e-02,    1.3181e-02,    1.6000e+01
4.0750e-02,    1.3303e-02,    1.6000e+01
4.1127e-02,    1.3426e-02,    1.6000e+01
4.1508e-02,    1.3551e-02,    1.6000e+01
4.1892e-02,    1.3676e-02,    1.6000e+01
4.2280e-02,    1.3803e-02,    1.6000e+01
4.2672e-02,    1.3930e-02,    1.6000e+01
4.3067e-02,    1.4059e-02,    1.6000e+01
4.3465e-02,    1.4189e-02,    1.6000e+01
4.3868e-02,    1.4321e-02,    1.6000e+01
4.4274e-02,    1.4453e-02,    1.6000e+01
4.4684e-02,    1.4587e-02,    1.6000e+01
4.5098e-02,    1.4722e-02,    1.6000e+01
4.5515e-02,    1.4858e-02,    1.6000e+01
4.5937e-02,    1.4996e-02,    1.6000e+01
4.6362e-02,    1.5135e-02,    1.6000e+01
4.6791e-02,    1.5275e-02,    1.6000e+01
4.7224e-02,    1.5416e-02,    1.6000e+01
4.7662e-02,    1.5559e-02,    1.6000e+01
4.8103e-02,    1.5703e-02,    1.6000e+01
4.8548e-02,    1.5848e-02,    1.6000e+01
4.8998e-02,    1.5995e-02,    1.6000e+01
4.9451e-02,    1.6143e-02,    1.6000e+01
4.9909e-02,    1.6293e-02,    1.6000e+01
5.0371e-02,    1.6443e-02,    1.6000e+01
5.0838e-02,    1.6596e-02,    1.6000e+01
5.1308e-02,    1.6749e-02,    1.6000e+01
5.1784e-02,    1.6904e-02,    1.6000e+01
5.2263e-02,    1.7061e-02,    1.6000e+01
5.2747e-02,    1.7218e-02,    1.6000e+01
5.3235e-02,    1.7378e-02,    1.6000e+01
5.3728e-02,    1.7539e-02,    1.6000e+01
5.4226e-02,    1.7701e-02,    1.6000e+01
5.4728e-02,    1.7865e-02,    1.6000e+01
5.5234e-02,    1.8030e-02,    1.6000e+01
5.5746e-02,    1.8197e-02,    1.6000e+01
5.6262e-02,    1.8365e-02,    1.6000e+01
5.6783e-02,    1.8535e-02,    1.6000e+01
5.7309e-02,    1.8707e-02,    1.6000e+01
5.7839e-02,    1.8880e-02,    1.6000e+01
5.8375e-02,    1.9055e-02,    1.6000e+01
5.8915e-02,    1.9231e-02,    1.6000e+01
5.9461e-02,    1.9409e-02,    1.6000e+01
6.0011e-02,    1.9589e-02,    1.6000e+01
6.0567e-02,    1.9770e-02,    1.6000e+01
6.1127e-02,    1.9953e-02,    1.6000e+01
6.1693e-02,    2.0138e-02,    1.6000e+01
6.2265e-02,    2.0324e-02,    1.6000e+01
6.2841e-02,    2.0512e-02,    1.6000e+01
6.3423e-02,    2.0702e-02,    1.6000e+01
6.4010e-02,    2.0893e-02,    1.6000e+01
6.4603e-02,    2.1087e-02,    1.6000e+01
6.5201e-02,    2.1282e-02,    1.6000e+01
6.5805e-02,    2.1479e-02,    1.6000e+01
6.6414e-02,    2.1678e-02,    1.6000e+01
6.7029e-02,    2.1878e-02,    1.6000e+01
6.7649e-02,    2.2081e-02,    1.6000e+01
6.8276e-02,    2.2285e-02,    1.6000e+01
6.8908e-02,    2.2491e-02,    1.6000e+01
6.9546e-02,    2.2699e-02,    1.6000e+01
7.0190e-02,    2.2909e-02,    1.6000e+01
7.0840e-02,    2.3121e-02,    1.6000e+01
7.1496e-02,    2.3335e-02,    1.6000e+01
7.2158e-02,    2.3551e-02,    1.6000e+01
7.2826e-02,    2.3769e-02,    1.6000e+01
7.3500e-02,    2.3989e-02,    1.6000e+01
7.4180e-02,    2.4211e-02,    1.6000e+01
7.4867e-02,    2.4435e-02,    1.6000e+01
7.5560e-02,    2.4661e-02,    1.6000e+01
7.6260e-02,    2.4889e-02,    1.6000e+01
7.6966e-02,    2.5119e-02,    1.6000e+01
7.7679e-02,    2.5352e-02,    1.6000e+01
7.8398e-02,    2.5586e-02,    1.6000e+01
7.9124e-02,    2.5823e-02,    1.6000e+01
7.9856e-02,    2.6062e-02,    1.6000e+01
8.0596e-02,    2.6303e-02,    1.6000e+01
8.1342e-02,    2.6546e-02,    1.6000e+01
8.2095e-02,    2.6792e-02,    1.6000e+01
8.2855e-02,    2.7040e-02,    1.6000e+01
8.3622e-02,    2.7290e-02,    1.6000e+01
8.4396e-02,    2.7542e-02,    1.6000e+01
8.5178e-02,    2.7797e-02,    1.6000e+01
8.5966e-02,    2.8054e-02,    1.6000e+01
8.6762e-02,    2.8314e-02,    1.6000e+01
8.7566e-02,    2.8576e-02,    1.6000e+01
8.8376e-02,    2.8840e-02,    1.6000e+01
8.9195e-02,    2.9107e-02,    1.6000e+01
9.0021e-02,    2.9376e-02,    1.6000e+01
9.0854e-02,    2.9647e-02,    1.6000e+01
9.1695e-02,    2.9922e-02,    1.6000e+01
9.2544e-02,    3.0198e-02,    1.6000e+01
9.3401e-02,    3.0478e-02,    1.6000e+01
9.4266e-02,    3.0760e-02,    1.6000e+01
9.5139e-02,    3.1044e-02,    1.6000e+01
9.6019e-02,    3.1331e-02,    1.6000e+01
9.6908e-02,    3.1621e-02,    1.6000e+01
9.7806e-02,    3.1913e-02,    1.6000e+01
9.8711e-02,    3.2208e-02,    1.6000e+01
9.9625e-02,    3.2506e-02,    1.6000e+01
1.0055e-01,    3.2807e-02,    1.6000e+01
1.0148e-01,    3.3110e-02,    1.6000e+01
1.0242e-01,    3.3416e-02,    1.6000e+01
1.0337e-01,    3.3725e-02,    1.6000e+01
1.0432e-01,    3.4037e-02,    1.6000e+01
1.0529e-01,    3.4352e-02,    1.6000e+01
1.0626e-01,    3.4669e-02,    1.6000e+01
1.0725e-01,    3.4990e-02,    1.6000e+01
1.0824e-01,    3.5313e-02,    1.6000e+01
1.0924e-01,    3.5640e-02,    1.6000e+01
1.1025e-01,    3.5969e-02,    1.6000e+01
1.1128e-01,    3.6302e-02,    1.6000e+01
1.1231e-01,    3.6637e-02,    1.6000e+01
1.1335e-01,    3.6976e-02,    1.6000e+01
1.1439e-01,    3.7318e-02,    1.6000e+01
1.1545e-01,    3.7662e-02,    1.6000e+01
1.1652e-01,    3.8011e-02,    1.6000e+01
1.1760e-01,    3.8362e-02,    1.6000e+01
1.1869e-01,    3.8716e-02,    1.6000e+01
1.1979e-01,    3.9074e-02,    1.6000e+01
1.2090e-01,    3.9435e-02,    1.6000e+01
1.2202e-01,    3.9800e-02,    1.6000e+01
1.2315e-01,    4.0167e-02,    1.6000e+01
1.2429e-01,    4.0539e-02,    1.6000e+01
1.2544e-01,    4.0913e-02,    1.6000e+01
1.2660e-01,    4.1291e-02,    1.6000e+01
1.2777e-01,    4.1673e-02,    1.6000e+01
1.2896e-01,    4.2058e-02,    1.6000e+01
1.3015e-01,    4.2446e-02,    1.6000e+01
1.3135e-01,    4.2838e-02,    1.6000e+01
1.3257e-01,    4.3234e-02,    1.6000e+01
1.3380e-01,    4.3633e-02,    1.6000e+01
1.3504e-01,    4.4036e-02,    1.6000e+01
1.3629e-01,    4.4443e-02,    1.6000e+01
1.3755e-01,    4.4854e-02,    1.6000e+01
1.3882e-01,    4.5268e-02,    1.6000e+01
1.4011e-01,    4.5686e-02,    1.6000e+01
1.4140e-01,    4.6108e-02,    1.6000e+01
1.4271e-01,    4.6534e-02,    1.6000e+01
1.4404e-01,    4.6963e-02,    1.6000e+01
1.4537e-01,    4.7397e-02,    1.6000e+01
1.4671e-01,    4.7835e-02,    1.6000e+01
1.4807e-01,    4.8276e-02,    1.6000e+01
1.4944e-01,    4.8722e-02,    1.6000e+01
1.5083e-01,    4.9172e-02,    1.6000e+01
1.5222e-01,    4.9626e-02,    1.6000e+01
1.5363e-01,    5.0084e-02,    1.6000e+01
1.5506e-01,    5.0546e-02,    1.6000e+01
1.5649e-01,    5.1012e-02,    1.6000e+01
1.5794e-01,    5.1483e-02,    1.6000e+01
1.5940e-01,    5.1958e-02,    1.6000e+01
1.6088e-01,    5.2438e-02,    1.6000e+01
1.6237e-01,    5.2922e-02,    1.6000e+01
1.6387e-01,    5.3410e-02,    1.6000e+01
1.6539e-01,    5.3903e-02,    1.6000e+01
1.6692e-01,    5.4400e-02,    1.6000e+01
1.6847e-01,    5.4902e-02,    1.6000e+01
1.7003e-01,    5.5408e-02,    1.6000e+01
1.7160e-01,    5.5919e-02,    1.6000e+01
1.7319e-01,    5.6435e-02,    1.6000e+01
1.7479e-01,    5.6955e-02,    1.6000e+01
1.7641e-01,    5.7481e-02,    1.6000e+01
1.7804e-01,    5.8011e-02,    1.6000e+01
1.7969e-01,    5.8545e-02,    1.6000e+01
1.8136e-01,    5.9085e-02,    1.6000e+01
1.8304e-01,    5.9630e-02,    1.6000e+01
1.8473e-01,    6.0179e-02,    1.6000e+01
1.8644e-01,    6.0734e-02,    1.6000e+01
1.8817e-01,    6.1294e-02,    1.6000e+01
1.8991e-01,    6.1859e-02,    1.6000e+01
1.9167e-01,    6.2429e-02,    1.6000e+01
1.9344e-01,    6.3004e-02,    1.6000e+01
1.9523e-01,    6.3584e-02,    1.6000e+01
1.9704e-01,    6.4170e-02,    1.6000e+01
1.9886e-01,    6.4761e-02,    1.6000e+01
2.0071e-01,    6.5358e-02,    1.6000e+01
2.0256e-01,    6.5960e-02,    1.6000e+01
2.0444e-01,    6.6567e-02,    1.6000e+01
2.0633e-01,    6.7180e-02,    1.6000e+01
2.0824e-01,    6.7799e-02,    1.6000e+01
2.1017e-01,    6.8423e-02,    1.6000e+01
2.1212e-01,    6.9052e-02,    1.6000e+01
2.1408e-01,    6.9688e-02,    1.6000e+01
2.1606e-01,    7.0329e-02,    1.6000e+01
2.1806e-01,    7.0977e-02,    1.6000e+01
2.2008e-01,    7.1630e-02,    1.6000e+01
2.2212e-01,    7.2289e-02,    1.6000e+01
2.2418e-01,    7.2953e-02,    1.6000e+01
2.2625e-01,    7.3624e-02,    1.6000e+01
2.2835e-01,    7.4302e-02,    1.6000e+01
2.3046e-01,    7.4985e-02,    1.6000e+01
2.3259e-01,    7.5674e-02,    1.6000e+01
2.3475e-01,    7.6370e-02,    1.6000e+01
2.3692e-01,    7.7072e-02,    1.6000e+01
2.3911e-01,    7.7780e-02,    1.6000e+01
2.4133e-01,    7.8495e-02,    1.6000e+01
2.4356e-01,    7.9216e-02,    1.6000e+01
2.4582e-01,    7.9944e-02,    1.6000e+01
2.4809e-01,    8.0678e-02,    1.6000e+01
2.5039e-01,    8.1419e-02,    1.6000e+01
2.5271e-01,    8.2167e-02,    1.6000e+01
2.5505e-01,    8.2921e-02,    1.6000e+01
2.5741e-01,    8.3682e-02,    1.6000e+01
2.5979e-01,    8.4450e-02,    1.6000e+01
2.6220e-01,    8.5225e-02,    1.6000e+01
2.6463e-01,    8.6007e-02,    1.6000e+01
2.6708e-01,    8.6796e-02,    1.6000e+01
2.6955e-01,    8.7592e-02,    1.6000e+01
2.7205e-01,    8.8395e-02,    1.6000e+01
2.7456e-01,    8.9206e-02,    1.6000e+01
2.7711e-01,    9.0024e-02,    1.6000e+01
2.7967e-01,    9.0849e-02,    1.6000e+01
2.8226e-01,    9.1681e-02,    1.6000e+01
2.8488e-01,    9.2521e-02,    1.6000e+01
2.8751e-01,    9.3369e-02,    1.6000e+01
2.9017e-01,    9.4224e-02,    1.6000e+01
2.9286e-01,    9.5087e-02,    1.6000e+01
2.9557e-01,    9.5957e-02,    1.6000e+01
2.9831e-01,    9.6835e-02,    1.6000e+01
3.0107e-01,    9.7722e-02,    1.6000e+01
3.0386e-01,    9.8616e-02,    1.6000e+01
3.0667e-01,    9.9518e-02,    1.6000e+01
3.0951e-01,    1.0043e-01,    1.6000e+01
3.1238e-01,    1.0135e-01,    1.6000e+01
3.1527e-01,    1.0227e-01,    1.6000e+01
3.1819e-01,    1.0321e-01,    1.6000e+01
3.2113e-01,    1.0415e-01,    1.6000e+01
3.2411e-01,    1.0510e-01,    1.6000e+01
3.2711e-01,    1.0606e-01,    1.6000e+01
3.3014e-01,    1.0703e-01,    1.6000e+01
3.3319e-01,    1.0801e-01,    1.6000e+01
3.3628e-01,    1.0899e-01,    1.6000e+01
3.3939e-01,    1.0999e-01,    1.6000e+01
3.4253e-01,    1.1099e-01,    1.6000e+01
3.4571e-01,    1.1200e-01,    1.6000e+01
3.4891e-01,    1.1302e-01,    1.6000e+01
3.5214e-01,    1.1405e-01,    1.6000e+01
3.5540e-01,    1.1509e-01,    1.6000e+01
3.5869e-01,    1.1614e-01,    1.6000e+01
3.6201e-01,    1.1720e-01,    1.6000e+01
3.6536e-01,    1.1826e-01,    1.6000e+01
3.6874e-01,    1.1934e-01,    1.6000e+01
3.7216e-01,    1.2042e-01,    1.6000e+01
3.7560e-01,    1.2152e-01,    1.6000e+01
3.7908e-01,    1.2262e-01,    1.6000e+01
3.8259e-01,    1.2374e-01,    1.6000e+01
3.8613e-01,    1.2486e-01,    1.6000e+01
3.8971e-01,    1.2599e-01,    1.6000e+01
3.9332e-01,    1.2714e-01,    1.6000e+01
3.9696e-01,    1.2829e-01,    1.6000e+01
4.0063e-01,    1.2945e-01,    1.6000e+01
4.0434e-01,    1.3063e-01,    1.6000e+01
4.0809e-01,    1.3181e-01,    1.6000e+01
4.1186e-01,    1.3301e-01,    1.6000e+01
4.1568e-01,    1.3421e-01,    1.6000e+01
4.1953e-01,    1.3543e-01,    1.6000e+01
4.2341e-01,    1.3665e-01,    1.6000e+01
4.2733e-01,    1.3789e-01,    1.6000e+01
4.3129e-01,    1.3913e-01,    1.6000e+01
4.3528e-01,    1.4039e-01,    1.6000e+01
4.3931e-01,    1.4166e-01,    1.6000e+01
4.4338e-01,    1.4294e-01,    1.6000e+01
4.4748e-01,    1.4423e-01,    1.6000e+01
4.5163e-01,    1.4553e-01,    1.6000e+01
4.5581e-01,    1.4684e-01,    1.6000e+01
4.6003e-01,    1.4816e-01,    1.6000e+01
4.6429e-01,    1.4950e-01,    1.6000e+01
4.6859e-01,    1.5084e-01,    1.6000e+01
4.7292e-01,    1.5220e-01,    1.6000e+01
4.7730e-01,    1.5357e-01,    1.6000e+01
4.8172e-01,    1.5495e-01,    1.6000e+01
4.8618e-01,    1.5634e-01,    1.6000e+01
4.9068e-01,    1.5774e-01,    1.6000e+01
4.9523e-01,    1.5916e-01,    1.6000e+01
4.9981e-01,    1.6059e-01,    1.6000e+01
5.0444e-01,    1.6202e-01,    1.6000e+01
5.0911e-01,    1.6348e-01,    1.6000e+01
5.1382e-01,    1.6494e-01,    1.6000e+01
5.1858e-01,    1.6641e-01,    1.6000e+01
5.2338e-01,    1.6790e-01,    1.6000e+01
5.2823e-01,    1.6940e-01,    1.6000e+01
5.3312e-01,    1.7091e-01,    1.6000e+01
5.3806e-01,    1.7244e-01,    1.6000e+01
5.4304e-01,    1.7398e-01,    1.6000e+01
5.4806e-01,    1.7553e-01,    1.6000e+01
5.5314e-01,    1.7709e-01,    1.6000e+01
5.5826e-01,    1.7867e-01,    1.6000e+01
5.6343e-01,    1.8025e-01,    1.6000e+01
5.6865e-01,    1.8186e-01,    1.6000e+01
5.7391e-01,    1.8347e-01,    1.6000e+01
5.7922e-01,    1.8510e-01,    1.6000e+01
5.8459e-01,    1.8674e-01,    1.6000e+01
5.9000e-01,    1.8839e-01,    1.6000e+01
5.9546e-01,    1.9006e-01,    1.6000e+01
6.0098e-01,    1.9174e-01,    1.6000e+01
6.0654e-01,    1.9343e-01,    1.6000e+01
6.1216e-01,    1.9514e-01,    1.6000e+01
6.1782e-01,    1.9686e-01,    1.6000e+01
6.2354e-01,    1.9860e-01,    1.6000e+01
6.2932e-01,    2.0035e-01,    1.6000e+01
6.3514e-01,    2.0211e-01,    1.6000e+01
6.4102e-01,    2.0388e-01,    1.6000e+01
6.4696e-01,    2.0567e-01,    1.6000e+01
6.5295e-01,    2.0748e-01,    1.6000e+01
6.5899e-01,    2.0930e-01,    1.6000e+01
6.6510e-01,    2.1113e-01,    1.6000e+01
6.7125e-01,    2.1297e-01,    1.6000e+01
6.7747e-01,    2.1483e-01,    1.6000e+01
6.8374e-01,    2.1671e-01,    1.6000e+01
6.9007e-01,    2.1860e-01,    1.6000e+01
6.9646e-01,    2.2050e-01,    1.6000e+01
7.0291e-01,    2.2242e-01,    1.6000e+01
7.0942e-01,    2.2435e-01,    1.6000e+01
7.1599e-01,    2.2630e-01,    1.6000e+01
7.2262e-01,    2.2826e-01,    1.6000e+01
7.2931e-01,    2.3024e-01,    1.6000e+01
7.3606e-01,    2.3223e-01,    1.6000e+01
7.4287e-01,    2.3423e-01,    1.6000e+01
7.4975e-01,    2.3625e-01,    1.6000e+01
7.5669e-01,    2.3829e-01,    1.6000e+01
7.6370e-01,    2.4034e-01,    1.6000e+01
7.7077e-01,    2.4240e-01,    1.6000e+01
7.7791e-01,    2.4448e-01,    1.6000e+01
7.8511e-01,    2.4658e-01,    1.6000e+01
7.9238e-01,    2.4869e-01,    1.6000e+01
7.9971e-01,    2.5081e-01,    1.6000e+01
8.0712e-01,    2.5295e-01,    1.6000e+01
8.1459e-01,    2.5511e-01,    1.6000e+01
8.2213e-01,    2.5728e-01,    1.6000e+01
8.2974e-01,    2.5946e-01,    1.6000e+01
8.3743e-01,    2.6166e-01,    1.6000e+01
8.4518e-01,    2.6388e-01,    1.6000e+01
8.5301e-01,    2.6611e-01,    1.6000e+01
8.6090e-01,    2.6836e-01,    1.6000e+01
8.6887e-01,    2.7062e-01,    1.6000e+01
8.7692e-01,    2.7289e-01,    1.6000e+01
8.8504e-01,    2.7519e-01,    1.6000e+01
8.9323e-01,    2.7749e-01,    1.6000e+01
9.0150e-01,    2.7982e-01,    1.6000e+01
9.0985e-01,    2.8215e-01,    1.6000e+01
9.1827e-01,    2.8451e-01,    1.6000e+01
9.2678e-01,    2.8687e-01,    1.6000e+01
9.3536e-01,    2.8926e-01,    1.6000e+01
9.4402e-01,    2.9166e-01,    1.6000e+01
9.5276e-01,    2.9407e-01,    1.6000e+01
9.6158e-01,    2.9650e-01,    1.6000e+01
9.7048e-01,    2.9894e-01,    1.6000e+01
9.7947e-01,    3.0140e-01,    1.6000e+01
9.8854e-01,    3.0387e-01,    1.6000e+01
9.9769e-01,    3.0636e-01,    1.6000e+01
1.0069e+00,    3.0887e-01,    1.6000e+01
1.0162e+00,    3.1139e-01,    1.6000e+01
1.0257e+00,    3.1392e-01,    1.6000e+01
1.0352e+00,    3.1647e-01,    1.6000e+01
1.0447e+00,    3.1903e-01,    1.6000e+01
1.0544e+00,    3.2161e-01,    1.6000e+01
1.0642e+00,    3.2420e-01,    1.6000e+01
1.0740e+00,    3.2681e-01,    1.6000e+01
1.0840e+00,    3.2943e-01,    1.6000e+01
1.0940e+00,    3.3207e-01,    1.6000e+01
1.1041e+00,    3.3472e-01,    1.6000e+01
1.1144e+00,    3.3738e-01,    1.6000e+01
1.1247e+00,    3.4006e-01,    1.6000e+01
1.1351e+00,    3.4275e-01,    1.6000e+01
1.1456e+00,    3.4546e-01,    1.6000e+01
1.1562e+00,    3.4818e-01,    1.6000e+01
1.1669e+00,    3.5092e-01,    1.6000e+01
1.1777e+00,    3.5367e-01,    1.6000e+01
1.1886e+00,    3.5643e-01,    1.6000e+01
1.1996e+00,    3.5920e-01,    1.6000e+01
1.2107e+00,    3.6199e-01,    1.6000e+01
1.2219e+00,    3.6479e-01,    1.6000e+01
1.2333e+00,    3.6761e-01,    1.6000e+01
1.2447e+00,    3.7044e-01,    1.6000e+01
1.2562e+00,    3.7328e-01,    1.6000e+01
1.2678e+00,    3.7613e-01,    1.6000e+01
1.2796e+00,    3.7899e-01,    1.6000e+01
1.2914e+00,    3.8187e-01,    1.6000e+01
1.3034e+00,    3.8476e-01,    1.6000e+01
1.3154e+00,    3.8766e-01,    1.6000e+01
1.3276e+00,    3.9058e-01,    1.6000e+01
1.3399e+00,    3.9350e-01,    1.6000e+01
1.3523e+00,    3.9644e-01,    1.6000e+01
1.3648e+00,    3.9938e-01,    1.6000e+01
1.3775e+00,    4.0234e-01,    1.6000e+01
1.3902e+00,    4.0531e-01,    1.6000e+01
1.4031e+00,    4.0829e-01,    1.6000e+01
1.4161e+00,    4.1128e-01,    1.6000e+01
1.4292e+00,    4.1428e-01,    1.6000e+01
1.4424e+00,    4.1729e-01,    1.6000e+01
1.4558e+00,    4.2031e-01,    1.6000e+01
1.4693e+00,    4.2334e-01,    1.6000e+01
1.4829e+00,    4.2638e-01,    1.6000e+01
1.4966e+00,    4.2943e-01,    1.6000e+01
1.5105e+00,    4.3248e-01,    1.6000e+01
1.5244e+00,    4.3555e-01,    1.6000e+01
1.5386e+00,    4.3862e-01,    1.6000e+01
1.5528e+00,    4.4170e-01,    1.6000e+01
1.5672e+00,    4.4479e-01,    1.6000e+01
1.5817e+00,    4.4788e-01,    1.6000e+01
1.5963e+00,    4.5099e-01,    1.6000e+01
1.6111e+00,    4.5410e-01,    1.6000e+01
1.6260e+00,    4.5721e-01,    1.6000e+01
1.6411e+00,    4.6033e-01,    1.6000e+01
1.6563e+00,    4.6346e-01,    1.6000e+01
1.6716e+00,    4.6659e-01,    1.6000e+01
1.6871e+00,    4.6973e-01,    1.6000e+01
1.7027e+00,    4.7288e-01,    1.6000e+01
1.7185e+00,    4.7603e-01,    1.6000e+01
1.7344e+00,    4.7918e-01,    1.6000e+01
1.7504e+00,    4.8233e-01,    1.6000e+01
1.7666e+00,    4.8550e-01,    1.6000e+01
1.7830e+00,    4.8866e-01,    1.6000e+01
1.7995e+00,    4.9183e-01,    1.6000e+01
1.8162e+00,    4.9500e-01,    1.6000e+01
1.8330e+00,    4.9817e-01,    1.6000e+01
1.8500e+00,    5.0134e-01,    1.6000e+01
1.8671e+00,    5.0452e-01,    1.6000e+01
1.8844e+00,    5.0769e-01,    1.6000e+01
1.9018e+00,    5.1087e-01,    1.6000e+01
1.9194e+00,    5.1405e-01,    1.6000e+01
1.9372e+00,    5.1723e-01,    1.6000e+01
1.9551e+00,    5.2041e-01,    1.6000e+01
1.9732e+00,    5.2358e-01,    1.6000e+01
1.9915e+00,    5.2676e-01,    1.6000e+01
2.0099e+00,    5.2994e-01,    1.6000e+01
2.0286e+00,    5.3311e-01,    1.6000e+01
2.0473e+00,    5.3628e-01,    1.6000e+01
2.0663e+00,    5.3945e-01,    1.6000e+01
2.0854e+00,    5.4262e-01,    1.6000e+01
2.1047e+00,    5.4579e-01,    1.6000e+01
2.1242e+00,    5.4895e-01,    1.6000e+01
2.1439e+00,    5.5210e-01,    1.6000e+01
2.1637e+00,    5.5526e-01,    1.6000e+01
2.1838e+00,    5.5841e-01,    1.6000e+01
2.2040e+00,    5.6155e-01,    1.6000e+01
2.2244e+00,    5.6469e-01,    1.6000e+01
2.2450e+00,    5.6782e-01,    1.6000e+01
2.2658e+00,    5.7095e-01,    1.6000e+01
2.2868e+00,    5.7407e-01,    1.6000e+01
2.3079e+00,    5.7719e-01,    1.6000e+01
2.3293e+00,    5.8029e-01,    1.6000e+01
2.3509e+00,    5.8339e-01,    1.6000e+01
2.3726e+00,    5.8649e-01,    1.6000e+01
2.3946e+00,    5.8957e-01,    1.6000e+01
2.4168e+00,    5.9265e-01,    1.6000e+01
2.4391e+00,    5.9571e-01,    1.6000e+01
2.4617e+00,    5.9877e-01,    1.6000e+01
2.4845e+00,    6.0182e-01,    1.6000e+01
2.5075e+00,    6.0486e-01,    1.6000e+01
2.5307e+00,    6.0789e-01,    1.6000e+01
2.5542e+00,    6.1091e-01,    1.6000e+01
2.5778e+00,    6.1392e-01,    1.6000e+01
2.6017e+00,    6.1691e-01,    1.6000e+01
2.6258e+00,    6.1990e-01,    1.6000e+01
2.6501e+00,    6.2288e-01,    1.6000e+01
2.6746e+00,    6.2584e-01,    1.6000e+01
2.6994e+00,    6.2879e-01,    1.6000e+01
2.7244e+00,    6.3173e-01,    1.6000e+01
2.7496e+00,    6.3465e-01,    1.6000e+01
2.7751e+00,    6.3757e-01,    1.6000e+01
2.8008e+00,    6.4047e-01,    1.6000e+01
2.8267e+00,    6.4335e-01,    1.6000e+01
2.8529e+00,    6.4622e-01,    1.6000e+01
2.8793e+00,    6.4908e-01,    1.6000e+01
2.9059e+00,    6.5193e-01,    1.6000e+01
2.9328e+00,    6.5476e-01,    1.6000e+01
2.9600e+00,    6.5757e-01,    1.6000e+01
2.9874e+00,    6.6037e-01,    1.6000e+01
3.0151e+00,    6.6316e-01,    1.6000e+01
3.0430e+00,    6.6593e-01,    1.6000e+01
3.0711e+00,    6.6868e-01,    1.6000e+01
3.0996e+00,    6.7142e-01,    1.6000e+01
3.1283e+00,    6.7414e-01,    1.6000e+01
3.1572e+00,    6.7685e-01,    1.6000e+01
3.1865e+00,    6.7954e-01,    1.6000e+01
3.2160e+00,    6.8222e-01,    1.6000e+01
3.2457e+00,    6.8487e-01,    1.6000e+01
3.2758e+00,    6.8752e-01,    1.6000e+01
3.3061e+00,    6.9014e-01,    1.6000e+01
3.3367e+00,    6.9275e-01,    1.6000e+01
3.3676e+00,    6.9534e-01,    1.6000e+01
3.3988e+00,    6.9791e-01,    1.6000e+01
3.4303e+00,    7.0047e-01,    1.6000e+01
3.4620e+00,    7.0301e-01,    1.6000e+01
3.4941e+00,    7.0553e-01,    1.6000e+01
3.5264e+00,    7.0804e-01,    1.6000e+01
3.5591e+00,    7.1053e-01,    1.6000e+01
3.5920e+00,    7.1300e-01,    1.6000e+01
3.6253e+00,    7.1545e-01,    1.6000e+01
3.6589e+00,    7.1788e-01,    1.6000e+01
3.6927e+00,    7.2030e-01,    1.6000e+01
3.7269e+00,    7.2270e-01,    1.6000e+01
3.7614e+00,    7.2508e-01,    1.6000e+01
3.7963e+00,    7.2744e-01,    1.6000e+01
3.8314e+00,    7.2979e-01,    1.6000e+01
3.8669e+00,    7.3211e-01,    1.6000e+01
3.9027e+00,    7.3442e-01,    1.6000e+01
3.9388e+00,    7.3672e-01,    1.6000e+01
3.9753e+00,    7.3899e-01,    1.6000e+01
4.0121e+00,    7.4125e-01,    1.6000e+01
4.0493e+00,    7.4348e-01,    1.6000e+01
4.0867e+00,    7.4570e-01,    1.6000e+01
4.1246e+00,    7.4791e-01,    1.6000e+01
4.1628e+00,    7.5009e-01,    1.6000e+01
4.2013e+00,    7.5226e-01,    1.6000e+01
4.2402e+00,    7.5441e-01,    1.6000e+01
4.2795e+00,    7.5654e-01,    1.6000e+01
4.3191e+00,    7.5865e-01,    1.6000e+01
4.3591e+00,    7.6075e-01,    1.6000e+01
4.3994e+00,    7.6283e-01,    1.6000e+01
4.4402e+00,    7.6489e-01,    1.6000e+01
4.4813e+00,    7.6693e-01,    1.6000e+01
4.5228e+00,    7.6896e-01,    1.6000e+01
4.5646e+00,    7.7097e-01,    1.6000e+01
4.6069e+00,    7.7296e-01,    1.6000e+01
4.6496e+00,    7.7494e-01,    1.6000e+01
4.6926e+00,    7.7690e-01,    1.6000e+01
4.7361e+00,    7.7884e-01,    1.6000e+01
4.7799e+00,    7.8076e-01,    1.6000e+01
4.8242e+00,    7.8267e-01,    1.6000e+01
4.8688e+00,    7.8456e-01,    1.6000e+01
4.9139e+00,    7.8644e-01,    1.6000e+01
4.9594e+00,    7.8830e-01,    1.6000e+01
5.0053e+00,    7.9014e-01,    1.6000e+01
5.0517e+00,    7.9196e-01,    1.6000e+01
5.0984e+00,    7.9377e-01,    1.6000e+01
5.1456e+00,    7.9557e-01,    1.6000e+01
5.1933e+00,    7.9735e-01,    1.6000e+01
5.2414e+00,    7.9911e-01,    1.6000e+01
5.2899e+00,    8.0086e-01,    1.6000e+01
5.3389e+00,    8.0259e-01,    1.6000e+01
5.3883e+00,    8.0430e-01,    1.6000e+01
5.4382e+00,    8.0600e-01,    1.6000e+01
5.4885e+00,    8.0769e-01,    1.6000e+01
5.5394e+00,    8.0936e-01,    1.6000e+01
5.5907e+00,    8.1101e-01,    1.6000e+01
5.6424e+00,    8.1265e-01,    1.6000e+01
5.6947e+00,    8.1428e-01,    1.6000e+01
5.7474e+00,    8.1589e-01,    1.6000e+01
5.8006e+00,    8.1748e-01,    1.6000e+01
5.8543e+00,    8.1907e-01,    1.6000e+01
5.9085e+00,    8.2063e-01,    1.6000e+01
5.9632e+00,    8.2219e-01,    1.6000e+01
6.0184e+00,    8.2373e-01,    1.6000e+01
6.0741e+00,    8.2525e-01,    1.6000e+01
6.1304e+00,    8.2676e-01,    1.6000e+01
6.1871e+00,    8.2826e-01,    1.6000e+01
6.2444e+00,    8.2974e-01,    1.6000e+01
6.3022e+00,    8.3121e-01,    1.6000e+01
6.3606e+00,    8.3267e-01,    1.6000e+01
6.4195e+00,    8.3412e-01,    1.6000e+01
6.4789e+00,    8.3555e-01,    1.6000e+01
6.5389e+00,    8.3696e-01,    1.6000e+01
6.5994e+00,    8.3837e-01,    1.6000e+01
6.6605e+00,    8.3976e-01,    1.6000e+01
6.7222e+00,    8.4114e-01,    1.6000e+01
6.7845e+00,    8.4251e-01,    1.6000e+01
6.8473e+00,    8.4386e-01,    1.6000e+01
6.9107e+00,    8.4520e-01,    1.6000e+01
6.9746e+00,    8.4653e-01,    1.6000e+01
7.0392e+00,    8.4785e-01,    1.6000e+01
7.1044e+00,    8.4916e-01,    1.6000e+01
7.1702e+00,    8.5045e-01,    1.6000e+01
7.2366e+00,    8.5173e-01,    1.6000e+01
7.3036e+00,    8.5300e-01,    1.6000e+01
7.3712e+00,    8.5426e-01,    1.6000e+01
7.4394e+00,    8.5551e-01,    1.6000e+01
7.5083e+00,    8.5674e-01,    1.6000e+01
7.5778e+00,    8.5797e-01,    1.6000e+01
7.6480e+00,    8.5918e-01,    1.6000e+01
7.7188e+00,    8.6038e-01,    1.6000e+01
7.7903e+00,    8.6157e-01,    1.6000e+01
7.8624e+00,    8.6276e-01,    1.6000e+01
7.9352e+00,    8.6392e-01,    1.6000e+01
8.0087e+00,    8.6508e-01,    1.6000e+01
8.0828e+00,    8.6623e-01,    1.6000e+01
8.1576e+00,    8.6737e-01,    1.6000e+01
8.2332e+00,    8.6850e-01,    1.6000e+01
8.3094e+00,    8.6961e-01,    1.6000e+01
8.3863e+00,    8.7072e-01,    1.6000e+01
8.4640e+00,    8.7182e-01,    1.6000e+01
8.5424e+00,    8.7291e-01,    1.6000e+01
8.6214e+00,    8.7398e-01,    1.6000e+01
8.7013e+00,    8.7505e-01,    1.6000e+01
8.7818e+00,    8.7611e-01,    1.6000e+01
8.8631e+00,    8.7715e-01,    1.6000e+01
8.9452e+00,    8.7819e-01,    1.6000e+01
9.0280e+00,    8.7922e-01,    1.6000e+01
9.1116e+00,    8.8024e-01,    1.6000e+01
9.1960e+00,    8.8125e-01,    1.6000e+01
9.2811e+00,    8.8225e-01,    1.6000e+01
9.3670e+00,    8.8324e-01,    1.6000e+01
9.4538e+00,    8.8423e-01,    1.6000e+01
9.5413e+00,    8.8520e-01,    1.6000e+01
9.6296e+00,    8.8617e-01,    1.6000e+01
9.7188e+00,    8.8712e-01,    1.6000e+01
9.8088e+00,    8.8807e-01,    1.6000e+01
9.8996e+00,    8.8901e-01,    1.6000e+01
9.9913e+00,    8.8994e-01,    1.6000e+01
1.0084e+01,    8.9086e-01,    1.6000e+01
1.0177e+01,    8.9177e-01,    1.6000e+01
1.0271e+01,    8.9268e-01,    1.6000e+01
1.0366e+01,    8.9357e-01,    1.6000e+01
1.0462e+01,    8.9446e-01,    1.6000e+01
1.0559e+01,    8.9534e-01,    1.6000e+01
1.0657e+01,    8.9622e-01,    1.6000e+01
1.0756e+01,    8.9708e-01,    1.6000e+01
1.0855e+01,    8.9794e-01,    1.6000e+01
1.0956e+01,    8.9879e-01,    1.6000e+01
1.1057e+01,    8.9963e-01,    1.6000e+01
1.1160e+01,    9.0046e-01,    1.6000e+01
1.1263e+01,    9.0129e-01,    1.6000e+01
1.1367e+01,    9.0211e-01,    1.6000e+01
1.1472e+01,    9.0292e-01,    1.6000e+01
1.1579e+01,    9.0372e-01,    1.6000e+01
1.1686e+01,    9.0452e-01,    1.6000e+01
1.1794e+01,    9.0531e-01,    1.6000e+01
1.1903e+01,    9.0609e-01,    1.6000e+01
1.2014e+01,    9.0686e-01,    1.6000e+01
1.2125e+01,    9.0763e-01,    1.6000e+01
1.2237e+01,    9.0839e-01,    1.6000e+01
1.2350e+01,    9.0914e-01,    1.6000e+01
1.2465e+01,    9.0989e-01,    1.6000e+01
1.2580e+01,    9.1063e-01,    1.6000e+01
1.2697e+01,    9.1137e-01,    1.6000e+01
1.2814e+01,    9.1209e-01,    1.6000e+01
1.2933e+01,    9.1281e-01,    1.6000e+01
1.3052e+01,    9.1353e-01,    1.6000e+01
1.3173e+01,    9.1423e-01,    1.6000e+01
1.3295e+01,    9.1493e-01,    1.6000e+01
1.3418e+01,    9.1563e-01,    1.6000e+01
1.3543e+01,    9.1632e-01,    1.6000e+01
1.3668e+01,    9.1700e-01,    1.6000e+01
1.3795e+01,    9.1768e-01,    1.6000e+01
1.3922e+01,    9.1835e-01,    1.6000e+01
1.4051e+01,    9.1901e-01,    1.6000e+01
1.4181e+01,    9.1967e-01,    1.6000e+01
1.4313e+01,    9.2032e-01,    1.6000e+01
1.4445e+01,    9.2096e-01,    1.6000e+01
1.4579e+01,    9.2160e-01,    1.6000e+01
1.4714e+01,    9.2224e-01,    1.6000e+01
1.4850e+01,    9.2287e-01,    1.6000e+01
1.4988e+01,    9.2349e-01,    1.6000e+01
1.5126e+01,    9.2411e-01,    1.6000e+01
1.5266e+01,    9.2472e-01,    1.6000e+01
1.5408e+01,    9.2532e-01,    1.6000e+01
1.5550e+01,    9.2592e-01,    1.6000e+01
1.5694e+01,    9.2652e-01,    1.6000e+01
1.5840e+01,    9.2711e-01,    1.6000e+01
1.5986e+01,    9.2769e-01,    1.6000e+01
1.6134e+01,    9.2827e-01,    1.6000e+01
1.6284e+01,    9.2885e-01,    1.6000e+01
1.6434e+01,    9.2942e-01,    1.6000e+01
1.6587e+01,    9.2998e-01,    1.6000e+01
1.6740e+01,    9.3054e-01,    1.6000e+01
1.6895e+01,    9.3109e-01,    1.6000e+01
1.7052e+01,    9.3164e-01,    1.6000e+01
1.7209e+01,    9.3218e-01,    1.6000e+01
1.7369e+01,    9.3272e-01,    1.6000e+01
1.7530e+01,    9.3326e-01,    1.6000e+01
1.7692e+01,    9.3378e-01,    1.6000e+01
1.7856e+01,    9.3431e-01,    1.6000e+01
1.8021e+01,    9.3483e-01,    1.6000e+01
1.8188e+01,    9.3534e-01,    1.6000e+01
1.8356e+01,    9.3585e-01,    1.6000e+01
1.8526e+01,    9.3636e-01,    1.6000e+01
1.8698e+01,    9.3686e-01,    1.6000e+01
1.8871e+01,    9.3736e-01,    1.6000e+01
1.9046e+01,    9.3785e-01,    1.6000e+01
1.9222e+01,    9.3834e-01,    1.6000e+01
1.9400e+01,    9.3882e-01,    1.6000e+01
1.9580e+01,    9.3930e-01,    1.6000e+01
1.9761e+01,    9.3977e-01,    1.6000e+01
1.9944e+01,    9.4024e-01,    1.6000e+01
2.0128e+01,    9.4071e-01,    1.6000e+01
2.0315e+01,    9.4117e-01,    1.6000e+01
2.0503e+01,    9.4163e-01,    1.6000e+01
2.0693e+01,    9.4209e-01,    1.6000e+01
2.0884e+01,    9.4254e-01,    1.6000e+01
2.1078e+01,    9.4298e-01,    1.6000e+01
2.1273e+01,    9.4342e-01,    1.6000e+01
2.1470e+01,    9.4386e-01,    1.6000e+01
2.1669e+01,    9.4429e-01,    1.6000e+01
2.1869e+01,    9.4472e-01,    1.6000e+01
2.2072e+01,    9.4515e-01,    1.6000e+01
2.2276e+01,    9.4557e-01,    1.6000e+01
2.2482e+01,    9.4599e-01,    1.6000e+01
2.2690e+01,    9.4641e-01,    1.6000e+01
2.2901e+01,    9.4682e-01,    1.6000e+01
2.3113e+01,    9.4723e-01,    1.6000e+01
2.3327e+01,    9.4763e-01,    1.6000e+01
2.3543e+01,    9.4803e-01,    1.6000e+01
2.3760e+01,    9.4843e-01,    1.6000e+01
2.3980e+01,    9.4882e-01,    1.6000e+01
2.4202e+01,    9.4921e-01,    1.6000e+01
2.4427e+01,    9.4960e-01,    1.6000e+01
2.4653e+01,    9.4998e-01,    1.6000e+01
2.4881e+01,    9.5036e-01,    1.6000e+01
2.5111e+01,    9.5074e-01,    1.6000e+01
2.5344e+01,    9.5111e-01,    1.6000e+01
2.5579e+01,    9.5148e-01,    1.6000e+01
2.5815e+01,    9.5184e-01,    1.6000e+01
2.6054e+01,    9.5221e-01,    1.6000e+01
2.6296e+01,    9.5257e-01,    1.6000e+01
2.6539e+01,    9.5292e-01,    1.6000e+01
2.6785e+01,    9.5328e-01,    1.6000e+01
2.7033e+01,    9.5363e-01,    1.6000e+01
2.7283e+01,    9.5398e-01,    1.6000e+01
2.7536e+01,    9.5432e-01,    1.6000e+01
2.7791e+01,    9.5466e-01,    1.6000e+01
2.8048e+01,    9.5500e-01,    1.6000e+01
2.8308e+01,    9.5533e-01,    1.6000e+01
2.8570e+01,    9.5567e-01,    1.6000e+01
2.8834e+01,    9.5600e-01,    1.6000e+01
2.9101e+01,    9.5632e-01,    1.6000e+01
2.9371e+01,    9.5665e-01,    1.6000e+01
2.9643e+01,    9.5697e-01,    1.6000e+01
2.9917e+01,    9.5729e-01,    1.6000e+01
3.0194e+01,    9.5760e-01,    1.6000e+01
3.0474e+01,    9.5791e-01,    1.6000e+01
3.0756e+01,    9.5822e-01,    1.6000e+01
3.1040e+01,    9.5853e-01,    1.6000e+01
3.1328e+01,    9.5883e-01,    1.6000e+01
3.1618e+01,    9.5914e-01,    1.6000e+01
3.1911e+01,    9.5943e-01,    1.6000e+01
3.2206e+01,    9.5973e-01,    1.6000e+01
3.2504e+01,    9.6003e-01,    1.6000e+01
3.2805e+01,    9.6032e-01,    1.6000e+01
3.3109e+01,    9.6061e-01,    1.6000e+01
3.3415e+01,    9.6089e-01,    1.6000e+01
3.3725e+01,    9.6118e-01,    1.6000e+01
3.4037e+01,    9.6146e-01,    1.6000e+01
3.4352e+01,    9.6174e-01,    1.6000e+01
3.4670e+01,    9.6201e-01,    1.6000e+01
3.4991e+01,    9.6229e-01,    1.6000e+01
3.5315e+01,    9.6256e-01,    1.6000e+01
3.5642e+01,    9.6283e-01,    1.6000e+01
3.5972e+01,    9.6309e-01,    1.6000e+01
3.6305e+01,    9.6336e-01,    1.6000e+01
3.6641e+01,    9.6362e-01,    1.6000e+01
3.6981e+01,    9.6388e-01,    1.6000e+01
3.7323e+01,    9.6414e-01,    1.6000e+01
3.7669e+01,    9.6440e-01,    1.6000e+01
3.8017e+01,    9.6465e-01,    1.6000e+01
3.8369e+01,    9.6490e-01,    1.6000e+01
3.8725e+01,    9.6515e-01,    1.6000e+01
3.9083e+01,    9.6540e-01,    1.6000e+01
3.9445e+01,    9.6564e-01,    1.6000e+01
3.9810e+01,    9.6588e-01,    1.6000e+01
4.0179e+01,    9.6613e-01,    1.6000e+01
4.0551e+01,    9.6636e-01,    1.6000e+01
4.0926e+01,    9.6660e-01,    1.6000e+01
4.1305e+01,    9.6684e-01,    1.6000e+01
4.1688e+01,    9.6707e-01,    1.6000e+01
4.2074e+01,    9.6730e-01,    1.6000e+01
4.2463e+01,    9.6753e-01,    1.6000e+01
4.2856e+01,    9.6775e-01,    1.6000e+01
4.3253e+01,    9.6798e-01,    1.6000e+01
4.3654e+01,    9.6820e-01,    1.6000e+01
4.4058e+01,    9.6842e-01,    1.6000e+01
4.4466e+01,    9.6864e-01,    1.6000e+01
4.4877e+01,    9.6886e-01,    1.6000e+01
4.5293e+01,    9.6908e-01,    1.6000e+01
4.5712e+01,    9.6929e-01,    1.6000e+01
4.6135e+01,    9.6950e-01,    1.6000e+01
4.6563e+01,    9.6971e-01,    1.6000e+01
4.6994e+01,    9.6992e-01,    1.6000e+01
4.7429e+01,    9.7013e-01,    1.6000e+01
4.7868e+01,    9.7033e-01,    1.6000e+01
4.8311e+01,    9.7054e-01,    1.6000e+01
4.8758e+01,    9.7074e-01,    1.6000e+01
4.9210e+01,    9.7094e-01,    1.6000e+01
4.9666e+01,    9.7114e-01,    1.6000e+01
5.0125e+01,    9.7133e-01,    1.6000e+01
5.0589e+01,    9.7153e-01,    1.6000e+01
5.1058e+01,    9.7172e-01,    1.6000e+01
5.1531e+01,    9.7191e-01,    1.6000e+01
5.2008e+01,    9.7210e-01,    1.6000e+01
5.2489e+01,    9.7229e-01,    1.6000e+01
5.2975e+01,    9.7248e-01,    1.6000e+01
5.3466e+01,    9.7266e-01,    1.6000e+01
5.3961e+01,    9.7285e-01,    1.6000e+01
5.4460e+01,    9.7303e-01,    1.6000e+01
5.4965e+01,    9.7321e-01,    1.6000e+01
5.5473e+01,    9.7339e-01,    1.6000e+01
5.5987e+01,    9.7357e-01,    1.6000e+01
5.6505e+01,    9.7374e-01,    1.6000e+01
5.7029e+01,    9.7392e-01,    1.6000e+01
5.7557e+01,    9.7409e-01,    1.6000e+01
5.8090e+01,    9.7427e-01,    1.6000e+01
5.8627e+01,    9.7444e-01,    1.6000e+01
5.9170e+01,    9.7461e-01,    1.6000e+01
5.9718e+01,    9.7477e-01,    1.6000e+01
6.0271e+01,    9.7494e-01,    1.6000e+01
6.0829e+01,    9.7511e-01,    1.6000e+01
6.1392e+01,    9.7527e-01,    1.6000e+01
6.1961e+01,    9.7543e-01,    1.6000e+01
6.2534e+01,    9.7559e-01,    1.6000e+01
6.3113e+01,    9.7575e-01,    1.6000e+01
6.3698e+01,    9.7591e-01,    1.6000e+01
6.4287e+01,    9.7607e-01,    1.6000e+01
6.4883e+01,    9.7623e-01,    1.6000e+01
6.5483e+01,    9.7638e-01,    1.6000e+01
6.6090e+01,    9.7654e-01,    1.6000e+01
6.6701e+01,    9.7669e-01,    1.6000e+01
6.7319e+01,    9.7684e-01,    1.6000e+01
6.7942e+01,    9.7699e-01,    1.6000e+01
6.8571e+01,    9.7714e-01,    1.6000e+01
6.9206e+01,    9.7729e-01,    1.6000e+01
6.9847e+01,    9.7743e-01,    1.6000e+01
7.0494e+01,    9.7758e-01,    1.6000e+01
7.1146e+01,    9.7772e-01,    1.6000e+01
7.1805e+01,    9.7787e-01,    1.6000e+01
7.2470e+01,    9.7801e-01,    1.6000e+01
7.3141e+01,    9.7815e-01,    1.6000e+01
7.3818e+01,    9.7829e-01,    1.6000e+01
7.4502e+01,    9.7843e-01,    1.6000e+01
7.5191e+01,    9.7856e-01,    1.6000e+01
7.5888e+01,    9.7870e-01,    1.6000e+01
7.6590e+01,    9.7884e-01,    1.6000e+01
7.7299e+01,    9.7897e-01,    1.6000e+01
7.8015e+01,    9.7910e-01,    1.6000e+01
7.8737e+01,    9.7924e-01,    1.6000e+01
7.9466e+01,    9.7937e-01,    1.6000e+01
8.0202e+01,    9.7950e-01,    1.6000e+01
8.0945e+01,    9.7963e-01,    1.6000e+01
8.1694e+01,    9.7976e-01,    1.6000e+01
8.2450e+01,    9.7988e-01,    1.6000e+01
8.3214e+01,    9.8001e-01,    1.6000e+01
8.3984e+01,    9.8014e-01,    1.6000e+01
8.4762e+01,    9.8026e-01,    1.6000e+01
8.5547e+01,    9.8038e-01,    1.6000e+01
8.6339e+01,    9.8051e-01,    1.6000e+01
8.7138e+01,    9.8063e-01,    1.6000e+01
8.7945e+01,    9.8075e-01,    1.6000e+01
8.8759e+01,    9.8087e-01,    1.6000e+01
8.9581e+01,    9.8099e-01,    1.6000e+01
9.0410e+01,    9.8110e-01,    1.6000e+01
9.1247e+01,    9.8122e-01,    1.6000e+01
9.2092e+01,    9.8134e-01,    1.6000e+01
9.2945e+01,    9.8145e-01,    1.6000e+01
9.3805e+01,    9.8157e-01,    1.6000e+01
9.4674e+01,    9.8168e-01,    1.6000e+01
9.5550e+01,    9.8179e-01,    1.6000e+01
9.6435e+01,    9.8191e-01,    1.6000e+01
9.7328e+01,    9.8202e-01,    1.6000e+01
9.8229e+01,    9.8213e-01,    1.6000e+01
9.9139e+01,    9.8224e-01,    1.6000e+01
1.0006e+02,    9.8235e-01,    1.6000e+01
1.0098e+02,    9.8245e-01,    1.6000e+01
1.0192e+02,    9.8256e-01,    1.6000e+01
1.0286e+02,    9.8267e-01,    1.6000e+01
