# Force βfL, Extension z/L, Persistence Length λ
2.6307e-02,    3.3084e-03,    2.5000e-01
2.6551e-02,    3.3391e-03,    2.5000e-01
2.6797e-02,    3.3700e-03,    2.5000e-01
2.7045e-02,    3.4012e-03,    2.5000e-01
2.7295e-02,    3.4327e-03,    2.5000e-01
2.7548e-02,    3.4644e-03,    2.5000e-01
2.7803e-02,    3.4965e-03,    2.5000e-01
2.8060e-02,    3.5289e-03,    2.5000e-01
2.8320e-02,    3.5616e-03,    2.5000e-01
2.8582e-02,    3.5945e-03,    2.5000e-01
2.8847e-02,    3.6278e-03,    2.5000e-01
2.9114e-02,    3.6614e-03,    2.5000e-01
2.9383e-02,    3.6953e-03,    2.5000e-01
2.9656e-02,    3.7296e-03,    2.5000e-01
2.9930e-02,    3.7640e-03,    2.5000e-01
3.0207e-02,    3.7988e-03,    2.5000e-01
3.0487e-02,    3.8341e-03,    2.5000e-01
3.0769e-02,    3.8695e-03,    2.5000e-01
3.1054e-02,    3.9054e-03,    2.5000e-01
3.1342e-02,    3.9416e-03,    2.5000e-01
3.1632e-02,    3.9780e-03,    2.5000e-01
3.1925e-02,    4.0148e-03,    2.5000e-01
3.2220e-02,    4.0520e-03,    2.5000e-01
3.2519e-02,    4.0896e-03,    2.5000e-01
3.2820e-02,    4.1274e-03,    2.5000e-01
3.3123e-02,    4.1656e-03,    2.5000e-01
3.3430e-02,    4.2042e-03,    2.5000e-01
3.3740e-02,    4.2431e-03,    2.5000e-01
3.4052e-02,    4.2824e-03,    2.5000e-01
3.4367e-02,    4.3221e-03,    2.5000e-01
3.4686e-02,    4.3620e-03,    2.5000e-01
3.5007e-02,    4.4024e-03,    2.5000e-01
3.5331e-02,    4.4432e-03,    2.5000e-01
3.5658e-02,    4.4843e-03,    2.5000e-01
3.5988e-02,    4.5258e-03,    2.5000e-01
3.6321e-02,    4.5678e-03,    2.5000e-01
3.6658e-02,    4.6101e-03,    2.5000e-01
3.6997e-02,    4.6527e-03,    2.5000e-01
3.7339e-02,    4.6957e-03,    2.5000e-01
3.7685e-02,    4.7393e-03,    2.5000e-01
3.8034e-02,    4.7832e-03,    2.5000e-01
3.8386e-02,    4.8274e-03,    2.5000e-01
3.8742e-02,    4.8721e-03,    2.5000e-01
3.9100e-02,    4.9172e-03,    2.5000e-01
3.9462e-02,    4.9628e-03,    2.5000e-01
3.9828e-02,    5.0088e-03,    2.5000e-01
4.0197e-02,    5.0551e-03,    2.5000e-01
4.0569e-02,    5.1018e-03,    2.5000e-01
4.0944e-02,    5.1491e-03,    2.5000e-01
4.1323e-02,    5.1968e-03,    2.5000e-01
4.1706e-02,    5.2449e-03,    2.5000e-01
4.2092e-02,    5.2935e-03,    2.5000e-01
4.2482e-02,    5.3424e-03,    2.5000e-01
4.2875e-02,    5.3920e-03,    2.5000e-01
4.3272e-02,    5.4419e-03,    2.5000e-01
4.3673e-02,    5.4922e-03,    2.5000e-01
4.4077e-02,    5.5431e-03,    2.5000e-01
4.4485e-02,    5.5944e-03,    2.5000e-01
4.4897e-02,    5.6462e-03,    2.5000e-01
4.5313e-02,    5.6984e-03,    2.5000e-01
4.5732e-02,    5.7512e-03,    2.5000e-01
4.6156e-02,    5.8045e-03,    2.5000e-01
4.6583e-02,    5.8582e-03,    2.5000e-01
4.7014e-02,    5.9124e-03,    2.5000e-01
4.7450e-02,    5.9672e-03,    2.5000e-01
4.7889e-02,    6.0224e-03,    2.5000e-01
4.8332e-02,    6.0781e-03,    2.5000e-01
4.8780e-02,    6.1345e-03,    2.5000e-01
4.9232e-02,    6.1913e-03,    2.5000e-01
4.9687e-02,    6.2486e-03,    2.5000e-01
5.0147e-02,    6.3064e-03,    2.5000e-01
5.0612e-02,    6.3648e-03,    2.5000e-01
5.1080e-02,    6.4237e-03,    2.5000e-01
5.1553e-02,    6.4832e-03,    2.5000e-01
5.2031e-02,    6.5432e-03,    2.5000e-01
5.2512e-02,    6.6037e-03,    2.5000e-01
5.2998e-02,    6.6649e-03,    2.5000e-01
5.3489e-02,    6.7266e-03,    2.5000e-01
5.3984e-02,    6.7889e-03,    2.5000e-01
5.4484e-02,    6.8518e-03,    2.5000e-01
5.4989e-02,    6.9152e-03,    2.5000e-01
5.5498e-02,    6.9792e-03,    2.5000e-01
5.6012e-02,    7.0438e-03,    2.5000e-01
5.6530e-02,    7.1090e-03,    2.5000e-01
5.7054e-02,    7.1748e-03,    2.5000e-01
5.7582e-02,    7.2412e-03,    2.5000e-01
5.8115e-02,    7.3083e-03,    2.5000e-01
5.8653e-02,    7.3760e-03,    2.5000e-01
5.9196e-02,    7.4442e-03,    2.5000e-01
5.9744e-02,    7.5131e-03,    2.5000e-01
6.0297e-02,    7.5827e-03,    2.5000e-01
6.0856e-02,    7.6529e-03,    2.5000e-01
6.1419e-02,    7.7238e-03,    2.5000e-01
6.1988e-02,    7.7952e-03,    2.5000e-01
6.2562e-02,    7.8674e-03,    2.5000e-01
6.3141e-02,    7.9403e-03,    2.5000e-01
6.3726e-02,    8.0138e-03,    2.5000e-01
6.4316e-02,    8.0879e-03,    2.5000e-01
6.4911e-02,    8.1628e-03,    2.5000e-01
6.5512e-02,    8.2384e-03,    2.5000e-01
6.6119e-02,    8.3147e-03,    2.5000e-01
6.6731e-02,    8.3916e-03,    2.5000e-01
6.7349e-02,    8.4693e-03,    2.5000e-01
6.7972e-02,    8.5477e-03,    2.5000e-01
6.8601e-02,    8.6269e-03,    2.5000e-01
6.9237e-02,    8.7067e-03,    2.5000e-01
6.9878e-02,    8.7873e-03,    2.5000e-01
7.0525e-02,    8.8686e-03,    2.5000e-01
7.1178e-02,    8.9507e-03,    2.5000e-01
7.1837e-02,    9.0336e-03,    2.5000e-01
7.2502e-02,    9.1172e-03,    2.5000e-01
7.3173e-02,    9.2016e-03,    2.5000e-01
7.3851e-02,    9.2868e-03,    2.5000e-01
7.4534e-02,    9.3728e-03,    2.5000e-01
7.5224e-02,    9.4595e-03,    2.5000e-01
7.5921e-02,    9.5471e-03,    2.5000e-01
7.6624e-02,    9.6355e-03,    2.5000e-01
7.7333e-02,    9.7247e-03,    2.5000e-01
7.8049e-02,    9.8147e-03,    2.5000e-01
7.8772e-02,    9.9056e-03,    2.5000e-01
7.9501e-02,    9.9972e-03,    2.5000e-01
8.0237e-02,    1.0090e-02,    2.5000e-01
8.0980e-02,    1.0183e-02,    2.5000e-01
8.1730e-02,    1.0277e-02,    2.5000e-01
8.2487e-02,    1.0373e-02,    2.5000e-01
8.3250e-02,    1.0469e-02,    2.5000e-01
8.4021e-02,    1.0565e-02,    2.5000e-01
8.4799e-02,    1.0663e-02,    2.5000e-01
8.5584e-02,    1.0762e-02,    2.5000e-01
8.6377e-02,    1.0862e-02,    2.5000e-01
8.7176e-02,    1.0962e-02,    2.5000e-01
8.7983e-02,    1.1064e-02,    2.5000e-01
8.8798e-02,    1.1166e-02,    2.5000e-01
8.9620e-02,    1.1269e-02,    2.5000e-01
9.0450e-02,    1.1374e-02,    2.5000e-01
9.1287e-02,    1.1479e-02,    2.5000e-01
9.2133e-02,    1.1585e-02,    2.5000e-01
9.2986e-02,    1.1692e-02,    2.5000e-01
9.3847e-02,    1.1801e-02,    2.5000e-01
9.4715e-02,    1.1910e-02,    2.5000e-01
9.5592e-02,    1.2020e-02,    2.5000e-01
9.6477e-02,    1.2131e-02,    2.5000e-01
9.7371e-02,    1.2244e-02,    2.5000e-01
9.8272e-02,    1.2357e-02,    2.5000e-01
9.9182e-02,    1.2471e-02,    2.5000e-01
1.0010e-01,    1.2587e-02,    2.5000e-01
1.0103e-01,    1.2703e-02,    2.5000e-01
1.0196e-01,    1.2821e-02,    2.5000e-01
1.0291e-01,    1.2940e-02,    2.5000e-01
1.0386e-01,    1.3059e-02,    2.5000e-01
1.0482e-01,    1.3180e-02,    2.5000e-01
1.0579e-01,    1.3302e-02,    2.5000e-01
1.0677e-01,    1.3425e-02,    2.5000e-01
1.0776e-01,    1.3550e-02,    2.5000e-01
1.0876e-01,    1.3675e-02,    2.5000e-01
1.0976e-01,    1.3801e-02,    2.5000e-01
1.1078e-01,    1.3929e-02,    2.5000e-01
1.1181e-01,    1.4058e-02,    2.5000e-01
1.1284e-01,    1.4188e-02,    2.5000e-01
1.1389e-01,    1.4320e-02,    2.5000e-01
1.1494e-01,    1.4452e-02,    2.5000e-01
1.1600e-01,    1.4586e-02,    2.5000e-01
1.1708e-01,    1.4721e-02,    2.5000e-01
1.1816e-01,    1.4857e-02,    2.5000e-01
1.1926e-01,    1.4995e-02,    2.5000e-01
1.2036e-01,    1.5133e-02,    2.5000e-01
1.2148e-01,    1.5273e-02,    2.5000e-01
1.2260e-01,    1.5415e-02,    2.5000e-01
1.2374e-01,    1.5557e-02,    2.5000e-01
1.2488e-01,    1.5701e-02,    2.5000e-01
1.2604e-01,    1.5847e-02,    2.5000e-01
1.2720e-01,    1.5993e-02,    2.5000e-01
1.2838e-01,    1.6141e-02,    2.5000e-01
1.2957e-01,    1.6291e-02,    2.5000e-01
1.3077e-01,    1.6441e-02,    2.5000e-01
1.3198e-01,    1.6594e-02,    2.5000e-01
1.3320e-01,    1.6747e-02,    2.5000e-01
1.3444e-01,    1.6902e-02,    2.5000e-01
1.3568e-01,    1.7058e-02,    2.5000e-01
1.3694e-01,    1.7216e-02,    2.5000e-01
1.3820e-01,    1.7376e-02,    2.5000e-01
1.3948e-01,    1.7536e-02,    2.5000e-01
1.4078e-01,    1.7699e-02,    2.5000e-01
1.4208e-01,    1.7862e-02,    2.5000e-01
1.4339e-01,    1.8028e-02,    2.5000e-01
1.4472e-01,    1.8194e-02,    2.5000e-01
1.4606e-01,    1.8363e-02,    2.5000e-01
1.4741e-01,    1.8533e-02,    2.5000e-01
1.4878e-01,    1.8704e-02,    2.5000e-01
1.5016e-01,    1.8877e-02,    2.5000e-01
1.5155e-01,    1.9052e-02,    2.5000e-01
1.5295e-01,    1.9228e-02,    2.5000e-01
1.5437e-01,    1.9406e-02,    2.5000e-01
1.5580e-01,    1.9585e-02,    2.5000e-01
1.5724e-01,    1.9767e-02,    2.5000e-01
1.5869e-01,    1.9950e-02,    2.5000e-01
1.6016e-01,    2.0134e-02,    2.5000e-01
1.6165e-01,    2.0320e-02,    2.5000e-01
1.6314e-01,    2.0508e-02,    2.5000e-01
1.6465e-01,    2.0698e-02,    2.5000e-01
1.6618e-01,    2.0889e-02,    2.5000e-01
1.6772e-01,    2.1083e-02,    2.5000e-01
1.6927e-01,    2.1278e-02,    2.5000e-01
1.7084e-01,    2.1475e-02,    2.5000e-01
1.7242e-01,    2.1673e-02,    2.5000e-01
1.7401e-01,    2.1874e-02,    2.5000e-01
1.7563e-01,    2.2076e-02,    2.5000e-01
1.7725e-01,    2.2280e-02,    2.5000e-01
1.7889e-01,    2.2486e-02,    2.5000e-01
1.8055e-01,    2.2694e-02,    2.5000e-01
1.8222e-01,    2.2904e-02,    2.5000e-01
1.8391e-01,    2.3116e-02,    2.5000e-01
1.8561e-01,    2.3330e-02,    2.5000e-01
1.8733e-01,    2.3545e-02,    2.5000e-01
1.8906e-01,    2.3763e-02,    2.5000e-01
1.9081e-01,    2.3983e-02,    2.5000e-01
1.9258e-01,    2.4205e-02,    2.5000e-01
1.9436e-01,    2.4428e-02,    2.5000e-01
1.9616e-01,    2.4654e-02,    2.5000e-01
1.9798e-01,    2.4882e-02,    2.5000e-01
1.9981e-01,    2.5112e-02,    2.5000e-01
2.0166e-01,    2.5345e-02,    2.5000e-01
2.0353e-01,    2.5579e-02,    2.5000e-01
2.0541e-01,    2.5815e-02,    2.5000e-01
2.0732e-01,    2.6054e-02,    2.5000e-01
2.0924e-01,    2.6295e-02,    2.5000e-01
2.1117e-01,    2.6538e-02,    2.5000e-01
2.1313e-01,    2.6783e-02,    2.5000e-01
2.1510e-01,    2.7031e-02,    2.5000e-01
2.1709e-01,    2.7281e-02,    2.5000e-01
2.1910e-01,    2.7533e-02,    2.5000e-01
2.2113e-01,    2.7788e-02,    2.5000e-01
2.2318e-01,    2.8045e-02,    2.5000e-01
2.2525e-01,    2.8304e-02,    2.5000e-01
2.2733e-01,    2.8565e-02,    2.5000e-01
2.2944e-01,    2.8829e-02,    2.5000e-01
2.3156e-01,    2.9096e-02,    2.5000e-01
2.3370e-01,    2.9365e-02,    2.5000e-01
2.3587e-01,    2.9636e-02,    2.5000e-01
2.3805e-01,    2.9910e-02,    2.5000e-01
2.4026e-01,    3.0186e-02,    2.5000e-01
2.4248e-01,    3.0465e-02,    2.5000e-01
2.4473e-01,    3.0747e-02,    2.5000e-01
2.4699e-01,    3.1031e-02,    2.5000e-01
2.4928e-01,    3.1318e-02,    2.5000e-01
2.5159e-01,    3.1607e-02,    2.5000e-01
2.5392e-01,    3.1899e-02,    2.5000e-01
2.5627e-01,    3.2194e-02,    2.5000e-01
2.5864e-01,    3.2491e-02,    2.5000e-01
2.6103e-01,    3.2791e-02,    2.5000e-01
2.6345e-01,    3.3094e-02,    2.5000e-01
2.6589e-01,    3.3400e-02,    2.5000e-01
2.6835e-01,    3.3708e-02,    2.5000e-01
2.7084e-01,    3.4020e-02,    2.5000e-01
2.7334e-01,    3.4334e-02,    2.5000e-01
2.7587e-01,    3.4651e-02,    2.5000e-01
2.7843e-01,    3.4971e-02,    2.5000e-01
2.8101e-01,    3.5294e-02,    2.5000e-01
2.8361e-01,    3.5620e-02,    2.5000e-01
2.8623e-01,    3.5949e-02,    2.5000e-01
2.8888e-01,    3.6281e-02,    2.5000e-01
2.9156e-01,    3.6616e-02,    2.5000e-01
2.9426e-01,    3.6954e-02,    2.5000e-01
2.9698e-01,    3.7295e-02,    2.5000e-01
2.9973e-01,    3.7639e-02,    2.5000e-01
3.0251e-01,    3.7987e-02,    2.5000e-01
3.0531e-01,    3.8337e-02,    2.5000e-01
3.0814e-01,    3.8691e-02,    2.5000e-01
3.1099e-01,    3.9048e-02,    2.5000e-01
3.1387e-01,    3.9409e-02,    2.5000e-01
3.1677e-01,    3.9772e-02,    2.5000e-01
3.1971e-01,    4.0139e-02,    2.5000e-01
3.2267e-01,    4.0510e-02,    2.5000e-01
3.2565e-01,    4.0883e-02,    2.5000e-01
3.2867e-01,    4.1261e-02,    2.5000e-01
3.3171e-01,    4.1641e-02,    2.5000e-01
3.3478e-01,    4.2025e-02,    2.5000e-01
3.3788e-01,    4.2413e-02,    2.5000e-01
3.4101e-01,    4.2804e-02,    2.5000e-01
3.4417e-01,    4.3199e-02,    2.5000e-01
3.4736e-01,    4.3597e-02,    2.5000e-01
3.5057e-01,    4.3999e-02,    2.5000e-01
3.5382e-01,    4.4405e-02,    2.5000e-01
3.5709e-01,    4.4815e-02,    2.5000e-01
3.6040e-01,    4.5228e-02,    2.5000e-01
3.6374e-01,    4.5645e-02,    2.5000e-01
3.6710e-01,    4.6065e-02,    2.5000e-01
3.7050e-01,    4.6490e-02,    2.5000e-01
3.7393e-01,    4.6918e-02,    2.5000e-01
3.7740e-01,    4.7351e-02,    2.5000e-01
3.8089e-01,    4.7787e-02,    2.5000e-01
3.8442e-01,    4.8227e-02,    2.5000e-01
3.8798e-01,    4.8672e-02,    2.5000e-01
3.9157e-01,    4.9120e-02,    2.5000e-01
3.9519e-01,    4.9573e-02,    2.5000e-01
3.9885e-01,    5.0029e-02,    2.5000e-01
4.0254e-01,    5.0490e-02,    2.5000e-01
4.0627e-01,    5.0955e-02,    2.5000e-01
4.1003e-01,    5.1424e-02,    2.5000e-01
4.1383e-01,    5.1897e-02,    2.5000e-01
4.1766e-01,    5.2375e-02,    2.5000e-01
4.2153e-01,    5.2857e-02,    2.5000e-01
4.2543e-01,    5.3344e-02,    2.5000e-01
4.2937e-01,    5.3835e-02,    2.5000e-01
4.3334e-01,    5.4330e-02,    2.5000e-01
4.3736e-01,    5.4830e-02,    2.5000e-01
4.4141e-01,    5.5334e-02,    2.5000e-01
4.4549e-01,    5.5843e-02,    2.5000e-01
4.4962e-01,    5.6357e-02,    2.5000e-01
4.5378e-01,    5.6875e-02,    2.5000e-01
4.5798e-01,    5.7398e-02,    2.5000e-01
4.6222e-01,    5.7926e-02,    2.5000e-01
4.6650e-01,    5.8459e-02,    2.5000e-01
4.7082e-01,    5.8996e-02,    2.5000e-01
4.7518e-01,    5.9538e-02,    2.5000e-01
4.7958e-01,    6.0085e-02,    2.5000e-01
4.8402e-01,    6.0637e-02,    2.5000e-01
4.8850e-01,    6.1194e-02,    2.5000e-01
4.9302e-01,    6.1756e-02,    2.5000e-01
4.9759e-01,    6.2324e-02,    2.5000e-01
5.0220e-01,    6.2896e-02,    2.5000e-01
5.0685e-01,    6.3473e-02,    2.5000e-01
5.1154e-01,    6.4056e-02,    2.5000e-01
5.1628e-01,    6.4644e-02,    2.5000e-01
5.2106e-01,    6.5237e-02,    2.5000e-01
5.2588e-01,    6.5836e-02,    2.5000e-01
5.3075e-01,    6.6440e-02,    2.5000e-01
5.3566e-01,    6.7049e-02,    2.5000e-01
5.4062e-01,    6.7664e-02,    2.5000e-01
5.4563e-01,    6.8284e-02,    2.5000e-01
5.5068e-01,    6.8910e-02,    2.5000e-01
5.5578e-01,    6.9542e-02,    2.5000e-01
5.6092e-01,    7.0179e-02,    2.5000e-01
5.6612e-01,    7.0822e-02,    2.5000e-01
5.7136e-01,    7.1471e-02,    2.5000e-01
5.7665e-01,    7.2125e-02,    2.5000e-01
5.8199e-01,    7.2786e-02,    2.5000e-01
5.8738e-01,    7.3452e-02,    2.5000e-01
5.9281e-01,    7.4124e-02,    2.5000e-01
5.9830e-01,    7.4803e-02,    2.5000e-01
6.0384e-01,    7.5487e-02,    2.5000e-01
6.0943e-01,    7.6178e-02,    2.5000e-01
6.1508e-01,    7.6874e-02,    2.5000e-01
6.2077e-01,    7.7577e-02,    2.5000e-01
6.2652e-01,    7.8286e-02,    2.5000e-01
6.3232e-01,    7.9002e-02,    2.5000e-01
6.3817e-01,    7.9723e-02,    2.5000e-01
6.4408e-01,    8.0452e-02,    2.5000e-01
6.5005e-01,    8.1186e-02,    2.5000e-01
6.5606e-01,    8.1927e-02,    2.5000e-01
6.6214e-01,    8.2675e-02,    2.5000e-01
6.6827e-01,    8.3430e-02,    2.5000e-01
6.7446e-01,    8.4191e-02,    2.5000e-01
6.8070e-01,    8.4958e-02,    2.5000e-01
6.8700e-01,    8.5733e-02,    2.5000e-01
6.9336e-01,    8.6514e-02,    2.5000e-01
6.9978e-01,    8.7303e-02,    2.5000e-01
7.0626e-01,    8.8098e-02,    2.5000e-01
7.1280e-01,    8.8900e-02,    2.5000e-01
7.1940e-01,    8.9710e-02,    2.5000e-01
7.2606e-01,    9.0526e-02,    2.5000e-01
7.3278e-01,    9.1350e-02,    2.5000e-01
7.3957e-01,    9.2180e-02,    2.5000e-01
7.4642e-01,    9.3019e-02,    2.5000e-01
7.5333e-01,    9.3864e-02,    2.5000e-01
7.6030e-01,    9.4717e-02,    2.5000e-01
7.6734e-01,    9.5577e-02,    2.5000e-01
7.7445e-01,    9.6445e-02,    2.5000e-01
7.8162e-01,    9.7320e-02,    2.5000e-01
7.8885e-01,    9.8203e-02,    2.5000e-01
7.9616e-01,    9.9094e-02,    2.5000e-01
8.0353e-01,    9.9992e-02,    2.5000e-01
8.1097e-01,    1.0090e-01,    2.5000e-01
8.1848e-01,    1.0181e-01,    2.5000e-01
8.2605e-01,    1.0273e-01,    2.5000e-01
8.3370e-01,    1.0366e-01,    2.5000e-01
8.4142e-01,    1.0460e-01,    2.5000e-01
8.4921e-01,    1.0555e-01,    2.5000e-01
8.5708e-01,    1.0650e-01,    2.5000e-01
8.6501e-01,    1.0747e-01,    2.5000e-01
8.7302e-01,    1.0844e-01,    2.5000e-01
8.8110e-01,    1.0942e-01,    2.5000e-01
8.8926e-01,    1.1040e-01,    2.5000e-01
8.9749e-01,    1.1140e-01,    2.5000e-01
9.0580e-01,    1.1240e-01,    2.5000e-01
9.1419e-01,    1.1342e-01,    2.5000e-01
9.2265e-01,    1.1444e-01,    2.5000e-01
9.3120e-01,    1.1547e-01,    2.5000e-01
9.3982e-01,    1.1651e-01,    2.5000e-01
9.4852e-01,    1.1755e-01,    2.5000e-01
9.5730e-01,    1.1861e-01,    2.5000e-01
9.6617e-01,    1.1968e-01,    2.5000e-01
9.7511e-01,    1.2075e-01,    2.5000e-01
9.8414e-01,    1.2183e-01,    2.5000e-01
9.9325e-01,    1.2293e-01,    2.5000e-01
1.0024e+00,    1.2403e-01,    2.5000e-01
1.0117e+00,    1.2514e-01,    2.5000e-01
1.0211e+00,    1.2626e-01,    2.5000e-01
1.0305e+00,    1.2739e-01,    2.5000e-01
1.0401e+00,    1.2853e-01,    2.5000e-01
1.0497e+00,    1.2968e-01,    2.5000e-01
1.0594e+00,    1.3083e-01,    2.5000e-01
1.0692e+00,    1.3200e-01,    2.5000e-01
1.0791e+00,    1.3318e-01,    2.5000e-01
1.0891e+00,    1.3437e-01,    2.5000e-01
1.0992e+00,    1.3556e-01,    2.5000e-01
1.1094e+00,    1.3677e-01,    2.5000e-01
1.1197e+00,    1.3799e-01,    2.5000e-01
1.1300e+00,    1.3921e-01,    2.5000e-01
1.1405e+00,    1.4045e-01,    2.5000e-01
1.1511e+00,    1.4169e-01,    2.5000e-01
1.1617e+00,    1.4295e-01,    2.5000e-01
1.1725e+00,    1.4422e-01,    2.5000e-01
1.1833e+00,    1.4549e-01,    2.5000e-01
1.1943e+00,    1.4678e-01,    2.5000e-01
1.2053e+00,    1.4808e-01,    2.5000e-01
1.2165e+00,    1.4939e-01,    2.5000e-01
1.2278e+00,    1.5070e-01,    2.5000e-01
1.2391e+00,    1.5203e-01,    2.5000e-01
1.2506e+00,    1.5337e-01,    2.5000e-01
1.2622e+00,    1.5472e-01,    2.5000e-01
1.2739e+00,    1.5608e-01,    2.5000e-01
1.2857e+00,    1.5745e-01,    2.5000e-01
1.2976e+00,    1.5883e-01,    2.5000e-01
1.3096e+00,    1.6023e-01,    2.5000e-01
1.3217e+00,    1.6163e-01,    2.5000e-01
1.3339e+00,    1.6304e-01,    2.5000e-01
1.3463e+00,    1.6447e-01,    2.5000e-01
1.3588e+00,    1.6590e-01,    2.5000e-01
1.3713e+00,    1.6735e-01,    2.5000e-01
1.3840e+00,    1.6881e-01,    2.5000e-01
1.3969e+00,    1.7028e-01,    2.5000e-01
1.4098e+00,    1.7176e-01,    2.5000e-01
1.4228e+00,    1.7325e-01,    2.5000e-01
1.4360e+00,    1.7475e-01,    2.5000e-01
1.4493e+00,    1.7627e-01,    2.5000e-01
1.4627e+00,    1.7779e-01,    2.5000e-01
1.4763e+00,    1.7933e-01,    2.5000e-01
1.4899e+00,    1.8088e-01,    2.5000e-01
1.5037e+00,    1.8244e-01,    2.5000e-01
1.5177e+00,    1.8401e-01,    2.5000e-01
1.5317e+00,    1.8559e-01,    2.5000e-01
1.5459e+00,    1.8718e-01,    2.5000e-01
1.5602e+00,    1.8879e-01,    2.5000e-01
1.5746e+00,    1.9041e-01,    2.5000e-01
1.5892e+00,    1.9204e-01,    2.5000e-01
1.6039e+00,    1.9368e-01,    2.5000e-01
1.6188e+00,    1.9533e-01,    2.5000e-01
1.6338e+00,    1.9699e-01,    2.5000e-01
1.6489e+00,    1.9867e-01,    2.5000e-01
1.6642e+00,    2.0035e-01,    2.5000e-01
1.6796e+00,    2.0205e-01,    2.5000e-01
1.6951e+00,    2.0376e-01,    2.5000e-01
1.7108e+00,    2.0549e-01,    2.5000e-01
1.7267e+00,    2.0722e-01,    2.5000e-01
1.7427e+00,    2.0897e-01,    2.5000e-01
1.7588e+00,    2.1072e-01,    2.5000e-01
1.7751e+00,    2.1249e-01,    2.5000e-01
1.7915e+00,    2.1427e-01,    2.5000e-01
1.8081e+00,    2.1607e-01,    2.5000e-01
1.8248e+00,    2.1787e-01,    2.5000e-01
1.8417e+00,    2.1969e-01,    2.5000e-01
1.8588e+00,    2.2152e-01,    2.5000e-01
1.8760e+00,    2.2336e-01,    2.5000e-01
1.8934e+00,    2.2521e-01,    2.5000e-01
1.9109e+00,    2.2707e-01,    2.5000e-01
1.9286e+00,    2.2895e-01,    2.5000e-01
1.9464e+00,    2.3084e-01,    2.5000e-01
1.9645e+00,    2.3274e-01,    2.5000e-01
1.9827e+00,    2.3465e-01,    2.5000e-01
2.0010e+00,    2.3657e-01,    2.5000e-01
2.0195e+00,    2.3850e-01,    2.5000e-01
2.0382e+00,    2.4045e-01,    2.5000e-01
2.0571e+00,    2.4241e-01,    2.5000e-01
2.0762e+00,    2.4438e-01,    2.5000e-01
2.0954e+00,    2.4636e-01,    2.5000e-01
2.1148e+00,    2.4835e-01,    2.5000e-01
2.1344e+00,    2.5035e-01,    2.5000e-01
2.1541e+00,    2.5237e-01,    2.5000e-01
2.1741e+00,    2.5440e-01,    2.5000e-01
2.1942e+00,    2.5643e-01,    2.5000e-01
2.2145e+00,    2.5848e-01,    2.5000e-01
2.2350e+00,    2.6054e-01,    2.5000e-01
2.2557e+00,    2.6262e-01,    2.5000e-01
2.2766e+00,    2.6470e-01,    2.5000e-01
2.2977e+00,    2.6679e-01,    2.5000e-01
2.3189e+00,    2.6890e-01,    2.5000e-01
2.3404e+00,    2.7101e-01,    2.5000e-01
2.3621e+00,    2.7314e-01,    2.5000e-01
2.3839e+00,    2.7528e-01,    2.5000e-01
2.4060e+00,    2.7743e-01,    2.5000e-01
2.4283e+00,    2.7958e-01,    2.5000e-01
2.4508e+00,    2.8175e-01,    2.5000e-01
2.4735e+00,    2.8393e-01,    2.5000e-01
2.4964e+00,    2.8612e-01,    2.5000e-01
2.5195e+00,    2.8832e-01,    2.5000e-01
2.5428e+00,    2.9053e-01,    2.5000e-01
2.5664e+00,    2.9275e-01,    2.5000e-01
2.5901e+00,    2.9498e-01,    2.5000e-01
2.6141e+00,    2.9722e-01,    2.5000e-01
2.6383e+00,    2.9947e-01,    2.5000e-01
2.6627e+00,    3.0173e-01,    2.5000e-01
2.6874e+00,    3.0400e-01,    2.5000e-01
2.7123e+00,    3.0628e-01,    2.5000e-01
2.7374e+00,    3.0857e-01,    2.5000e-01
2.7627e+00,    3.1087e-01,    2.5000e-01
2.7883e+00,    3.1317e-01,    2.5000e-01
2.8141e+00,    3.1549e-01,    2.5000e-01
2.8402e+00,    3.1781e-01,    2.5000e-01
2.8665e+00,    3.2014e-01,    2.5000e-01
2.8930e+00,    3.2248e-01,    2.5000e-01
2.9198e+00,    3.2483e-01,    2.5000e-01
2.9468e+00,    3.2719e-01,    2.5000e-01
2.9741e+00,    3.2955e-01,    2.5000e-01
3.0016e+00,    3.3192e-01,    2.5000e-01
3.0294e+00,    3.3430e-01,    2.5000e-01
3.0575e+00,    3.3669e-01,    2.5000e-01
3.0858e+00,    3.3908e-01,    2.5000e-01
3.1144e+00,    3.4149e-01,    2.5000e-01
3.1432e+00,    3.4389e-01,    2.5000e-01
3.1723e+00,    3.4631e-01,    2.5000e-01
3.2017e+00,    3.4873e-01,    2.5000e-01
3.2313e+00,    3.5116e-01,    2.5000e-01
3.2612e+00,    3.5359e-01,    2.5000e-01
3.2914e+00,    3.5604e-01,    2.5000e-01
3.3219e+00,    3.5848e-01,    2.5000e-01
3.3527e+00,    3.6093e-01,    2.5000e-01
3.3837e+00,    3.6339e-01,    2.5000e-01
3.4150e+00,    3.6586e-01,    2.5000e-01
3.4466e+00,    3.6832e-01,    2.5000e-01
3.4786e+00,    3.7080e-01,    2.5000e-01
3.5108e+00,    3.7327e-01,    2.5000e-01
3.5433e+00,    3.7576e-01,    2.5000e-01
3.5761e+00,    3.7824e-01,    2.5000e-01
3.6092e+00,    3.8073e-01,    2.5000e-01
3.6426e+00,    3.8323e-01,    2.5000e-01
3.6763e+00,    3.8572e-01,    2.5000e-01
3.7104e+00,    3.8823e-01,    2.5000e-01
3.7447e+00,    3.9073e-01,    2.5000e-01
3.7794e+00,    3.9324e-01,    2.5000e-01
3.8144e+00,    3.9575e-01,    2.5000e-01
3.8497e+00,    3.9826e-01,    2.5000e-01
3.8853e+00,    4.0077e-01,    2.5000e-01
3.9213e+00,    4.0329e-01,    2.5000e-01
3.9576e+00,    4.0581e-01,    2.5000e-01
3.9943e+00,    4.0833e-01,    2.5000e-01
4.0312e+00,    4.1085e-01,    2.5000e-01
4.0686e+00,    4.1338e-01,    2.5000e-01
4.1062e+00,    4.1590e-01,    2.5000e-01
4.1443e+00,    4.1842e-01,    2.5000e-01
4.1826e+00,    4.2095e-01,    2.5000e-01
4.2214e+00,    4.2347e-01,    2.5000e-01
4.2604e+00,    4.2600e-01,    2.5000e-01
4.2999e+00,    4.2853e-01,    2.5000e-01
4.3397e+00,    4.3105e-01,    2.5000e-01
4.3799e+00,    4.3358e-01,    2.5000e-01
4.4204e+00,    4.3610e-01,    2.5000e-01
4.4614e+00,    4.3862e-01,    2.5000e-01
4.5027e+00,    4.4114e-01,    2.5000e-01
4.5443e+00,    4.4366e-01,    2.5000e-01
4.5864e+00,    4.4618e-01,    2.5000e-01
4.6289e+00,    4.4870e-01,    2.5000e-01
4.6717e+00,    4.5121e-01,    2.5000e-01
4.7150e+00,    4.5372e-01,    2.5000e-01
4.7587e+00,    4.5623e-01,    2.5000e-01
4.8027e+00,    4.5874e-01,    2.5000e-01
4.8472e+00,    4.6124e-01,    2.5000e-01
4.8921e+00,    4.6374e-01,    2.5000e-01
4.9374e+00,    4.6624e-01,    2.5000e-01
4.9831e+00,    4.6873e-01,    2.5000e-01
5.0292e+00,    4.7122e-01,    2.5000e-01
5.0758e+00,    4.7371e-01,    2.5000e-01
5.1228e+00,    4.7619e-01,    2.5000e-01
5.1702e+00,    4.7867e-01,    2.5000e-01
5.2181e+00,    4.8114e-01,    2.5000e-01
5.2664e+00,    4.8361e-01,    2.5000e-01
5.3151e+00,    4.8607e-01,    2.5000e-01
5.3643e+00,    4.8853e-01,    2.5000e-01
5.4140e+00,    4.9098e-01,    2.5000e-01
5.4641e+00,    4.9343e-01,    2.5000e-01
5.5147e+00,    4.9587e-01,    2.5000e-01
5.5658e+00,    4.9830e-01,    2.5000e-01
5.6173e+00,    5.0073e-01,    2.5000e-01
5.6693e+00,    5.0316e-01,    2.5000e-01
5.7218e+00,    5.0557e-01,    2.5000e-01
5.7748e+00,    5.0798e-01,    2.5000e-01
5.8283e+00,    5.1039e-01,    2.5000e-01
5.8822e+00,    5.1278e-01,    2.5000e-01
5.9367e+00,    5.1517e-01,    2.5000e-01
5.9917e+00,    5.1756e-01,    2.5000e-01
6.0471e+00,    5.1993e-01,    2.5000e-01
6.1031e+00,    5.2230e-01,    2.5000e-01
6.1596e+00,    5.2466e-01,    2.5000e-01
6.2167e+00,    5.2702e-01,    2.5000e-01
6.2742e+00,    5.2936e-01,    2.5000e-01
6.3323e+00,    5.3170e-01,    2.5000e-01
6.3909e+00,    5.3403e-01,    2.5000e-01
6.4501e+00,    5.3636e-01,    2.5000e-01
6.5098e+00,    5.3867e-01,    2.5000e-01
6.5701e+00,    5.4098e-01,    2.5000e-01
6.6309e+00,    5.4327e-01,    2.5000e-01
6.6923e+00,    5.4556e-01,    2.5000e-01
6.7543e+00,    5.4784e-01,    2.5000e-01
6.8168e+00,    5.5011e-01,    2.5000e-01
6.8799e+00,    5.5238e-01,    2.5000e-01
6.9436e+00,    5.5463e-01,    2.5000e-01
7.0079e+00,    5.5688e-01,    2.5000e-01
7.0728e+00,    5.5912e-01,    2.5000e-01
7.1383e+00,    5.6134e-01,    2.5000e-01
7.2044e+00,    5.6356e-01,    2.5000e-01
7.2711e+00,    5.6577e-01,    2.5000e-01
7.3384e+00,    5.6797e-01,    2.5000e-01
7.4064e+00,    5.7016e-01,    2.5000e-01
7.4749e+00,    5.7234e-01,    2.5000e-01
7.5441e+00,    5.7452e-01,    2.5000e-01
7.6140e+00,    5.7668e-01,    2.5000e-01
7.6845e+00,    5.7883e-01,    2.5000e-01
7.7556e+00,    5.8098e-01,    2.5000e-01
7.8274e+00,    5.8311e-01,    2.5000e-01
7.8999e+00,    5.8524e-01,    2.5000e-01
7.9730e+00,    5.8735e-01,    2.5000e-01
8.0469e+00,    5.8946e-01,    2.5000e-01
8.1214e+00,    5.9155e-01,    2.5000e-01
8.1966e+00,    5.9364e-01,    2.5000e-01
8.2725e+00,    5.9571e-01,    2.5000e-01
8.3490e+00,    5.9778e-01,    2.5000e-01
8.4263e+00,    5.9984e-01,    2.5000e-01
8.5044e+00,    6.0189e-01,    2.5000e-01
8.5831e+00,    6.0392e-01,    2.5000e-01
8.6626e+00,    6.0595e-01,    2.5000e-01
8.7428e+00,    6.0797e-01,    2.5000e-01
8.8237e+00,    6.0998e-01,    2.5000e-01
8.9054e+00,    6.1197e-01,    2.5000e-01
8.9879e+00,    6.1396e-01,    2.5000e-01
9.0711e+00,    6.1594e-01,    2.5000e-01
9.1551e+00,    6.1791e-01,    2.5000e-01
9.2398e+00,    6.1987e-01,    2.5000e-01
9.3254e+00,    6.2182e-01,    2.5000e-01
9.4117e+00,    6.2376e-01,    2.5000e-01
9.4989e+00,    6.2569e-01,    2.5000e-01
9.5868e+00,    6.2761e-01,    2.5000e-01
9.6756e+00,    6.2952e-01,    2.5000e-01
9.7652e+00,    6.3142e-01,    2.5000e-01
9.8556e+00,    6.3331e-01,    2.5000e-01
9.9468e+00,    6.3519e-01,    2.5000e-01
1.0039e+01,    6.3706e-01,    2.5000e-01
1.0132e+01,    6.3892e-01,    2.5000e-01
1.0226e+01,    6.4078e-01,    2.5000e-01
1.0320e+01,    6.4262e-01,    2.5000e-01
1.0416e+01,    6.4445e-01,    2.5000e-01
1.0512e+01,    6.4627e-01,    2.5000e-01
1.0610e+01,    6.4809e-01,    2.5000e-01
1.0708e+01,    6.4989e-01,    2.5000e-01
1.0807e+01,    6.5169e-01,    2.5000e-01
1.0907e+01,    6.5347e-01,    2.5000e-01
1.1008e+01,    6.5525e-01,    2.5000e-01
1.1110e+01,    6.5702e-01,    2.5000e-01
1.1213e+01,    6.5877e-01,    2.5000e-01
1.1317e+01,    6.6052e-01,    2.5000e-01
1.1421e+01,    6.6226e-01,    2.5000e-01
1.1527e+01,    6.6399e-01,    2.5000e-01
1.1634e+01,    6.6571e-01,    2.5000e-01
1.1742e+01,    6.6742e-01,    2.5000e-01
1.1850e+01,    6.6912e-01,    2.5000e-01
1.1960e+01,    6.7082e-01,    2.5000e-01
1.2071e+01,    6.7250e-01,    2.5000e-01
1.2183e+01,    6.7418e-01,    2.5000e-01
1.2295e+01,    6.7584e-01,    2.5000e-01
1.2409e+01,    6.7750e-01,    2.5000e-01
1.2524e+01,    6.7915e-01,    2.5000e-01
1.2640e+01,    6.8079e-01,    2.5000e-01
1.2757e+01,    6.8242e-01,    2.5000e-01
1.2875e+01,    6.8404e-01,    2.5000e-01
1.2994e+01,    6.8565e-01,    2.5000e-01
1.3115e+01,    6.8726e-01,    2.5000e-01
1.3236e+01,    6.8885e-01,    2.5000e-01
1.3359e+01,    6.9044e-01,    2.5000e-01
1.3482e+01,    6.9202e-01,    2.5000e-01
1.3607e+01,    6.9359e-01,    2.5000e-01
1.3733e+01,    6.9515e-01,    2.5000e-01
1.3860e+01,    6.9671e-01,    2.5000e-01
1.3989e+01,    6.9825e-01,    2.5000e-01
1.4118e+01,    6.9979e-01,    2.5000e-01
1.4249e+01,    7.0132e-01,    2.5000e-01
1.4381e+01,    7.0284e-01,    2.5000e-01
1.4514e+01,    7.0435e-01,    2.5000e-01
1.4648e+01,    7.0585e-01,    2.5000e-01
1.4784e+01,    7.0735e-01,    2.5000e-01
1.4921e+01,    7.0884e-01,    2.5000e-01
1.5059e+01,    7.1031e-01,    2.5000e-01
1.5198e+01,    7.1179e-01,    2.5000e-01
1.5339e+01,    7.1325e-01,    2.5000e-01
1.5481e+01,    7.1471e-01,    2.5000e-01
1.5625e+01,    7.1615e-01,    2.5000e-01
1.5769e+01,    7.1759e-01,    2.5000e-01
1.5915e+01,    7.1903e-01,    2.5000e-01
1.6063e+01,    7.2045e-01,    2.5000e-01
1.6211e+01,    7.2187e-01,    2.5000e-01
1.6361e+01,    7.2328e-01,    2.5000e-01
1.6513e+01,    7.2468e-01,    2.5000e-01
1.6666e+01,    7.2607e-01,    2.5000e-01
1.6820e+01,    7.2746e-01,    2.5000e-01
1.6976e+01,    7.2884e-01,    2.5000e-01
1.7133e+01,    7.3021e-01,    2.5000e-01
1.7292e+01,    7.3157e-01,    2.5000e-01
1.7452e+01,    7.3293e-01,    2.5000e-01
1.7613e+01,    7.3428e-01,    2.5000e-01
1.7776e+01,    7.3562e-01,    2.5000e-01
1.7941e+01,    7.3696e-01,    2.5000e-01
1.8107e+01,    7.3829e-01,    2.5000e-01
1.8275e+01,    7.3961e-01,    2.5000e-01
1.8444e+01,    7.4092e-01,    2.5000e-01
1.8615e+01,    7.4223e-01,    2.5000e-01
1.8787e+01,    7.4353e-01,    2.5000e-01
1.8961e+01,    7.4482e-01,    2.5000e-01
1.9136e+01,    7.4611e-01,    2.5000e-01
1.9314e+01,    7.4738e-01,    2.5000e-01
1.9492e+01,    7.4866e-01,    2.5000e-01
1.9673e+01,    7.4992e-01,    2.5000e-01
1.9855e+01,    7.5118e-01,    2.5000e-01
2.0039e+01,    7.5243e-01,    2.5000e-01
2.0224e+01,    7.5368e-01,    2.5000e-01
2.0412e+01,    7.5491e-01,    2.5000e-01
2.0601e+01,    7.5615e-01,    2.5000e-01
2.0791e+01,    7.5737e-01,    2.5000e-01
2.0984e+01,    7.5859e-01,    2.5000e-01
2.1178e+01,    7.5980e-01,    2.5000e-01
2.1374e+01,    7.6101e-01,    2.5000e-01
2.1572e+01,    7.6221e-01,    2.5000e-01
2.1772e+01,    7.6340e-01,    2.5000e-01
2.1974e+01,    7.6459e-01,    2.5000e-01
2.2177e+01,    7.6577e-01,    2.5000e-01
2.2382e+01,    7.6694e-01,    2.5000e-01
2.2590e+01,    7.6811e-01,    2.5000e-01
2.2799e+01,    7.6927e-01,    2.5000e-01
2.3010e+01,    7.7042e-01,    2.5000e-01
2.3223e+01,    7.7157e-01,    2.5000e-01
2.3438e+01,    7.7271e-01,    2.5000e-01
2.3655e+01,    7.7385e-01,    2.5000e-01
2.3874e+01,    7.7498e-01,    2.5000e-01
2.4095e+01,    7.7611e-01,    2.5000e-01
2.4318e+01,    7.7723e-01,    2.5000e-01
2.4543e+01,    7.7834e-01,    2.5000e-01
2.4770e+01,    7.7944e-01,    2.5000e-01
2.5000e+01,    7.8055e-01,    2.5000e-01
2.5231e+01,    7.8164e-01,    2.5000e-01
2.5465e+01,    7.8273e-01,    2.5000e-01
2.5701e+01,    7.8381e-01,    2.5000e-01
2.5938e+01,    7.8489e-01,    2.5000e-01
2.6179e+01,    7.8596e-01,    2.5000e-01
2.6421e+01,    7.8703e-01,    2.5000e-01
2.6666e+01,    7.8809e-01,    2.5000e-01
2.6913e+01,    7.8915e-01,    2.5000e-01
2.7162e+01,    7.9020e-01,    2.5000e-01
2.7413e+01,    7.9124e-01,    2.5000e-01
2.7667e+01,    7.9228e-01,    2.5000e-01
2.7923e+01,    7.9331e-01,    2.5000e-01
2.8182e+01,    7.9434e-01,    2.5000e-01
2.8443e+01,    7.9536e-01,    2.5000e-01
2.8706e+01,    7.9638e-01,    2.5000e-01
2.8972e+01,    7.9739e-01,    2.5000e-01
2.9240e+01,    7.9840e-01,    2.5000e-01
2.9511e+01,    7.9940e-01,    2.5000e-01
2.9784e+01,    8.0039e-01,    2.5000e-01
3.0060e+01,    8.0138e-01,    2.5000e-01
3.0338e+01,    8.0237e-01,    2.5000e-01
3.0619e+01,    8.0335e-01,    2.5000e-01
3.0902e+01,    8.0432e-01,    2.5000e-01
3.1189e+01,    8.0529e-01,    2.5000e-01
3.1477e+01,    8.0626e-01,    2.5000e-01
3.1769e+01,    8.0722e-01,    2.5000e-01
3.2063e+01,    8.0817e-01,    2.5000e-01
3.2360e+01,    8.0912e-01,    2.5000e-01
3.2659e+01,    8.1007e-01,    2.5000e-01
3.2962e+01,    8.1101e-01,    2.5000e-01
3.3267e+01,    8.1194e-01,    2.5000e-01
3.3575e+01,    8.1287e-01,    2.5000e-01
3.3886e+01,    8.1380e-01,    2.5000e-01
3.4199e+01,    8.1472e-01,    2.5000e-01
3.4516e+01,    8.1563e-01,    2.5000e-01
3.4836e+01,    8.1654e-01,    2.5000e-01
3.5158e+01,    8.1745e-01,    2.5000e-01
3.5484e+01,    8.1835e-01,    2.5000e-01
3.5812e+01,    8.1925e-01,    2.5000e-01
3.6144e+01,    8.2014e-01,    2.5000e-01
3.6479e+01,    8.2103e-01,    2.5000e-01
3.6816e+01,    8.2191e-01,    2.5000e-01
3.7157e+01,    8.2279e-01,    2.5000e-01
3.7501e+01,    8.2366e-01,    2.5000e-01
3.7848e+01,    8.2453e-01,    2.5000e-01
3.8199e+01,    8.2539e-01,    2.5000e-01
3.8552e+01,    8.2625e-01,    2.5000e-01
3.8909e+01,    8.2711e-01,    2.5000e-01
3.9270e+01,    8.2796e-01,    2.5000e-01
3.9633e+01,    8.2881e-01,    2.5000e-01
4.0000e+01,    8.2965e-01,    2.5000e-01
4.0371e+01,    8.3049e-01,    2.5000e-01
4.0744e+01,    8.3132e-01,    2.5000e-01
4.1122e+01,    8.3215e-01,    2.5000e-01
4.1502e+01,    8.3298e-01,    2.5000e-01
4.1887e+01,    8.3380e-01,    2.5000e-01
4.2274e+01,    8.3461e-01,    2.5000e-01
4.2666e+01,    8.3542e-01,    2.5000e-01
4.3061e+01,    8.3623e-01,    2.5000e-01
4.3459e+01,    8.3704e-01,    2.5000e-01
4.3862e+01,    8.3784e-01,    2.5000e-01
4.4268e+01,    8.3863e-01,    2.5000e-01
4.4678e+01,    8.3942e-01,    2.5000e-01
4.5091e+01,    8.4021e-01,    2.5000e-01
4.5509e+01,    8.4099e-01,    2.5000e-01
4.5930e+01,    8.4177e-01,    2.5000e-01
4.6356e+01,    8.4255e-01,    2.5000e-01
4.6785e+01,    8.4332e-01,    2.5000e-01
4.7218e+01,    8.4409e-01,    2.5000e-01
4.7655e+01,    8.4485e-01,    2.5000e-01
4.8096e+01,    8.4561e-01,    2.5000e-01
4.8542e+01,    8.4636e-01,    2.5000e-01
4.8991e+01,    8.4712e-01,    2.5000e-01
4.9445e+01,    8.4786e-01,    2.5000e-01
4.9902e+01,    8.4861e-01,    2.5000e-01
5.0365e+01,    8.4935e-01,    2.5000e-01
5.0831e+01,    8.5008e-01,    2.5000e-01
5.1301e+01,    8.5082e-01,    2.5000e-01
5.1776e+01,    8.5154e-01,    2.5000e-01
5.2256e+01,    8.5227e-01,    2.5000e-01
5.2740e+01,    8.5299e-01,    2.5000e-01
5.3228e+01,    8.5371e-01,    2.5000e-01
5.3721e+01,    8.5442e-01,    2.5000e-01
5.4218e+01,    8.5513e-01,    2.5000e-01
5.4720e+01,    8.5584e-01,    2.5000e-01
5.5227e+01,    8.5654e-01,    2.5000e-01
5.5738e+01,    8.5724e-01,    2.5000e-01
5.6254e+01,    8.5794e-01,    2.5000e-01
5.6775e+01,    8.5863e-01,    2.5000e-01
5.7301e+01,    8.5932e-01,    2.5000e-01
5.7831e+01,    8.6000e-01,    2.5000e-01
5.8367e+01,    8.6069e-01,    2.5000e-01
5.8907e+01,    8.6136e-01,    2.5000e-01
5.9452e+01,    8.6204e-01,    2.5000e-01
6.0003e+01,    8.6271e-01,    2.5000e-01
6.0558e+01,    8.6338e-01,    2.5000e-01
6.1119e+01,    8.6404e-01,    2.5000e-01
6.1685e+01,    8.6470e-01,    2.5000e-01
6.2256e+01,    8.6536e-01,    2.5000e-01
6.2833e+01,    8.6602e-01,    2.5000e-01
6.3414e+01,    8.6667e-01,    2.5000e-01
6.4001e+01,    8.6732e-01,    2.5000e-01
6.4594e+01,    8.6796e-01,    2.5000e-01
6.5192e+01,    8.6860e-01,    2.5000e-01
6.5796e+01,    8.6924e-01,    2.5000e-01
6.6405e+01,    8.6987e-01,    2.5000e-01
6.7020e+01,    8.7051e-01,    2.5000e-01
6.7640e+01,    8.7113e-01,    2.5000e-01
6.8266e+01,    8.7176e-01,    2.5000e-01
6.8898e+01,    8.7238e-01,    2.5000e-01
6.9536e+01,    8.7300e-01,    2.5000e-01
7.0180e+01,    8.7362e-01,    2.5000e-01
7.0830e+01,    8.7423e-01,    2.5000e-01
7.1486e+01,    8.7484e-01,    2.5000e-01
7.2148e+01,    8.7544e-01,    2.5000e-01
7.2816e+01,    8.7605e-01,    2.5000e-01
7.3490e+01,    8.7665e-01,    2.5000e-01
7.4170e+01,    8.7724e-01,    2.5000e-01
7.4857e+01,    8.7784e-01,    2.5000e-01
7.5550e+01,    8.7843e-01,    2.5000e-01
7.6250e+01,    8.7902e-01,    2.5000e-01
7.6955e+01,    8.7960e-01,    2.5000e-01
7.7668e+01,    8.8019e-01,    2.5000e-01
7.8387e+01,    8.8076e-01,    2.5000e-01
7.9113e+01,    8.8134e-01,    2.5000e-01
7.9845e+01,    8.8191e-01,    2.5000e-01
8.0585e+01,    8.8249e-01,    2.5000e-01
8.1331e+01,    8.8305e-01,    2.5000e-01
8.2084e+01,    8.8362e-01,    2.5000e-01
8.2844e+01,    8.8418e-01,    2.5000e-01
8.3611e+01,    8.8474e-01,    2.5000e-01
8.4385e+01,    8.8530e-01,    2.5000e-01
8.5166e+01,    8.8585e-01,    2.5000e-01
8.5955e+01,    8.8640e-01,    2.5000e-01
8.6751e+01,    8.8695e-01,    2.5000e-01
8.7554e+01,    8.8749e-01,    2.5000e-01
8.8364e+01,    8.8804e-01,    2.5000e-01
8.9183e+01,    8.8858e-01,    2.5000e-01
9.0008e+01,    8.8911e-01,    2.5000e-01
9.0842e+01,    8.8965e-01,    2.5000e-01
9.1683e+01,    8.9018e-01,    2.5000e-01
9.2532e+01,    8.9071e-01,    2.5000e-01
9.3388e+01,    8.9124e-01,    2.5000e-01
9.4253e+01,    8.9176e-01,    2.5000e-01
9.5126e+01,    8.9228e-01,    2.5000e-01
9.6006e+01,    8.9280e-01,    2.5000e-01
9.6895e+01,    8.9332e-01,    2.5000e-01
9.7792e+01,    8.9383e-01,    2.5000e-01
9.8698e+01,    8.9434e-01,    2.5000e-01
9.9612e+01,    8.9485e-01,    2.5000e-01
1.0053e+02,    8.9535e-01,    2.5000e-01
1.0146e+02,    8.9586e-01,    2.5000e-01
1.0240e+02,    8.9636e-01,    2.5000e-01
1.0335e+02,    8.9686e-01,    2.5000e-01
1.0431e+02,    8.9735e-01,    2.5000e-01
1.0527e+02,    8.9784e-01,    2.5000e-01
1.0625e+02,    8.9834e-01,    2.5000e-01
1.0723e+02,    8.9882e-01,    2.5000e-01
1.0823e+02,    8.9931e-01,    2.5000e-01
1.0923e+02,    8.9979e-01,    2.5000e-01
1.1024e+02,    9.0027e-01,    2.5000e-01
1.1126e+02,    9.0075e-01,    2.5000e-01
1.1229e+02,    9.0123e-01,    2.5000e-01
1.1333e+02,    9.0170e-01,    2.5000e-01
1.1438e+02,    9.0218e-01,    2.5000e-01
1.1544e+02,    9.0264e-01,    2.5000e-01
1.1651e+02,    9.0311e-01,    2.5000e-01
1.1759e+02,    9.0358e-01,    2.5000e-01
1.1867e+02,    9.0404e-01,    2.5000e-01
1.1977e+02,    9.0450e-01,    2.5000e-01
1.2088e+02,    9.0496e-01,    2.5000e-01
1.2200e+02,    9.0541e-01,    2.5000e-01
1.2313e+02,    9.0586e-01,    2.5000e-01
1.2427e+02,    9.0632e-01,    2.5000e-01
1.2542e+02,    9.0676e-01,    2.5000e-01
1.2658e+02,    9.0721e-01,    2.5000e-01
1.2775e+02,    9.0765e-01,    2.5000e-01
1.2894e+02,    9.0810e-01,    2.5000e-01
1.3013e+02,    9.0854e-01,    2.5000e-01
1.3134e+02,    9.0897e-01,    2.5000e-01
1.3255e+02,    9.0941e-01,    2.5000e-01
1.3378e+02,    9.0984e-01,    2.5000e-01
1.3502e+02,    9.1027e-01,    2.5000e-01
1.3627e+02,    9.1070e-01,    2.5000e-01
1.3753e+02,    9.1113e-01,    2.5000e-01
1.3880e+02,    9.1155e-01,    2.5000e-01
1.4009e+02,    9.1198e-01,    2.5000e-01
1.4139e+02,    9.1240e-01,    2.5000e-01
1.4269e+02,    9.1282e-01,    2.5000e-01
1.4402e+02,    9.1323e-01,    2.5000e-01
1.4535e+02,    9.1365e-01,    2.5000e-01
1.4669e+02,    9.1406e-01,    2.5000e-01
1.4805e+02,    9.1447e-01,    2.5000e-01
1.4942e+02,    9.1488e-01,    2.5000e-01
1.5081e+02,    9.1529e-01,    2.5000e-01
1.5220e+02,    9.1569e-01,    2.5000e-01
1.5361e+02,    9.1609e-01,    2.5000e-01
1.5504e+02,    9.1649e-01,    2.5000e-01
1.5647e+02,    9.1689e-01,    2.5000e-01
1.5792e+02,    9.1729e-01,    2.5000e-01
1.5938e+02,    9.1768e-01,    2.5000e-01
1.6086e+02,    9.1807e-01,    2.5000e-01
1.6235e+02,    9.1846e-01,    2.5000e-01
1.6385e+02,    9.1885e-01,    2.5000e-01
1.6537e+02,    9.1924e-01,    2.5000e-01
1.6690e+02,    9.1962e-01,    2.5000e-01
1.6844e+02,    9.2001e-01,    2.5000e-01
1.7000e+02,    9.2039e-01,    2.5000e-01
1.7158e+02,    9.2077e-01,    2.5000e-01
1.7316e+02,    9.2114e-01,    2.5000e-01
1.7477e+02,    9.2152e-01,    2.5000e-01
1.7639e+02,    9.2189e-01,    2.5000e-01
1.7802e+02,    9.2227e-01,    2.5000e-01
1.7967e+02,    9.2264e-01,    2.5000e-01
1.8133e+02,    9.2300e-01,    2.5000e-01
1.8301e+02,    9.2337e-01,    2.5000e-01
1.8470e+02,    9.2373e-01,    2.5000e-01
1.8641e+02,    9.2410e-01,    2.5000e-01
1.8814e+02,    9.2446e-01,    2.5000e-01
1.8988e+02,    9.2482e-01,    2.5000e-01
1.9164e+02,    9.2518e-01,    2.5000e-01
1.9341e+02,    9.2553e-01,    2.5000e-01
1.9521e+02,    9.2588e-01,    2.5000e-01
1.9701e+02,    9.2624e-01,    2.5000e-01
1.9884e+02,    9.2659e-01,    2.5000e-01
2.0068e+02,    9.2694e-01,    2.5000e-01
2.0254e+02,    9.2728e-01,    2.5000e-01
2.0441e+02,    9.2763e-01,    2.5000e-01
2.0630e+02,    9.2797e-01,    2.5000e-01
2.0821e+02,    9.2831e-01,    2.5000e-01
2.1014e+02,    9.2865e-01,    2.5000e-01
2.1209e+02,    9.2899e-01,    2.5000e-01
2.1405e+02,    9.2933e-01,    2.5000e-01
2.1603e+02,    9.2967e-01,    2.5000e-01
2.1803e+02,    9.3000e-01,    2.5000e-01
2.2005e+02,    9.3033e-01,    2.5000e-01
2.2209e+02,    9.3066e-01,    2.5000e-01
2.2415e+02,    9.3099e-01,    2.5000e-01
2.2622e+02,    9.3132e-01,    2.5000e-01
2.2832e+02,    9.3164e-01,    2.5000e-01
2.3043e+02,    9.3197e-01,    2.5000e-01
2.3256e+02,    9.3229e-01,    2.5000e-01
2.3472e+02,    9.3261e-01,    2.5000e-01
2.3689e+02,    9.3293e-01,    2.5000e-01
2.3908e+02,    9.3325e-01,    2.5000e-01
2.4130e+02,    9.3357e-01,    2.5000e-01
2.4353e+02,    9.3388e-01,    2.5000e-01
2.4578e+02,    9.3419e-01,    2.5000e-01
2.4806e+02,    9.3450e-01,    2.5000e-01
2.5036e+02,    9.3482e-01,    2.5000e-01
2.5268e+02,    9.3512e-01,    2.5000e-01
2.5501e+02,    9.3543e-01,    2.5000e-01
2.5738e+02,    9.3574e-01,    2.5000e-01
2.5976e+02,    9.3604e-01,    2.5000e-01
2.6216e+02,    9.3634e-01,    2.5000e-01
2.6459e+02,    9.3664e-01,    2.5000e-01
2.6704e+02,    9.3694e-01,    2.5000e-01
