# Force βfL, Rxyy^2, Persistence Length λ
9.9772e-03,    6.6320e-01,    6.4000e+01
1.0070e-02,    6.6320e-01,    6.4000e+01
1.0163e-02,    6.6320e-01,    6.4000e+01
1.0257e-02,    6.6320e-01,    6.4000e+01
1.0352e-02,    6.6320e-01,    6.4000e+01
1.0448e-02,    6.6320e-01,    6.4000e+01
1.0544e-02,    6.6320e-01,    6.4000e+01
1.0642e-02,    6.6320e-01,    6.4000e+01
1.0741e-02,    6.6320e-01,    6.4000e+01
1.0840e-02,    6.6320e-01,    6.4000e+01
1.0940e-02,    6.6320e-01,    6.4000e+01
1.1042e-02,    6.6320e-01,    6.4000e+01
1.1144e-02,    6.6320e-01,    6.4000e+01
1.1247e-02,    6.6320e-01,    6.4000e+01
1.1351e-02,    6.6320e-01,    6.4000e+01
1.1456e-02,    6.6320e-01,    6.4000e+01
1.1562e-02,    6.6320e-01,    6.4000e+01
1.1669e-02,    6.6320e-01,    6.4000e+01
1.1777e-02,    6.6320e-01,    6.4000e+01
1.1887e-02,    6.6320e-01,    6.4000e+01
1.1997e-02,    6.6320e-01,    6.4000e+01
1.2108e-02,    6.6320e-01,    6.4000e+01
1.2220e-02,    6.6320e-01,    6.4000e+01
1.2333e-02,    6.6320e-01,    6.4000e+01
1.2447e-02,    6.6320e-01,    6.4000e+01
1.2562e-02,    6.6320e-01,    6.4000e+01
1.2679e-02,    6.6320e-01,    6.4000e+01
1.2796e-02,    6.6320e-01,    6.4000e+01
1.2914e-02,    6.6320e-01,    6.4000e+01
1.3034e-02,    6.6320e-01,    6.4000e+01
1.3155e-02,    6.6320e-01,    6.4000e+01
1.3277e-02,    6.6320e-01,    6.4000e+01
1.3399e-02,    6.6320e-01,    6.4000e+01
1.3524e-02,    6.6320e-01,    6.4000e+01
1.3649e-02,    6.6320e-01,    6.4000e+01
1.3775e-02,    6.6320e-01,    6.4000e+01
1.3903e-02,    6.6320e-01,    6.4000e+01
1.4031e-02,    6.6319e-01,    6.4000e+01
1.4161e-02,    6.6319e-01,    6.4000e+01
1.4292e-02,    6.6319e-01,    6.4000e+01
1.4425e-02,    6.6319e-01,    6.4000e+01
1.4558e-02,    6.6319e-01,    6.4000e+01
1.4693e-02,    6.6319e-01,    6.4000e+01
1.4829e-02,    6.6319e-01,    6.4000e+01
1.4966e-02,    6.6319e-01,    6.4000e+01
1.5105e-02,    6.6319e-01,    6.4000e+01
1.5245e-02,    6.6319e-01,    6.4000e+01
1.5386e-02,    6.6319e-01,    6.4000e+01
1.5528e-02,    6.6319e-01,    6.4000e+01
1.5672e-02,    6.6319e-01,    6.4000e+01
1.5817e-02,    6.6319e-01,    6.4000e+01
1.5964e-02,    6.6319e-01,    6.4000e+01
1.6112e-02,    6.6319e-01,    6.4000e+01
1.6261e-02,    6.6319e-01,    6.4000e+01
1.6411e-02,    6.6319e-01,    6.4000e+01
1.6563e-02,    6.6319e-01,    6.4000e+01
1.6717e-02,    6.6319e-01,    6.4000e+01
1.6871e-02,    6.6319e-01,    6.4000e+01
1.7028e-02,    6.6319e-01,    6.4000e+01
1.7185e-02,    6.6319e-01,    6.4000e+01
1.7344e-02,    6.6319e-01,    6.4000e+01
1.7505e-02,    6.6319e-01,    6.4000e+01
1.7667e-02,    6.6319e-01,    6.4000e+01
1.7831e-02,    6.6319e-01,    6.4000e+01
1.7996e-02,    6.6319e-01,    6.4000e+01
1.8162e-02,    6.6319e-01,    6.4000e+01
1.8330e-02,    6.6319e-01,    6.4000e+01
1.8500e-02,    6.6319e-01,    6.4000e+01
1.8671e-02,    6.6319e-01,    6.4000e+01
1.8844e-02,    6.6319e-01,    6.4000e+01
1.9019e-02,    6.6319e-01,    6.4000e+01
1.9195e-02,    6.6319e-01,    6.4000e+01
1.9373e-02,    6.6319e-01,    6.4000e+01
1.9552e-02,    6.6319e-01,    6.4000e+01
1.9733e-02,    6.6319e-01,    6.4000e+01
1.9916e-02,    6.6319e-01,    6.4000e+01
2.0100e-02,    6.6319e-01,    6.4000e+01
2.0286e-02,    6.6319e-01,    6.4000e+01
2.0474e-02,    6.6319e-01,    6.4000e+01
2.0664e-02,    6.6318e-01,    6.4000e+01
2.0855e-02,    6.6318e-01,    6.4000e+01
2.1048e-02,    6.6318e-01,    6.4000e+01
2.1243e-02,    6.6318e-01,    6.4000e+01
2.1439e-02,    6.6318e-01,    6.4000e+01
2.1638e-02,    6.6318e-01,    6.4000e+01
2.1838e-02,    6.6318e-01,    6.4000e+01
2.2041e-02,    6.6318e-01,    6.4000e+01
2.2245e-02,    6.6318e-01,    6.4000e+01
2.2451e-02,    6.6318e-01,    6.4000e+01
2.2658e-02,    6.6318e-01,    6.4000e+01
2.2868e-02,    6.6318e-01,    6.4000e+01
2.3080e-02,    6.6318e-01,    6.4000e+01
2.3294e-02,    6.6318e-01,    6.4000e+01
2.3509e-02,    6.6318e-01,    6.4000e+01
2.3727e-02,    6.6318e-01,    6.4000e+01
2.3947e-02,    6.6318e-01,    6.4000e+01
2.4168e-02,    6.6318e-01,    6.4000e+01
2.4392e-02,    6.6318e-01,    6.4000e+01
2.4618e-02,    6.6318e-01,    6.4000e+01
2.4846e-02,    6.6318e-01,    6.4000e+01
2.5076e-02,    6.6318e-01,    6.4000e+01
2.5308e-02,    6.6318e-01,    6.4000e+01
2.5542e-02,    6.6317e-01,    6.4000e+01
2.5779e-02,    6.6317e-01,    6.4000e+01
2.6018e-02,    6.6317e-01,    6.4000e+01
2.6258e-02,    6.6317e-01,    6.4000e+01
2.6502e-02,    6.6317e-01,    6.4000e+01
2.6747e-02,    6.6317e-01,    6.4000e+01
2.6995e-02,    6.6317e-01,    6.4000e+01
2.7245e-02,    6.6317e-01,    6.4000e+01
2.7497e-02,    6.6317e-01,    6.4000e+01
2.7751e-02,    6.6317e-01,    6.4000e+01
2.8008e-02,    6.6317e-01,    6.4000e+01
2.8268e-02,    6.6317e-01,    6.4000e+01
2.8529e-02,    6.6317e-01,    6.4000e+01
2.8794e-02,    6.6317e-01,    6.4000e+01
2.9060e-02,    6.6317e-01,    6.4000e+01
2.9329e-02,    6.6317e-01,    6.4000e+01
2.9601e-02,    6.6317e-01,    6.4000e+01
2.9875e-02,    6.6316e-01,    6.4000e+01
3.0151e-02,    6.6316e-01,    6.4000e+01
3.0431e-02,    6.6316e-01,    6.4000e+01
3.0712e-02,    6.6316e-01,    6.4000e+01
3.0997e-02,    6.6316e-01,    6.4000e+01
3.1284e-02,    6.6316e-01,    6.4000e+01
3.1573e-02,    6.6316e-01,    6.4000e+01
3.1866e-02,    6.6316e-01,    6.4000e+01
3.2161e-02,    6.6316e-01,    6.4000e+01
3.2458e-02,    6.6316e-01,    6.4000e+01
3.2759e-02,    6.6316e-01,    6.4000e+01
3.3062e-02,    6.6316e-01,    6.4000e+01
3.3368e-02,    6.6315e-01,    6.4000e+01
3.3677e-02,    6.6315e-01,    6.4000e+01
3.3989e-02,    6.6315e-01,    6.4000e+01
3.4304e-02,    6.6315e-01,    6.4000e+01
3.4621e-02,    6.6315e-01,    6.4000e+01
3.4942e-02,    6.6315e-01,    6.4000e+01
3.5265e-02,    6.6315e-01,    6.4000e+01
3.5592e-02,    6.6315e-01,    6.4000e+01
3.5922e-02,    6.6315e-01,    6.4000e+01
3.6254e-02,    6.6315e-01,    6.4000e+01
3.6590e-02,    6.6314e-01,    6.4000e+01
3.6929e-02,    6.6314e-01,    6.4000e+01
3.7270e-02,    6.6314e-01,    6.4000e+01
3.7616e-02,    6.6314e-01,    6.4000e+01
3.7964e-02,    6.6314e-01,    6.4000e+01
3.8315e-02,    6.6314e-01,    6.4000e+01
3.8670e-02,    6.6314e-01,    6.4000e+01
3.9028e-02,    6.6314e-01,    6.4000e+01
3.9389e-02,    6.6314e-01,    6.4000e+01
3.9754e-02,    6.6313e-01,    6.4000e+01
4.0122e-02,    6.6313e-01,    6.4000e+01
4.0494e-02,    6.6313e-01,    6.4000e+01
4.0869e-02,    6.6313e-01,    6.4000e+01
4.1247e-02,    6.6313e-01,    6.4000e+01
4.1629e-02,    6.6313e-01,    6.4000e+01
4.2014e-02,    6.6313e-01,    6.4000e+01
4.2403e-02,    6.6312e-01,    6.4000e+01
4.2796e-02,    6.6312e-01,    6.4000e+01
4.3192e-02,    6.6312e-01,    6.4000e+01
4.3592e-02,    6.6312e-01,    6.4000e+01
4.3996e-02,    6.6312e-01,    6.4000e+01
4.4403e-02,    6.6312e-01,    6.4000e+01
4.4814e-02,    6.6312e-01,    6.4000e+01
4.5229e-02,    6.6311e-01,    6.4000e+01
4.5648e-02,    6.6311e-01,    6.4000e+01
4.6070e-02,    6.6311e-01,    6.4000e+01
4.6497e-02,    6.6311e-01,    6.4000e+01
4.6927e-02,    6.6311e-01,    6.4000e+01
4.7362e-02,    6.6310e-01,    6.4000e+01
4.7800e-02,    6.6310e-01,    6.4000e+01
4.8243e-02,    6.6310e-01,    6.4000e+01
4.8690e-02,    6.6310e-01,    6.4000e+01
4.9141e-02,    6.6310e-01,    6.4000e+01
4.9595e-02,    6.6310e-01,    6.4000e+01
5.0055e-02,    6.6309e-01,    6.4000e+01
5.0518e-02,    6.6309e-01,    6.4000e+01
5.0986e-02,    6.6309e-01,    6.4000e+01
5.1458e-02,    6.6309e-01,    6.4000e+01
5.1934e-02,    6.6308e-01,    6.4000e+01
5.2415e-02,    6.6308e-01,    6.4000e+01
5.2900e-02,    6.6308e-01,    6.4000e+01
5.3390e-02,    6.6308e-01,    6.4000e+01
5.3885e-02,    6.6308e-01,    6.4000e+01
5.4384e-02,    6.6307e-01,    6.4000e+01
5.4887e-02,    6.6307e-01,    6.4000e+01
5.5395e-02,    6.6307e-01,    6.4000e+01
5.5908e-02,    6.6307e-01,    6.4000e+01
5.6426e-02,    6.6306e-01,    6.4000e+01
5.6948e-02,    6.6306e-01,    6.4000e+01
5.7475e-02,    6.6306e-01,    6.4000e+01
5.8008e-02,    6.6306e-01,    6.4000e+01
5.8545e-02,    6.6305e-01,    6.4000e+01
5.9087e-02,    6.6305e-01,    6.4000e+01
5.9634e-02,    6.6305e-01,    6.4000e+01
6.0186e-02,    6.6304e-01,    6.4000e+01
6.0743e-02,    6.6304e-01,    6.4000e+01
6.1306e-02,    6.6304e-01,    6.4000e+01
6.1873e-02,    6.6304e-01,    6.4000e+01
6.2446e-02,    6.6303e-01,    6.4000e+01
6.3024e-02,    6.6303e-01,    6.4000e+01
6.3608e-02,    6.6303e-01,    6.4000e+01
6.4197e-02,    6.6302e-01,    6.4000e+01
6.4791e-02,    6.6302e-01,    6.4000e+01
6.5391e-02,    6.6302e-01,    6.4000e+01
6.5996e-02,    6.6301e-01,    6.4000e+01
6.6607e-02,    6.6301e-01,    6.4000e+01
6.7224e-02,    6.6300e-01,    6.4000e+01
6.7846e-02,    6.6300e-01,    6.4000e+01
6.8475e-02,    6.6300e-01,    6.4000e+01
6.9109e-02,    6.6299e-01,    6.4000e+01
6.9748e-02,    6.6299e-01,    6.4000e+01
7.0394e-02,    6.6299e-01,    6.4000e+01
7.1046e-02,    6.6298e-01,    6.4000e+01
7.1704e-02,    6.6298e-01,    6.4000e+01
7.2368e-02,    6.6297e-01,    6.4000e+01
7.3038e-02,    6.6297e-01,    6.4000e+01
7.3714e-02,    6.6296e-01,    6.4000e+01
7.4396e-02,    6.6296e-01,    6.4000e+01
7.5085e-02,    6.6296e-01,    6.4000e+01
7.5780e-02,    6.6295e-01,    6.4000e+01
7.6482e-02,    6.6295e-01,    6.4000e+01
7.7190e-02,    6.6294e-01,    6.4000e+01
7.7905e-02,    6.6294e-01,    6.4000e+01
7.8626e-02,    6.6293e-01,    6.4000e+01
7.9354e-02,    6.6293e-01,    6.4000e+01
8.0089e-02,    6.6292e-01,    6.4000e+01
8.0830e-02,    6.6292e-01,    6.4000e+01
8.1579e-02,    6.6291e-01,    6.4000e+01
8.2334e-02,    6.6291e-01,    6.4000e+01
8.3096e-02,    6.6290e-01,    6.4000e+01
8.3866e-02,    6.6289e-01,    6.4000e+01
8.4642e-02,    6.6289e-01,    6.4000e+01
8.5426e-02,    6.6288e-01,    6.4000e+01
8.6217e-02,    6.6288e-01,    6.4000e+01
8.7015e-02,    6.6287e-01,    6.4000e+01
8.7821e-02,    6.6286e-01,    6.4000e+01
8.8634e-02,    6.6286e-01,    6.4000e+01
8.9455e-02,    6.6285e-01,    6.4000e+01
9.0283e-02,    6.6285e-01,    6.4000e+01
9.1119e-02,    6.6284e-01,    6.4000e+01
9.1962e-02,    6.6283e-01,    6.4000e+01
9.2814e-02,    6.6282e-01,    6.4000e+01
9.3673e-02,    6.6282e-01,    6.4000e+01
9.4540e-02,    6.6281e-01,    6.4000e+01
9.5416e-02,    6.6280e-01,    6.4000e+01
9.6299e-02,    6.6280e-01,    6.4000e+01
9.7191e-02,    6.6279e-01,    6.4000e+01
9.8091e-02,    6.6278e-01,    6.4000e+01
9.8999e-02,    6.6277e-01,    6.4000e+01
9.9915e-02,    6.6276e-01,    6.4000e+01
1.0084e-01,    6.6276e-01,    6.4000e+01
1.0177e-01,    6.6275e-01,    6.4000e+01
1.0272e-01,    6.6274e-01,    6.4000e+01
1.0367e-01,    6.6273e-01,    6.4000e+01
1.0463e-01,    6.6272e-01,    6.4000e+01
1.0560e-01,    6.6271e-01,    6.4000e+01
1.0657e-01,    6.6270e-01,    6.4000e+01
1.0756e-01,    6.6270e-01,    6.4000e+01
1.0856e-01,    6.6269e-01,    6.4000e+01
1.0956e-01,    6.6268e-01,    6.4000e+01
1.1058e-01,    6.6267e-01,    6.4000e+01
1.1160e-01,    6.6266e-01,    6.4000e+01
1.1263e-01,    6.6265e-01,    6.4000e+01
1.1368e-01,    6.6264e-01,    6.4000e+01
1.1473e-01,    6.6263e-01,    6.4000e+01
1.1579e-01,    6.6261e-01,    6.4000e+01
1.1686e-01,    6.6260e-01,    6.4000e+01
1.1794e-01,    6.6259e-01,    6.4000e+01
1.1904e-01,    6.6258e-01,    6.4000e+01
1.2014e-01,    6.6257e-01,    6.4000e+01
1.2125e-01,    6.6256e-01,    6.4000e+01
1.2237e-01,    6.6255e-01,    6.4000e+01
1.2351e-01,    6.6253e-01,    6.4000e+01
1.2465e-01,    6.6252e-01,    6.4000e+01
1.2580e-01,    6.6251e-01,    6.4000e+01
1.2697e-01,    6.6250e-01,    6.4000e+01
1.2814e-01,    6.6248e-01,    6.4000e+01
1.2933e-01,    6.6247e-01,    6.4000e+01
1.3053e-01,    6.6246e-01,    6.4000e+01
1.3174e-01,    6.6244e-01,    6.4000e+01
1.3296e-01,    6.6243e-01,    6.4000e+01
1.3419e-01,    6.6241e-01,    6.4000e+01
1.3543e-01,    6.6240e-01,    6.4000e+01
1.3668e-01,    6.6238e-01,    6.4000e+01
1.3795e-01,    6.6237e-01,    6.4000e+01
1.3923e-01,    6.6235e-01,    6.4000e+01
1.4052e-01,    6.6234e-01,    6.4000e+01
1.4182e-01,    6.6232e-01,    6.4000e+01
1.4313e-01,    6.6230e-01,    6.4000e+01
1.4445e-01,    6.6229e-01,    6.4000e+01
1.4579e-01,    6.6227e-01,    6.4000e+01
1.4714e-01,    6.6225e-01,    6.4000e+01
1.4850e-01,    6.6224e-01,    6.4000e+01
1.4988e-01,    6.6222e-01,    6.4000e+01
1.5127e-01,    6.6220e-01,    6.4000e+01
1.5267e-01,    6.6218e-01,    6.4000e+01
1.5408e-01,    6.6216e-01,    6.4000e+01
1.5551e-01,    6.6214e-01,    6.4000e+01
1.5695e-01,    6.6212e-01,    6.4000e+01
1.5840e-01,    6.6210e-01,    6.4000e+01
1.5987e-01,    6.6208e-01,    6.4000e+01
1.6135e-01,    6.6206e-01,    6.4000e+01
1.6284e-01,    6.6204e-01,    6.4000e+01
1.6435e-01,    6.6202e-01,    6.4000e+01
1.6587e-01,    6.6200e-01,    6.4000e+01
1.6741e-01,    6.6197e-01,    6.4000e+01
1.6896e-01,    6.6195e-01,    6.4000e+01
1.7052e-01,    6.6193e-01,    6.4000e+01
1.7210e-01,    6.6190e-01,    6.4000e+01
1.7369e-01,    6.6188e-01,    6.4000e+01
1.7530e-01,    6.6186e-01,    6.4000e+01
1.7692e-01,    6.6183e-01,    6.4000e+01
1.7856e-01,    6.6181e-01,    6.4000e+01
1.8022e-01,    6.6178e-01,    6.4000e+01
1.8188e-01,    6.6175e-01,    6.4000e+01
1.8357e-01,    6.6173e-01,    6.4000e+01
1.8527e-01,    6.6170e-01,    6.4000e+01
1.8698e-01,    6.6167e-01,    6.4000e+01
1.8871e-01,    6.6164e-01,    6.4000e+01
1.9046e-01,    6.6161e-01,    6.4000e+01
1.9223e-01,    6.6158e-01,    6.4000e+01
1.9400e-01,    6.6155e-01,    6.4000e+01
1.9580e-01,    6.6152e-01,    6.4000e+01
1.9761e-01,    6.6149e-01,    6.4000e+01
1.9944e-01,    6.6146e-01,    6.4000e+01
2.0129e-01,    6.6143e-01,    6.4000e+01
2.0315e-01,    6.6140e-01,    6.4000e+01
2.0503e-01,    6.6136e-01,    6.4000e+01
2.0693e-01,    6.6133e-01,    6.4000e+01
2.0885e-01,    6.6129e-01,    6.4000e+01
2.1078e-01,    6.6126e-01,    6.4000e+01
2.1273e-01,    6.6122e-01,    6.4000e+01
2.1470e-01,    6.6118e-01,    6.4000e+01
2.1669e-01,    6.6115e-01,    6.4000e+01
2.1870e-01,    6.6111e-01,    6.4000e+01
2.2072e-01,    6.6107e-01,    6.4000e+01
2.2277e-01,    6.6103e-01,    6.4000e+01
2.2483e-01,    6.6099e-01,    6.4000e+01
2.2691e-01,    6.6095e-01,    6.4000e+01
2.2901e-01,    6.6091e-01,    6.4000e+01
2.3113e-01,    6.6087e-01,    6.4000e+01
2.3327e-01,    6.6082e-01,    6.4000e+01
2.3543e-01,    6.6078e-01,    6.4000e+01
2.3761e-01,    6.6073e-01,    6.4000e+01
2.3981e-01,    6.6069e-01,    6.4000e+01
2.4203e-01,    6.6064e-01,    6.4000e+01
2.4427e-01,    6.6059e-01,    6.4000e+01
2.4653e-01,    6.6055e-01,    6.4000e+01
2.4882e-01,    6.6050e-01,    6.4000e+01
2.5112e-01,    6.6045e-01,    6.4000e+01
2.5345e-01,    6.6040e-01,    6.4000e+01
2.5579e-01,    6.6034e-01,    6.4000e+01
2.5816e-01,    6.6029e-01,    6.4000e+01
2.6055e-01,    6.6024e-01,    6.4000e+01
2.6296e-01,    6.6018e-01,    6.4000e+01
2.6540e-01,    6.6013e-01,    6.4000e+01
2.6786e-01,    6.6007e-01,    6.4000e+01
2.7034e-01,    6.6001e-01,    6.4000e+01
2.7284e-01,    6.5995e-01,    6.4000e+01
2.7536e-01,    6.5989e-01,    6.4000e+01
2.7791e-01,    6.5983e-01,    6.4000e+01
2.8049e-01,    6.5977e-01,    6.4000e+01
2.8308e-01,    6.5971e-01,    6.4000e+01
2.8570e-01,    6.5964e-01,    6.4000e+01
2.8835e-01,    6.5958e-01,    6.4000e+01
2.9102e-01,    6.5951e-01,    6.4000e+01
2.9371e-01,    6.5944e-01,    6.4000e+01
2.9643e-01,    6.5937e-01,    6.4000e+01
2.9918e-01,    6.5930e-01,    6.4000e+01
3.0195e-01,    6.5923e-01,    6.4000e+01
3.0474e-01,    6.5915e-01,    6.4000e+01
3.0757e-01,    6.5908e-01,    6.4000e+01
3.1041e-01,    6.5900e-01,    6.4000e+01
3.1329e-01,    6.5893e-01,    6.4000e+01
3.1619e-01,    6.5885e-01,    6.4000e+01
3.1912e-01,    6.5877e-01,    6.4000e+01
3.2207e-01,    6.5869e-01,    6.4000e+01
3.2505e-01,    6.5860e-01,    6.4000e+01
3.2806e-01,    6.5852e-01,    6.4000e+01
3.3110e-01,    6.5843e-01,    6.4000e+01
3.3416e-01,    6.5834e-01,    6.4000e+01
3.3726e-01,    6.5825e-01,    6.4000e+01
3.4038e-01,    6.5816e-01,    6.4000e+01
3.4353e-01,    6.5807e-01,    6.4000e+01
3.4671e-01,    6.5798e-01,    6.4000e+01
3.4992e-01,    6.5788e-01,    6.4000e+01
3.5316e-01,    6.5778e-01,    6.4000e+01
3.5643e-01,    6.5768e-01,    6.4000e+01
3.5973e-01,    6.5758e-01,    6.4000e+01
3.6306e-01,    6.5748e-01,    6.4000e+01
3.6642e-01,    6.5737e-01,    6.4000e+01
3.6982e-01,    6.5727e-01,    6.4000e+01
3.7324e-01,    6.5716e-01,    6.4000e+01
3.7670e-01,    6.5705e-01,    6.4000e+01
3.8019e-01,    6.5693e-01,    6.4000e+01
3.8371e-01,    6.5682e-01,    6.4000e+01
3.8726e-01,    6.5670e-01,    6.4000e+01
3.9084e-01,    6.5658e-01,    6.4000e+01
3.9446e-01,    6.5646e-01,    6.4000e+01
3.9811e-01,    6.5634e-01,    6.4000e+01
4.0180e-01,    6.5621e-01,    6.4000e+01
4.0552e-01,    6.5608e-01,    6.4000e+01
4.0927e-01,    6.5595e-01,    6.4000e+01
4.1306e-01,    6.5582e-01,    6.4000e+01
4.1689e-01,    6.5568e-01,    6.4000e+01
4.2075e-01,    6.5555e-01,    6.4000e+01
4.2464e-01,    6.5541e-01,    6.4000e+01
4.2858e-01,    6.5526e-01,    6.4000e+01
4.3254e-01,    6.5512e-01,    6.4000e+01
4.3655e-01,    6.5497e-01,    6.4000e+01
4.4059e-01,    6.5482e-01,    6.4000e+01
4.4467e-01,    6.5467e-01,    6.4000e+01
4.4879e-01,    6.5451e-01,    6.4000e+01
4.5294e-01,    6.5435e-01,    6.4000e+01
4.5714e-01,    6.5419e-01,    6.4000e+01
4.6137e-01,    6.5403e-01,    6.4000e+01
4.6564e-01,    6.5386e-01,    6.4000e+01
4.6995e-01,    6.5369e-01,    6.4000e+01
4.7430e-01,    6.5352e-01,    6.4000e+01
4.7869e-01,    6.5334e-01,    6.4000e+01
4.8313e-01,    6.5316e-01,    6.4000e+01
4.8760e-01,    6.5298e-01,    6.4000e+01
4.9211e-01,    6.5279e-01,    6.4000e+01
4.9667e-01,    6.5260e-01,    6.4000e+01
5.0127e-01,    6.5241e-01,    6.4000e+01
5.0591e-01,    6.5221e-01,    6.4000e+01
5.1059e-01,    6.5201e-01,    6.4000e+01
5.1532e-01,    6.5181e-01,    6.4000e+01
5.2009e-01,    6.5160e-01,    6.4000e+01
5.2491e-01,    6.5139e-01,    6.4000e+01
5.2977e-01,    6.5118e-01,    6.4000e+01
5.3467e-01,    6.5096e-01,    6.4000e+01
5.3962e-01,    6.5074e-01,    6.4000e+01
5.4462e-01,    6.5051e-01,    6.4000e+01
5.4966e-01,    6.5028e-01,    6.4000e+01
5.5475e-01,    6.5005e-01,    6.4000e+01
5.5989e-01,    6.4981e-01,    6.4000e+01
5.6507e-01,    6.4957e-01,    6.4000e+01
5.7030e-01,    6.4933e-01,    6.4000e+01
5.7558e-01,    6.4907e-01,    6.4000e+01
5.8091e-01,    6.4882e-01,    6.4000e+01
5.8629e-01,    6.4856e-01,    6.4000e+01
5.9172e-01,    6.4830e-01,    6.4000e+01
5.9720e-01,    6.4803e-01,    6.4000e+01
6.0273e-01,    6.4776e-01,    6.4000e+01
6.0831e-01,    6.4748e-01,    6.4000e+01
6.1394e-01,    6.4720e-01,    6.4000e+01
6.1962e-01,    6.4691e-01,    6.4000e+01
6.2536e-01,    6.4662e-01,    6.4000e+01
6.3115e-01,    6.4632e-01,    6.4000e+01
6.3699e-01,    6.4602e-01,    6.4000e+01
6.4289e-01,    6.4571e-01,    6.4000e+01
6.4884e-01,    6.4540e-01,    6.4000e+01
6.5485e-01,    6.4508e-01,    6.4000e+01
6.6091e-01,    6.4475e-01,    6.4000e+01
6.6703e-01,    6.4442e-01,    6.4000e+01
6.7321e-01,    6.4409e-01,    6.4000e+01
6.7944e-01,    6.4375e-01,    6.4000e+01
6.8573e-01,    6.4340e-01,    6.4000e+01
6.9208e-01,    6.4305e-01,    6.4000e+01
6.9849e-01,    6.4269e-01,    6.4000e+01
7.0496e-01,    6.4233e-01,    6.4000e+01
7.1148e-01,    6.4196e-01,    6.4000e+01
7.1807e-01,    6.4158e-01,    6.4000e+01
7.2472e-01,    6.4120e-01,    6.4000e+01
7.3143e-01,    6.4081e-01,    6.4000e+01
7.3820e-01,    6.4041e-01,    6.4000e+01
7.4504e-01,    6.4001e-01,    6.4000e+01
7.5193e-01,    6.3960e-01,    6.4000e+01
7.5890e-01,    6.3918e-01,    6.4000e+01
7.6592e-01,    6.3876e-01,    6.4000e+01
7.7301e-01,    6.3833e-01,    6.4000e+01
7.8017e-01,    6.3789e-01,    6.4000e+01
7.8740e-01,    6.3744e-01,    6.4000e+01
7.9469e-01,    6.3699e-01,    6.4000e+01
8.0204e-01,    6.3653e-01,    6.4000e+01
8.0947e-01,    6.3606e-01,    6.4000e+01
8.1696e-01,    6.3559e-01,    6.4000e+01
8.2453e-01,    6.3511e-01,    6.4000e+01
8.3216e-01,    6.3462e-01,    6.4000e+01
8.3987e-01,    6.3412e-01,    6.4000e+01
8.4764e-01,    6.3361e-01,    6.4000e+01
8.5549e-01,    6.3309e-01,    6.4000e+01
8.6341e-01,    6.3257e-01,    6.4000e+01
8.7141e-01,    6.3204e-01,    6.4000e+01
8.7947e-01,    6.3150e-01,    6.4000e+01
8.8762e-01,    6.3095e-01,    6.4000e+01
8.9583e-01,    6.3039e-01,    6.4000e+01
9.0413e-01,    6.2983e-01,    6.4000e+01
9.1250e-01,    6.2925e-01,    6.4000e+01
9.2095e-01,    6.2866e-01,    6.4000e+01
9.2948e-01,    6.2807e-01,    6.4000e+01
9.3808e-01,    6.2747e-01,    6.4000e+01
9.4677e-01,    6.2685e-01,    6.4000e+01
9.5553e-01,    6.2623e-01,    6.4000e+01
9.6438e-01,    6.2560e-01,    6.4000e+01
9.7331e-01,    6.2496e-01,    6.4000e+01
9.8232e-01,    6.2430e-01,    6.4000e+01
9.9141e-01,    6.2364e-01,    6.4000e+01
1.0006e+00,    6.2297e-01,    6.4000e+01
1.0099e+00,    6.2228e-01,    6.4000e+01
1.0192e+00,    6.2159e-01,    6.4000e+01
1.0286e+00,    6.2089e-01,    6.4000e+01
1.0382e+00,    6.2017e-01,    6.4000e+01
1.0478e+00,    6.1945e-01,    6.4000e+01
1.0575e+00,    6.1871e-01,    6.4000e+01
1.0673e+00,    6.1796e-01,    6.4000e+01
1.0772e+00,    6.1720e-01,    6.4000e+01
1.0871e+00,    6.1643e-01,    6.4000e+01
1.0972e+00,    6.1565e-01,    6.4000e+01
1.1074e+00,    6.1486e-01,    6.4000e+01
1.1176e+00,    6.1405e-01,    6.4000e+01
1.1280e+00,    6.1323e-01,    6.4000e+01
1.1384e+00,    6.1240e-01,    6.4000e+01
1.1489e+00,    6.1156e-01,    6.4000e+01
1.1596e+00,    6.1071e-01,    6.4000e+01
1.1703e+00,    6.0984e-01,    6.4000e+01
1.1811e+00,    6.0897e-01,    6.4000e+01
1.1921e+00,    6.0808e-01,    6.4000e+01
1.2031e+00,    6.0717e-01,    6.4000e+01
1.2143e+00,    6.0626e-01,    6.4000e+01
1.2255e+00,    6.0533e-01,    6.4000e+01
1.2368e+00,    6.0438e-01,    6.4000e+01
1.2483e+00,    6.0343e-01,    6.4000e+01
1.2599e+00,    6.0246e-01,    6.4000e+01
1.2715e+00,    6.0148e-01,    6.4000e+01
1.2833e+00,    6.0048e-01,    6.4000e+01
1.2952e+00,    5.9947e-01,    6.4000e+01
1.3072e+00,    5.9845e-01,    6.4000e+01
1.3193e+00,    5.9742e-01,    6.4000e+01
1.3315e+00,    5.9636e-01,    6.4000e+01
1.3438e+00,    5.9530e-01,    6.4000e+01
1.3563e+00,    5.9422e-01,    6.4000e+01
1.3688e+00,    5.9313e-01,    6.4000e+01
1.3815e+00,    5.9202e-01,    6.4000e+01
1.3943e+00,    5.9090e-01,    6.4000e+01
1.4072e+00,    5.8976e-01,    6.4000e+01
1.4202e+00,    5.8861e-01,    6.4000e+01
1.4334e+00,    5.8745e-01,    6.4000e+01
1.4466e+00,    5.8627e-01,    6.4000e+01
1.4600e+00,    5.8507e-01,    6.4000e+01
1.4735e+00,    5.8386e-01,    6.4000e+01
1.4872e+00,    5.8264e-01,    6.4000e+01
1.5010e+00,    5.8140e-01,    6.4000e+01
1.5149e+00,    5.8015e-01,    6.4000e+01
1.5289e+00,    5.7887e-01,    6.4000e+01
1.5430e+00,    5.7759e-01,    6.4000e+01
1.5573e+00,    5.7629e-01,    6.4000e+01
1.5717e+00,    5.7497e-01,    6.4000e+01
1.5863e+00,    5.7364e-01,    6.4000e+01
1.6010e+00,    5.7229e-01,    6.4000e+01
1.6158e+00,    5.7093e-01,    6.4000e+01
1.6308e+00,    5.6955e-01,    6.4000e+01
1.6459e+00,    5.6816e-01,    6.4000e+01
1.6611e+00,    5.6675e-01,    6.4000e+01
1.6765e+00,    5.6533e-01,    6.4000e+01
1.6920e+00,    5.6388e-01,    6.4000e+01
1.7077e+00,    5.6243e-01,    6.4000e+01
1.7235e+00,    5.6096e-01,    6.4000e+01
1.7394e+00,    5.5947e-01,    6.4000e+01
1.7555e+00,    5.5796e-01,    6.4000e+01
1.7718e+00,    5.5645e-01,    6.4000e+01
1.7882e+00,    5.5491e-01,    6.4000e+01
1.8048e+00,    5.5336e-01,    6.4000e+01
1.8215e+00,    5.5179e-01,    6.4000e+01
1.8383e+00,    5.5021e-01,    6.4000e+01
1.8553e+00,    5.4861e-01,    6.4000e+01
1.8725e+00,    5.4700e-01,    6.4000e+01
1.8899e+00,    5.4537e-01,    6.4000e+01
1.9074e+00,    5.4372e-01,    6.4000e+01
1.9250e+00,    5.4206e-01,    6.4000e+01
1.9428e+00,    5.4039e-01,    6.4000e+01
1.9608e+00,    5.3870e-01,    6.4000e+01
1.9790e+00,    5.3699e-01,    6.4000e+01
1.9973e+00,    5.3527e-01,    6.4000e+01
2.0158e+00,    5.3353e-01,    6.4000e+01
2.0345e+00,    5.3178e-01,    6.4000e+01
2.0533e+00,    5.3001e-01,    6.4000e+01
2.0723e+00,    5.2823e-01,    6.4000e+01
2.0915e+00,    5.2643e-01,    6.4000e+01
2.1109e+00,    5.2462e-01,    6.4000e+01
2.1304e+00,    5.2279e-01,    6.4000e+01
2.1501e+00,    5.2095e-01,    6.4000e+01
2.1700e+00,    5.1910e-01,    6.4000e+01
2.1901e+00,    5.1723e-01,    6.4000e+01
2.2104e+00,    5.1534e-01,    6.4000e+01
2.2309e+00,    5.1344e-01,    6.4000e+01
2.2515e+00,    5.1153e-01,    6.4000e+01
2.2724e+00,    5.0961e-01,    6.4000e+01
2.2934e+00,    5.0767e-01,    6.4000e+01
2.3147e+00,    5.0572e-01,    6.4000e+01
2.3361e+00,    5.0375e-01,    6.4000e+01
2.3577e+00,    5.0177e-01,    6.4000e+01
2.3795e+00,    4.9978e-01,    6.4000e+01
2.4016e+00,    4.9777e-01,    6.4000e+01
2.4238e+00,    4.9576e-01,    6.4000e+01
2.4462e+00,    4.9373e-01,    6.4000e+01
2.4689e+00,    4.9168e-01,    6.4000e+01
2.4918e+00,    4.8963e-01,    6.4000e+01
2.5148e+00,    4.8756e-01,    6.4000e+01
2.5381e+00,    4.8549e-01,    6.4000e+01
2.5616e+00,    4.8340e-01,    6.4000e+01
2.5853e+00,    4.8130e-01,    6.4000e+01
2.6093e+00,    4.7919e-01,    6.4000e+01
2.6334e+00,    4.7707e-01,    6.4000e+01
2.6578e+00,    4.7494e-01,    6.4000e+01
2.6824e+00,    4.7279e-01,    6.4000e+01
2.7072e+00,    4.7064e-01,    6.4000e+01
2.7323e+00,    4.6848e-01,    6.4000e+01
2.7576e+00,    4.6631e-01,    6.4000e+01
2.7831e+00,    4.6413e-01,    6.4000e+01
2.8089e+00,    4.6194e-01,    6.4000e+01
2.8349e+00,    4.5974e-01,    6.4000e+01
2.8612e+00,    4.5754e-01,    6.4000e+01
2.8877e+00,    4.5532e-01,    6.4000e+01
2.9144e+00,    4.5310e-01,    6.4000e+01
2.9414e+00,    4.5087e-01,    6.4000e+01
2.9686e+00,    4.4863e-01,    6.4000e+01
2.9961e+00,    4.4639e-01,    6.4000e+01
3.0238e+00,    4.4414e-01,    6.4000e+01
3.0518e+00,    4.4188e-01,    6.4000e+01
3.0801e+00,    4.3962e-01,    6.4000e+01
3.1086e+00,    4.3735e-01,    6.4000e+01
3.1374e+00,    4.3507e-01,    6.4000e+01
3.1664e+00,    4.3279e-01,    6.4000e+01
3.1958e+00,    4.3051e-01,    6.4000e+01
3.2253e+00,    4.2822e-01,    6.4000e+01
3.2552e+00,    4.2592e-01,    6.4000e+01
3.2853e+00,    4.2362e-01,    6.4000e+01
3.3158e+00,    4.2132e-01,    6.4000e+01
3.3465e+00,    4.1901e-01,    6.4000e+01
3.3774e+00,    4.1670e-01,    6.4000e+01
3.4087e+00,    4.1439e-01,    6.4000e+01
3.4403e+00,    4.1207e-01,    6.4000e+01
3.4721e+00,    4.0975e-01,    6.4000e+01
3.5043e+00,    4.0743e-01,    6.4000e+01
3.5367e+00,    4.0511e-01,    6.4000e+01
3.5695e+00,    4.0279e-01,    6.4000e+01
3.6025e+00,    4.0046e-01,    6.4000e+01
3.6359e+00,    3.9813e-01,    6.4000e+01
3.6695e+00,    3.9581e-01,    6.4000e+01
3.7035e+00,    3.9348e-01,    6.4000e+01
3.7378e+00,    3.9115e-01,    6.4000e+01
3.7724e+00,    3.8882e-01,    6.4000e+01
3.8073e+00,    3.8650e-01,    6.4000e+01
3.8426e+00,    3.8417e-01,    6.4000e+01
3.8782e+00,    3.8184e-01,    6.4000e+01
3.9141e+00,    3.7952e-01,    6.4000e+01
3.9503e+00,    3.7719e-01,    6.4000e+01
3.9869e+00,    3.7487e-01,    6.4000e+01
4.0238e+00,    3.7255e-01,    6.4000e+01
4.0610e+00,    3.7023e-01,    6.4000e+01
4.0986e+00,    3.6792e-01,    6.4000e+01
4.1366e+00,    3.6561e-01,    6.4000e+01
4.1749e+00,    3.6330e-01,    6.4000e+01
4.2135e+00,    3.6099e-01,    6.4000e+01
4.2526e+00,    3.5869e-01,    6.4000e+01
4.2919e+00,    3.5639e-01,    6.4000e+01
4.3317e+00,    3.5409e-01,    6.4000e+01
4.3718e+00,    3.5180e-01,    6.4000e+01
4.4123e+00,    3.4951e-01,    6.4000e+01
4.4531e+00,    3.4723e-01,    6.4000e+01
4.4943e+00,    3.4495e-01,    6.4000e+01
4.5359e+00,    3.4268e-01,    6.4000e+01
4.5779e+00,    3.4041e-01,    6.4000e+01
4.6203e+00,    3.3815e-01,    6.4000e+01
4.6631e+00,    3.3589e-01,    6.4000e+01
4.7063e+00,    3.3364e-01,    6.4000e+01
4.7499e+00,    3.3139e-01,    6.4000e+01
4.7938e+00,    3.2915e-01,    6.4000e+01
4.8382e+00,    3.2692e-01,    6.4000e+01
4.8830e+00,    3.2469e-01,    6.4000e+01
4.9282e+00,    3.2247e-01,    6.4000e+01
4.9739e+00,    3.2026e-01,    6.4000e+01
5.0199e+00,    3.1805e-01,    6.4000e+01
5.0664e+00,    3.1585e-01,    6.4000e+01
5.1133e+00,    3.1366e-01,    6.4000e+01
5.1606e+00,    3.1147e-01,    6.4000e+01
5.2084e+00,    3.0930e-01,    6.4000e+01
5.2566e+00,    3.0713e-01,    6.4000e+01
5.3053e+00,    3.0497e-01,    6.4000e+01
5.3544e+00,    3.0281e-01,    6.4000e+01
5.4040e+00,    3.0067e-01,    6.4000e+01
5.4540e+00,    2.9853e-01,    6.4000e+01
5.5045e+00,    2.9640e-01,    6.4000e+01
5.5555e+00,    2.9428e-01,    6.4000e+01
5.6069e+00,    2.9217e-01,    6.4000e+01
5.6588e+00,    2.9007e-01,    6.4000e+01
5.7112e+00,    2.8797e-01,    6.4000e+01
5.7641e+00,    2.8589e-01,    6.4000e+01
5.8175e+00,    2.8381e-01,    6.4000e+01
5.8714e+00,    2.8174e-01,    6.4000e+01
5.9257e+00,    2.7969e-01,    6.4000e+01
5.9806e+00,    2.7764e-01,    6.4000e+01
6.0359e+00,    2.7560e-01,    6.4000e+01
6.0918e+00,    2.7357e-01,    6.4000e+01
6.1482e+00,    2.7155e-01,    6.4000e+01
6.2052e+00,    2.6954e-01,    6.4000e+01
6.2626e+00,    2.6754e-01,    6.4000e+01
6.3206e+00,    2.6555e-01,    6.4000e+01
6.3791e+00,    2.6357e-01,    6.4000e+01
6.4382e+00,    2.6159e-01,    6.4000e+01
6.4978e+00,    2.5963e-01,    6.4000e+01
6.5579e+00,    2.5768e-01,    6.4000e+01
6.6187e+00,    2.5574e-01,    6.4000e+01
6.6799e+00,    2.5381e-01,    6.4000e+01
6.7418e+00,    2.5189e-01,    6.4000e+01
6.8042e+00,    2.4998e-01,    6.4000e+01
6.8672e+00,    2.4808e-01,    6.4000e+01
6.9308e+00,    2.4619e-01,    6.4000e+01
6.9950e+00,    2.4431e-01,    6.4000e+01
7.0597e+00,    2.4244e-01,    6.4000e+01
7.1251e+00,    2.4058e-01,    6.4000e+01
7.1911e+00,    2.3873e-01,    6.4000e+01
7.2576e+00,    2.3689e-01,    6.4000e+01
7.3248e+00,    2.3506e-01,    6.4000e+01
7.3927e+00,    2.3324e-01,    6.4000e+01
7.4611e+00,    2.3144e-01,    6.4000e+01
7.5302e+00,    2.2964e-01,    6.4000e+01
7.5999e+00,    2.2785e-01,    6.4000e+01
7.6703e+00,    2.2608e-01,    6.4000e+01
7.7413e+00,    2.2431e-01,    6.4000e+01
7.8130e+00,    2.2256e-01,    6.4000e+01
7.8853e+00,    2.2082e-01,    6.4000e+01
7.9583e+00,    2.1908e-01,    6.4000e+01
8.0320e+00,    2.1736e-01,    6.4000e+01
8.1064e+00,    2.1565e-01,    6.4000e+01
8.1814e+00,    2.1395e-01,    6.4000e+01
8.2572e+00,    2.1226e-01,    6.4000e+01
8.3336e+00,    2.1057e-01,    6.4000e+01
8.4108e+00,    2.0890e-01,    6.4000e+01
8.4886e+00,    2.0725e-01,    6.4000e+01
8.5672e+00,    2.0560e-01,    6.4000e+01
8.6466e+00,    2.0396e-01,    6.4000e+01
8.7266e+00,    2.0233e-01,    6.4000e+01
8.8074e+00,    2.0071e-01,    6.4000e+01
8.8890e+00,    1.9911e-01,    6.4000e+01
8.9713e+00,    1.9751e-01,    6.4000e+01
9.0543e+00,    1.9592e-01,    6.4000e+01
9.1381e+00,    1.9435e-01,    6.4000e+01
9.2228e+00,    1.9278e-01,    6.4000e+01
9.3081e+00,    1.9123e-01,    6.4000e+01
9.3943e+00,    1.8968e-01,    6.4000e+01
9.4813e+00,    1.8815e-01,    6.4000e+01
9.5691e+00,    1.8663e-01,    6.4000e+01
9.6577e+00,    1.8511e-01,    6.4000e+01
9.7471e+00,    1.8361e-01,    6.4000e+01
9.8374e+00,    1.8212e-01,    6.4000e+01
9.9284e+00,    1.8063e-01,    6.4000e+01
1.0020e+01,    1.7916e-01,    6.4000e+01
1.0113e+01,    1.7770e-01,    6.4000e+01
1.0207e+01,    1.7625e-01,    6.4000e+01
1.0301e+01,    1.7480e-01,    6.4000e+01
1.0397e+01,    1.7337e-01,    6.4000e+01
1.0493e+01,    1.7195e-01,    6.4000e+01
1.0590e+01,    1.7054e-01,    6.4000e+01
1.0688e+01,    1.6913e-01,    6.4000e+01
1.0787e+01,    1.6774e-01,    6.4000e+01
1.0887e+01,    1.6636e-01,    6.4000e+01
1.0988e+01,    1.6499e-01,    6.4000e+01
1.1089e+01,    1.6362e-01,    6.4000e+01
1.1192e+01,    1.6227e-01,    6.4000e+01
1.1296e+01,    1.6093e-01,    6.4000e+01
1.1400e+01,    1.5959e-01,    6.4000e+01
1.1506e+01,    1.5827e-01,    6.4000e+01
1.1612e+01,    1.5695e-01,    6.4000e+01
1.1720e+01,    1.5565e-01,    6.4000e+01
1.1828e+01,    1.5435e-01,    6.4000e+01
1.1938e+01,    1.5307e-01,    6.4000e+01
1.2049e+01,    1.5179e-01,    6.4000e+01
1.2160e+01,    1.5052e-01,    6.4000e+01
1.2273e+01,    1.4927e-01,    6.4000e+01
1.2386e+01,    1.4802e-01,    6.4000e+01
1.2501e+01,    1.4678e-01,    6.4000e+01
1.2617e+01,    1.4555e-01,    6.4000e+01
1.2734e+01,    1.4433e-01,    6.4000e+01
1.2851e+01,    1.4312e-01,    6.4000e+01
1.2970e+01,    1.4191e-01,    6.4000e+01
1.3090e+01,    1.4072e-01,    6.4000e+01
1.3212e+01,    1.3953e-01,    6.4000e+01
1.3334e+01,    1.3836e-01,    6.4000e+01
1.3457e+01,    1.3719e-01,    6.4000e+01
1.3582e+01,    1.3603e-01,    6.4000e+01
1.3708e+01,    1.3488e-01,    6.4000e+01
1.3835e+01,    1.3374e-01,    6.4000e+01
1.3963e+01,    1.3261e-01,    6.4000e+01
1.4092e+01,    1.3149e-01,    6.4000e+01
1.4223e+01,    1.3037e-01,    6.4000e+01
1.4354e+01,    1.2927e-01,    6.4000e+01
1.4487e+01,    1.2817e-01,    6.4000e+01
1.4621e+01,    1.2708e-01,    6.4000e+01
1.4757e+01,    1.2600e-01,    6.4000e+01
1.4893e+01,    1.2493e-01,    6.4000e+01
1.5031e+01,    1.2386e-01,    6.4000e+01
1.5170e+01,    1.2281e-01,    6.4000e+01
1.5311e+01,    1.2176e-01,    6.4000e+01
1.5453e+01,    1.2072e-01,    6.4000e+01
1.5596e+01,    1.1969e-01,    6.4000e+01
1.5740e+01,    1.1867e-01,    6.4000e+01
1.5886e+01,    1.1765e-01,    6.4000e+01
1.6033e+01,    1.1664e-01,    6.4000e+01
1.6181e+01,    1.1564e-01,    6.4000e+01
1.6331e+01,    1.1465e-01,    6.4000e+01
1.6482e+01,    1.1367e-01,    6.4000e+01
1.6635e+01,    1.1269e-01,    6.4000e+01
1.6789e+01,    1.1173e-01,    6.4000e+01
1.6944e+01,    1.1077e-01,    6.4000e+01
1.7101e+01,    1.0981e-01,    6.4000e+01
1.7260e+01,    1.0887e-01,    6.4000e+01
1.7419e+01,    1.0793e-01,    6.4000e+01
1.7581e+01,    1.0700e-01,    6.4000e+01
1.7743e+01,    1.0608e-01,    6.4000e+01
1.7908e+01,    1.0516e-01,    6.4000e+01
1.8074e+01,    1.0425e-01,    6.4000e+01
1.8241e+01,    1.0335e-01,    6.4000e+01
1.8410e+01,    1.0246e-01,    6.4000e+01
1.8580e+01,    1.0157e-01,    6.4000e+01
1.8752e+01,    1.0069e-01,    6.4000e+01
1.8926e+01,    9.9822e-02,    6.4000e+01
1.9101e+01,    9.8957e-02,    6.4000e+01
1.9278e+01,    9.8099e-02,    6.4000e+01
1.9456e+01,    9.7248e-02,    6.4000e+01
1.9637e+01,    9.6404e-02,    6.4000e+01
1.9818e+01,    9.5567e-02,    6.4000e+01
2.0002e+01,    9.4736e-02,    6.4000e+01
2.0187e+01,    9.3913e-02,    6.4000e+01
2.0374e+01,    9.3096e-02,    6.4000e+01
2.0563e+01,    9.2285e-02,    6.4000e+01
2.0753e+01,    9.1482e-02,    6.4000e+01
2.0945e+01,    9.0685e-02,    6.4000e+01
2.1139e+01,    8.9894e-02,    6.4000e+01
2.1335e+01,    8.9111e-02,    6.4000e+01
2.1532e+01,    8.8333e-02,    6.4000e+01
2.1732e+01,    8.7562e-02,    6.4000e+01
2.1933e+01,    8.6797e-02,    6.4000e+01
2.2136e+01,    8.6039e-02,    6.4000e+01
2.2341e+01,    8.5287e-02,    6.4000e+01
2.2548e+01,    8.4541e-02,    6.4000e+01
2.2757e+01,    8.3801e-02,    6.4000e+01
2.2967e+01,    8.3067e-02,    6.4000e+01
2.3180e+01,    8.2340e-02,    6.4000e+01
2.3394e+01,    8.1618e-02,    6.4000e+01
2.3611e+01,    8.0903e-02,    6.4000e+01
2.3830e+01,    8.0193e-02,    6.4000e+01
2.4050e+01,    7.9490e-02,    6.4000e+01
2.4273e+01,    7.8792e-02,    6.4000e+01
2.4498e+01,    7.8100e-02,    6.4000e+01
2.4725e+01,    7.7414e-02,    6.4000e+01
2.4953e+01,    7.6733e-02,    6.4000e+01
2.5184e+01,    7.6059e-02,    6.4000e+01
2.5418e+01,    7.5390e-02,    6.4000e+01
2.5653e+01,    7.4726e-02,    6.4000e+01
2.5891e+01,    7.4068e-02,    6.4000e+01
2.6130e+01,    7.3416e-02,    6.4000e+01
2.6372e+01,    7.2769e-02,    6.4000e+01
2.6616e+01,    7.2128e-02,    6.4000e+01
2.6863e+01,    7.1492e-02,    6.4000e+01
2.7111e+01,    7.0861e-02,    6.4000e+01
2.7363e+01,    7.0236e-02,    6.4000e+01
2.7616e+01,    6.9616e-02,    6.4000e+01
2.7872e+01,    6.9001e-02,    6.4000e+01
2.8130e+01,    6.8392e-02,    6.4000e+01
2.8390e+01,    6.7787e-02,    6.4000e+01
2.8653e+01,    6.7188e-02,    6.4000e+01
2.8918e+01,    6.6594e-02,    6.4000e+01
2.9186e+01,    6.6005e-02,    6.4000e+01
2.9456e+01,    6.5420e-02,    6.4000e+01
2.9729e+01,    6.4841e-02,    6.4000e+01
3.0004e+01,    6.4267e-02,    6.4000e+01
3.0282e+01,    6.3698e-02,    6.4000e+01
3.0562e+01,    6.3133e-02,    6.4000e+01
3.0845e+01,    6.2573e-02,    6.4000e+01
3.1131e+01,    6.2019e-02,    6.4000e+01
3.1419e+01,    6.1468e-02,    6.4000e+01
3.1710e+01,    6.0923e-02,    6.4000e+01
3.2004e+01,    6.0382e-02,    6.4000e+01
3.2300e+01,    5.9846e-02,    6.4000e+01
3.2599e+01,    5.9314e-02,    6.4000e+01
3.2901e+01,    5.8788e-02,    6.4000e+01
3.3205e+01,    5.8265e-02,    6.4000e+01
3.3513e+01,    5.7747e-02,    6.4000e+01
3.3823e+01,    5.7233e-02,    6.4000e+01
3.4136e+01,    5.6724e-02,    6.4000e+01
3.4452e+01,    5.6220e-02,    6.4000e+01
3.4771e+01,    5.5719e-02,    6.4000e+01
3.5093e+01,    5.5223e-02,    6.4000e+01
3.5418e+01,    5.4731e-02,    6.4000e+01
3.5746e+01,    5.4244e-02,    6.4000e+01
3.6077e+01,    5.3760e-02,    6.4000e+01
3.6411e+01,    5.3281e-02,    6.4000e+01
3.6748e+01,    5.2806e-02,    6.4000e+01
3.7088e+01,    5.2335e-02,    6.4000e+01
3.7432e+01,    5.1868e-02,    6.4000e+01
3.7778e+01,    5.1406e-02,    6.4000e+01
3.8128e+01,    5.0947e-02,    6.4000e+01
3.8481e+01,    5.0492e-02,    6.4000e+01
3.8837e+01,    5.0041e-02,    6.4000e+01
3.9197e+01,    4.9594e-02,    6.4000e+01
3.9560e+01,    4.9151e-02,    6.4000e+01
3.9926e+01,    4.8712e-02,    6.4000e+01
4.0296e+01,    4.8276e-02,    6.4000e+01
4.0669e+01,    4.7845e-02,    6.4000e+01
4.1046e+01,    4.7417e-02,    6.4000e+01
4.1426e+01,    4.6993e-02,    6.4000e+01
4.1809e+01,    4.6572e-02,    6.4000e+01
4.2196e+01,    4.6155e-02,    6.4000e+01
4.2587e+01,    4.5742e-02,    6.4000e+01
4.2981e+01,    4.5332e-02,    6.4000e+01
4.3379e+01,    4.4926e-02,    6.4000e+01
4.3781e+01,    4.4524e-02,    6.4000e+01
4.4186e+01,    4.4125e-02,    6.4000e+01
4.4595e+01,    4.3730e-02,    6.4000e+01
4.5008e+01,    4.3338e-02,    6.4000e+01
4.5425e+01,    4.2949e-02,    6.4000e+01
4.5845e+01,    4.2564e-02,    6.4000e+01
4.6270e+01,    4.2182e-02,    6.4000e+01
4.6698e+01,    4.1804e-02,    6.4000e+01
4.7131e+01,    4.1429e-02,    6.4000e+01
4.7567e+01,    4.1057e-02,    6.4000e+01
4.8007e+01,    4.0688e-02,    6.4000e+01
4.8452e+01,    4.0323e-02,    6.4000e+01
4.8901e+01,    3.9961e-02,    6.4000e+01
4.9353e+01,    3.9602e-02,    6.4000e+01
4.9810e+01,    3.9246e-02,    6.4000e+01
5.0271e+01,    3.8893e-02,    6.4000e+01
5.0737e+01,    3.8544e-02,    6.4000e+01
5.1207e+01,    3.8197e-02,    6.4000e+01
5.1681e+01,    3.7854e-02,    6.4000e+01
5.2159e+01,    3.7513e-02,    6.4000e+01
5.2642e+01,    3.7176e-02,    6.4000e+01
5.3130e+01,    3.6841e-02,    6.4000e+01
5.3621e+01,    3.6510e-02,    6.4000e+01
5.4118e+01,    3.6181e-02,    6.4000e+01
5.4619e+01,    3.5856e-02,    6.4000e+01
5.5125e+01,    3.5533e-02,    6.4000e+01
5.5635e+01,    3.5213e-02,    6.4000e+01
5.6150e+01,    3.4896e-02,    6.4000e+01
5.6670e+01,    3.4581e-02,    6.4000e+01
5.7195e+01,    3.4270e-02,    6.4000e+01
5.7724e+01,    3.3961e-02,    6.4000e+01
5.8259e+01,    3.3655e-02,    6.4000e+01
5.8798e+01,    3.3352e-02,    6.4000e+01
5.9343e+01,    3.3051e-02,    6.4000e+01
5.9892e+01,    3.2753e-02,    6.4000e+01
6.0446e+01,    3.2457e-02,    6.4000e+01
6.1006e+01,    3.2165e-02,    6.4000e+01
6.1571e+01,    3.1875e-02,    6.4000e+01
6.2141e+01,    3.1587e-02,    6.4000e+01
6.2716e+01,    3.1302e-02,    6.4000e+01
6.3297e+01,    3.1019e-02,    6.4000e+01
6.3883e+01,    3.0739e-02,    6.4000e+01
6.4475e+01,    3.0462e-02,    6.4000e+01
6.5072e+01,    3.0187e-02,    6.4000e+01
6.5674e+01,    2.9914e-02,    6.4000e+01
6.6282e+01,    2.9644e-02,    6.4000e+01
6.6896e+01,    2.9376e-02,    6.4000e+01
6.7515e+01,    2.9111e-02,    6.4000e+01
6.8140e+01,    2.8848e-02,    6.4000e+01
6.8771e+01,    2.8587e-02,    6.4000e+01
6.9408e+01,    2.8329e-02,    6.4000e+01
7.0050e+01,    2.8073e-02,    6.4000e+01
7.0699e+01,    2.7819e-02,    6.4000e+01
7.1354e+01,    2.7567e-02,    6.4000e+01
7.2014e+01,    2.7318e-02,    6.4000e+01
7.2681e+01,    2.7071e-02,    6.4000e+01
7.3354e+01,    2.6826e-02,    6.4000e+01
7.4033e+01,    2.6583e-02,    6.4000e+01
7.4719e+01,    2.6343e-02,    6.4000e+01
7.5410e+01,    2.6104e-02,    6.4000e+01
7.6109e+01,    2.5868e-02,    6.4000e+01
7.6813e+01,    2.5634e-02,    6.4000e+01
7.7524e+01,    2.5402e-02,    6.4000e+01
7.8242e+01,    2.5172e-02,    6.4000e+01
7.8967e+01,    2.4944e-02,    6.4000e+01
7.9698e+01,    2.4718e-02,    6.4000e+01
8.0436e+01,    2.4494e-02,    6.4000e+01
8.1180e+01,    2.4272e-02,    6.4000e+01
8.1932e+01,    2.4052e-02,    6.4000e+01
8.2691e+01,    2.3834e-02,    6.4000e+01
8.3456e+01,    2.3618e-02,    6.4000e+01
8.4229e+01,    2.3404e-02,    6.4000e+01
8.5009e+01,    2.3192e-02,    6.4000e+01
8.5796e+01,    2.2982e-02,    6.4000e+01
8.6590e+01,    2.2774e-02,    6.4000e+01
8.7392e+01,    2.2567e-02,    6.4000e+01
8.8201e+01,    2.2363e-02,    6.4000e+01
8.9018e+01,    2.2160e-02,    6.4000e+01
8.9842e+01,    2.1959e-02,    6.4000e+01
9.0674e+01,    2.1760e-02,    6.4000e+01
9.1513e+01,    2.1562e-02,    6.4000e+01
9.2360e+01,    2.1367e-02,    6.4000e+01
9.3216e+01,    2.1173e-02,    6.4000e+01
9.4079e+01,    2.0981e-02,    6.4000e+01
9.4950e+01,    2.0790e-02,    6.4000e+01
9.5829e+01,    2.0602e-02,    6.4000e+01
9.6716e+01,    2.0415e-02,    6.4000e+01
9.7612e+01,    2.0229e-02,    6.4000e+01
9.8515e+01,    2.0046e-02,    6.4000e+01
9.9427e+01,    1.9864e-02,    6.4000e+01
1.0035e+02,    1.9683e-02,    6.4000e+01
1.0128e+02,    1.9504e-02,    6.4000e+01
