# Force βfL, Rxyy^2, Persistence Length λ
1.0769e-02,    6.1441e-01,    4.0000e+00
1.0869e-02,    6.1441e-01,    4.0000e+00
1.0970e-02,    6.1441e-01,    4.0000e+00
1.1071e-02,    6.1441e-01,    4.0000e+00
1.1174e-02,    6.1441e-01,    4.0000e+00
1.1277e-02,    6.1441e-01,    4.0000e+00
1.1382e-02,    6.1441e-01,    4.0000e+00
1.1487e-02,    6.1441e-01,    4.0000e+00
1.1593e-02,    6.1441e-01,    4.0000e+00
1.1701e-02,    6.1441e-01,    4.0000e+00
1.1809e-02,    6.1441e-01,    4.0000e+00
1.1918e-02,    6.1441e-01,    4.0000e+00
1.2029e-02,    6.1441e-01,    4.0000e+00
1.2140e-02,    6.1441e-01,    4.0000e+00
1.2253e-02,    6.1441e-01,    4.0000e+00
1.2366e-02,    6.1441e-01,    4.0000e+00
1.2481e-02,    6.1441e-01,    4.0000e+00
1.2596e-02,    6.1441e-01,    4.0000e+00
1.2713e-02,    6.1441e-01,    4.0000e+00
1.2830e-02,    6.1441e-01,    4.0000e+00
1.2949e-02,    6.1441e-01,    4.0000e+00
1.3069e-02,    6.1441e-01,    4.0000e+00
1.3190e-02,    6.1441e-01,    4.0000e+00
1.3312e-02,    6.1441e-01,    4.0000e+00
1.3435e-02,    6.1441e-01,    4.0000e+00
1.3560e-02,    6.1441e-01,    4.0000e+00
1.3685e-02,    6.1441e-01,    4.0000e+00
1.3812e-02,    6.1441e-01,    4.0000e+00
1.3940e-02,    6.1441e-01,    4.0000e+00
1.4069e-02,    6.1441e-01,    4.0000e+00
1.4199e-02,    6.1440e-01,    4.0000e+00
1.4331e-02,    6.1440e-01,    4.0000e+00
1.4464e-02,    6.1440e-01,    4.0000e+00
1.4597e-02,    6.1440e-01,    4.0000e+00
1.4733e-02,    6.1440e-01,    4.0000e+00
1.4869e-02,    6.1440e-01,    4.0000e+00
1.5007e-02,    6.1440e-01,    4.0000e+00
1.5146e-02,    6.1440e-01,    4.0000e+00
1.5286e-02,    6.1440e-01,    4.0000e+00
1.5427e-02,    6.1440e-01,    4.0000e+00
1.5570e-02,    6.1440e-01,    4.0000e+00
1.5714e-02,    6.1440e-01,    4.0000e+00
1.5860e-02,    6.1440e-01,    4.0000e+00
1.6007e-02,    6.1440e-01,    4.0000e+00
1.6155e-02,    6.1440e-01,    4.0000e+00
1.6304e-02,    6.1440e-01,    4.0000e+00
1.6455e-02,    6.1440e-01,    4.0000e+00
1.6608e-02,    6.1440e-01,    4.0000e+00
1.6762e-02,    6.1440e-01,    4.0000e+00
1.6917e-02,    6.1440e-01,    4.0000e+00
1.7073e-02,    6.1440e-01,    4.0000e+00
1.7231e-02,    6.1440e-01,    4.0000e+00
1.7391e-02,    6.1440e-01,    4.0000e+00
1.7552e-02,    6.1440e-01,    4.0000e+00
1.7714e-02,    6.1440e-01,    4.0000e+00
1.7879e-02,    6.1440e-01,    4.0000e+00
1.8044e-02,    6.1440e-01,    4.0000e+00
1.8211e-02,    6.1440e-01,    4.0000e+00
1.8380e-02,    6.1440e-01,    4.0000e+00
1.8550e-02,    6.1440e-01,    4.0000e+00
1.8722e-02,    6.1440e-01,    4.0000e+00
1.8895e-02,    6.1440e-01,    4.0000e+00
1.9070e-02,    6.1440e-01,    4.0000e+00
1.9246e-02,    6.1440e-01,    4.0000e+00
1.9425e-02,    6.1440e-01,    4.0000e+00
1.9605e-02,    6.1440e-01,    4.0000e+00
1.9786e-02,    6.1440e-01,    4.0000e+00
1.9969e-02,    6.1440e-01,    4.0000e+00
2.0154e-02,    6.1440e-01,    4.0000e+00
2.0341e-02,    6.1440e-01,    4.0000e+00
2.0529e-02,    6.1440e-01,    4.0000e+00
2.0719e-02,    6.1440e-01,    4.0000e+00
2.0911e-02,    6.1440e-01,    4.0000e+00
2.1105e-02,    6.1440e-01,    4.0000e+00
2.1300e-02,    6.1440e-01,    4.0000e+00
2.1497e-02,    6.1440e-01,    4.0000e+00
2.1696e-02,    6.1439e-01,    4.0000e+00
2.1897e-02,    6.1439e-01,    4.0000e+00
2.2100e-02,    6.1439e-01,    4.0000e+00
2.2304e-02,    6.1439e-01,    4.0000e+00
2.2511e-02,    6.1439e-01,    4.0000e+00
2.2719e-02,    6.1439e-01,    4.0000e+00
2.2930e-02,    6.1439e-01,    4.0000e+00
2.3142e-02,    6.1439e-01,    4.0000e+00
2.3356e-02,    6.1439e-01,    4.0000e+00
2.3573e-02,    6.1439e-01,    4.0000e+00
2.3791e-02,    6.1439e-01,    4.0000e+00
2.4011e-02,    6.1439e-01,    4.0000e+00
2.4233e-02,    6.1439e-01,    4.0000e+00
2.4458e-02,    6.1439e-01,    4.0000e+00
2.4684e-02,    6.1439e-01,    4.0000e+00
2.4913e-02,    6.1439e-01,    4.0000e+00
2.5143e-02,    6.1439e-01,    4.0000e+00
2.5376e-02,    6.1439e-01,    4.0000e+00
2.5611e-02,    6.1439e-01,    4.0000e+00
2.5848e-02,    6.1439e-01,    4.0000e+00
2.6088e-02,    6.1439e-01,    4.0000e+00
2.6329e-02,    6.1439e-01,    4.0000e+00
2.6573e-02,    6.1439e-01,    4.0000e+00
2.6819e-02,    6.1439e-01,    4.0000e+00
2.7067e-02,    6.1439e-01,    4.0000e+00
2.7318e-02,    6.1438e-01,    4.0000e+00
2.7571e-02,    6.1438e-01,    4.0000e+00
2.7826e-02,    6.1438e-01,    4.0000e+00
2.8084e-02,    6.1438e-01,    4.0000e+00
2.8344e-02,    6.1438e-01,    4.0000e+00
2.8606e-02,    6.1438e-01,    4.0000e+00
2.8871e-02,    6.1438e-01,    4.0000e+00
2.9138e-02,    6.1438e-01,    4.0000e+00
2.9408e-02,    6.1438e-01,    4.0000e+00
2.9680e-02,    6.1438e-01,    4.0000e+00
2.9955e-02,    6.1438e-01,    4.0000e+00
3.0232e-02,    6.1438e-01,    4.0000e+00
3.0512e-02,    6.1438e-01,    4.0000e+00
3.0795e-02,    6.1438e-01,    4.0000e+00
3.1080e-02,    6.1438e-01,    4.0000e+00
3.1368e-02,    6.1438e-01,    4.0000e+00
3.1658e-02,    6.1437e-01,    4.0000e+00
3.1951e-02,    6.1437e-01,    4.0000e+00
3.2247e-02,    6.1437e-01,    4.0000e+00
3.2546e-02,    6.1437e-01,    4.0000e+00
3.2847e-02,    6.1437e-01,    4.0000e+00
3.3151e-02,    6.1437e-01,    4.0000e+00
3.3458e-02,    6.1437e-01,    4.0000e+00
3.3768e-02,    6.1437e-01,    4.0000e+00
3.4081e-02,    6.1437e-01,    4.0000e+00
3.4396e-02,    6.1437e-01,    4.0000e+00
3.4715e-02,    6.1437e-01,    4.0000e+00
3.5036e-02,    6.1437e-01,    4.0000e+00
3.5360e-02,    6.1437e-01,    4.0000e+00
3.5688e-02,    6.1436e-01,    4.0000e+00
3.6018e-02,    6.1436e-01,    4.0000e+00
3.6352e-02,    6.1436e-01,    4.0000e+00
3.6688e-02,    6.1436e-01,    4.0000e+00
3.7028e-02,    6.1436e-01,    4.0000e+00
3.7371e-02,    6.1436e-01,    4.0000e+00
3.7717e-02,    6.1436e-01,    4.0000e+00
3.8066e-02,    6.1436e-01,    4.0000e+00
3.8418e-02,    6.1436e-01,    4.0000e+00
3.8774e-02,    6.1436e-01,    4.0000e+00
3.9133e-02,    6.1435e-01,    4.0000e+00
3.9495e-02,    6.1435e-01,    4.0000e+00
3.9861e-02,    6.1435e-01,    4.0000e+00
4.0230e-02,    6.1435e-01,    4.0000e+00
4.0603e-02,    6.1435e-01,    4.0000e+00
4.0979e-02,    6.1435e-01,    4.0000e+00
4.1358e-02,    6.1435e-01,    4.0000e+00
4.1741e-02,    6.1435e-01,    4.0000e+00
4.2127e-02,    6.1435e-01,    4.0000e+00
4.2517e-02,    6.1434e-01,    4.0000e+00
4.2911e-02,    6.1434e-01,    4.0000e+00
4.3308e-02,    6.1434e-01,    4.0000e+00
4.3709e-02,    6.1434e-01,    4.0000e+00
4.4114e-02,    6.1434e-01,    4.0000e+00
4.4522e-02,    6.1434e-01,    4.0000e+00
4.4935e-02,    6.1434e-01,    4.0000e+00
4.5351e-02,    6.1434e-01,    4.0000e+00
4.5771e-02,    6.1433e-01,    4.0000e+00
4.6194e-02,    6.1433e-01,    4.0000e+00
4.6622e-02,    6.1433e-01,    4.0000e+00
4.7054e-02,    6.1433e-01,    4.0000e+00
4.7489e-02,    6.1433e-01,    4.0000e+00
4.7929e-02,    6.1433e-01,    4.0000e+00
4.8373e-02,    6.1432e-01,    4.0000e+00
4.8821e-02,    6.1432e-01,    4.0000e+00
4.9273e-02,    6.1432e-01,    4.0000e+00
4.9729e-02,    6.1432e-01,    4.0000e+00
5.0189e-02,    6.1432e-01,    4.0000e+00
5.0654e-02,    6.1432e-01,    4.0000e+00
5.1123e-02,    6.1431e-01,    4.0000e+00
5.1596e-02,    6.1431e-01,    4.0000e+00
5.2074e-02,    6.1431e-01,    4.0000e+00
5.2556e-02,    6.1431e-01,    4.0000e+00
5.3043e-02,    6.1431e-01,    4.0000e+00
5.3534e-02,    6.1430e-01,    4.0000e+00
5.4030e-02,    6.1430e-01,    4.0000e+00
5.4530e-02,    6.1430e-01,    4.0000e+00
5.5035e-02,    6.1430e-01,    4.0000e+00
5.5544e-02,    6.1430e-01,    4.0000e+00
5.6059e-02,    6.1429e-01,    4.0000e+00
5.6578e-02,    6.1429e-01,    4.0000e+00
5.7101e-02,    6.1429e-01,    4.0000e+00
5.7630e-02,    6.1429e-01,    4.0000e+00
5.8164e-02,    6.1429e-01,    4.0000e+00
5.8702e-02,    6.1428e-01,    4.0000e+00
5.9246e-02,    6.1428e-01,    4.0000e+00
5.9794e-02,    6.1428e-01,    4.0000e+00
6.0348e-02,    6.1428e-01,    4.0000e+00
6.0907e-02,    6.1427e-01,    4.0000e+00
6.1470e-02,    6.1427e-01,    4.0000e+00
6.2040e-02,    6.1427e-01,    4.0000e+00
6.2614e-02,    6.1427e-01,    4.0000e+00
6.3194e-02,    6.1426e-01,    4.0000e+00
6.3779e-02,    6.1426e-01,    4.0000e+00
6.4369e-02,    6.1426e-01,    4.0000e+00
6.4965e-02,    6.1425e-01,    4.0000e+00
6.5567e-02,    6.1425e-01,    4.0000e+00
6.6174e-02,    6.1425e-01,    4.0000e+00
6.6787e-02,    6.1424e-01,    4.0000e+00
6.7405e-02,    6.1424e-01,    4.0000e+00
6.8029e-02,    6.1424e-01,    4.0000e+00
6.8659e-02,    6.1424e-01,    4.0000e+00
6.9295e-02,    6.1423e-01,    4.0000e+00
6.9936e-02,    6.1423e-01,    4.0000e+00
7.0584e-02,    6.1423e-01,    4.0000e+00
7.1237e-02,    6.1422e-01,    4.0000e+00
7.1897e-02,    6.1422e-01,    4.0000e+00
7.2562e-02,    6.1421e-01,    4.0000e+00
7.3234e-02,    6.1421e-01,    4.0000e+00
7.3912e-02,    6.1421e-01,    4.0000e+00
7.4597e-02,    6.1420e-01,    4.0000e+00
7.5287e-02,    6.1420e-01,    4.0000e+00
7.5984e-02,    6.1420e-01,    4.0000e+00
7.6688e-02,    6.1419e-01,    4.0000e+00
7.7398e-02,    6.1419e-01,    4.0000e+00
7.8114e-02,    6.1418e-01,    4.0000e+00
7.8838e-02,    6.1418e-01,    4.0000e+00
7.9568e-02,    6.1417e-01,    4.0000e+00
8.0304e-02,    6.1417e-01,    4.0000e+00
8.1048e-02,    6.1417e-01,    4.0000e+00
8.1798e-02,    6.1416e-01,    4.0000e+00
8.2556e-02,    6.1416e-01,    4.0000e+00
8.3320e-02,    6.1415e-01,    4.0000e+00
8.4091e-02,    6.1415e-01,    4.0000e+00
8.4870e-02,    6.1414e-01,    4.0000e+00
8.5656e-02,    6.1414e-01,    4.0000e+00
8.6449e-02,    6.1413e-01,    4.0000e+00
8.7249e-02,    6.1413e-01,    4.0000e+00
8.8057e-02,    6.1412e-01,    4.0000e+00
8.8872e-02,    6.1412e-01,    4.0000e+00
8.9695e-02,    6.1411e-01,    4.0000e+00
9.0526e-02,    6.1410e-01,    4.0000e+00
9.1364e-02,    6.1410e-01,    4.0000e+00
9.2210e-02,    6.1409e-01,    4.0000e+00
9.3063e-02,    6.1409e-01,    4.0000e+00
9.3925e-02,    6.1408e-01,    4.0000e+00
9.4795e-02,    6.1407e-01,    4.0000e+00
9.5672e-02,    6.1407e-01,    4.0000e+00
9.6558e-02,    6.1406e-01,    4.0000e+00
9.7452e-02,    6.1406e-01,    4.0000e+00
9.8354e-02,    6.1405e-01,    4.0000e+00
9.9265e-02,    6.1404e-01,    4.0000e+00
1.0018e-01,    6.1404e-01,    4.0000e+00
1.0111e-01,    6.1403e-01,    4.0000e+00
1.0205e-01,    6.1402e-01,    4.0000e+00
1.0299e-01,    6.1401e-01,    4.0000e+00
1.0395e-01,    6.1401e-01,    4.0000e+00
1.0491e-01,    6.1400e-01,    4.0000e+00
1.0588e-01,    6.1399e-01,    4.0000e+00
1.0686e-01,    6.1398e-01,    4.0000e+00
1.0785e-01,    6.1398e-01,    4.0000e+00
1.0885e-01,    6.1397e-01,    4.0000e+00
1.0986e-01,    6.1396e-01,    4.0000e+00
1.1087e-01,    6.1395e-01,    4.0000e+00
1.1190e-01,    6.1394e-01,    4.0000e+00
1.1294e-01,    6.1393e-01,    4.0000e+00
1.1398e-01,    6.1392e-01,    4.0000e+00
1.1504e-01,    6.1392e-01,    4.0000e+00
1.1610e-01,    6.1391e-01,    4.0000e+00
1.1718e-01,    6.1390e-01,    4.0000e+00
1.1826e-01,    6.1389e-01,    4.0000e+00
1.1936e-01,    6.1388e-01,    4.0000e+00
1.2046e-01,    6.1387e-01,    4.0000e+00
1.2158e-01,    6.1386e-01,    4.0000e+00
1.2270e-01,    6.1385e-01,    4.0000e+00
1.2384e-01,    6.1384e-01,    4.0000e+00
1.2499e-01,    6.1383e-01,    4.0000e+00
1.2614e-01,    6.1382e-01,    4.0000e+00
1.2731e-01,    6.1380e-01,    4.0000e+00
1.2849e-01,    6.1379e-01,    4.0000e+00
1.2968e-01,    6.1378e-01,    4.0000e+00
1.3088e-01,    6.1377e-01,    4.0000e+00
1.3209e-01,    6.1376e-01,    4.0000e+00
1.3331e-01,    6.1375e-01,    4.0000e+00
1.3455e-01,    6.1373e-01,    4.0000e+00
1.3579e-01,    6.1372e-01,    4.0000e+00
1.3705e-01,    6.1371e-01,    4.0000e+00
1.3832e-01,    6.1369e-01,    4.0000e+00
1.3960e-01,    6.1368e-01,    4.0000e+00
1.4089e-01,    6.1367e-01,    4.0000e+00
1.4220e-01,    6.1365e-01,    4.0000e+00
1.4351e-01,    6.1364e-01,    4.0000e+00
1.4484e-01,    6.1363e-01,    4.0000e+00
1.4618e-01,    6.1361e-01,    4.0000e+00
1.4754e-01,    6.1360e-01,    4.0000e+00
1.4890e-01,    6.1358e-01,    4.0000e+00
1.5028e-01,    6.1356e-01,    4.0000e+00
1.5167e-01,    6.1355e-01,    4.0000e+00
1.5308e-01,    6.1353e-01,    4.0000e+00
1.5450e-01,    6.1352e-01,    4.0000e+00
1.5593e-01,    6.1350e-01,    4.0000e+00
1.5737e-01,    6.1348e-01,    4.0000e+00
1.5883e-01,    6.1347e-01,    4.0000e+00
1.6030e-01,    6.1345e-01,    4.0000e+00
1.6178e-01,    6.1343e-01,    4.0000e+00
1.6328e-01,    6.1341e-01,    4.0000e+00
1.6479e-01,    6.1339e-01,    4.0000e+00
1.6632e-01,    6.1337e-01,    4.0000e+00
1.6786e-01,    6.1336e-01,    4.0000e+00
1.6941e-01,    6.1334e-01,    4.0000e+00
1.7098e-01,    6.1332e-01,    4.0000e+00
1.7256e-01,    6.1330e-01,    4.0000e+00
1.7416e-01,    6.1327e-01,    4.0000e+00
1.7577e-01,    6.1325e-01,    4.0000e+00
1.7740e-01,    6.1323e-01,    4.0000e+00
1.7904e-01,    6.1321e-01,    4.0000e+00
1.8070e-01,    6.1319e-01,    4.0000e+00
1.8237e-01,    6.1317e-01,    4.0000e+00
1.8406e-01,    6.1314e-01,    4.0000e+00
1.8577e-01,    6.1312e-01,    4.0000e+00
1.8749e-01,    6.1309e-01,    4.0000e+00
1.8922e-01,    6.1307e-01,    4.0000e+00
1.9097e-01,    6.1305e-01,    4.0000e+00
1.9274e-01,    6.1302e-01,    4.0000e+00
1.9453e-01,    6.1299e-01,    4.0000e+00
1.9633e-01,    6.1297e-01,    4.0000e+00
1.9815e-01,    6.1294e-01,    4.0000e+00
1.9998e-01,    6.1291e-01,    4.0000e+00
2.0183e-01,    6.1289e-01,    4.0000e+00
2.0370e-01,    6.1286e-01,    4.0000e+00
2.0559e-01,    6.1283e-01,    4.0000e+00
2.0749e-01,    6.1280e-01,    4.0000e+00
2.0941e-01,    6.1277e-01,    4.0000e+00
2.1135e-01,    6.1274e-01,    4.0000e+00
2.1331e-01,    6.1271e-01,    4.0000e+00
2.1528e-01,    6.1268e-01,    4.0000e+00
2.1727e-01,    6.1264e-01,    4.0000e+00
2.1929e-01,    6.1261e-01,    4.0000e+00
2.2132e-01,    6.1258e-01,    4.0000e+00
2.2337e-01,    6.1254e-01,    4.0000e+00
2.2543e-01,    6.1251e-01,    4.0000e+00
2.2752e-01,    6.1247e-01,    4.0000e+00
2.2963e-01,    6.1244e-01,    4.0000e+00
2.3175e-01,    6.1240e-01,    4.0000e+00
2.3390e-01,    6.1237e-01,    4.0000e+00
2.3607e-01,    6.1233e-01,    4.0000e+00
2.3825e-01,    6.1229e-01,    4.0000e+00
2.4046e-01,    6.1225e-01,    4.0000e+00
2.4268e-01,    6.1221e-01,    4.0000e+00
2.4493e-01,    6.1217e-01,    4.0000e+00
2.4720e-01,    6.1213e-01,    4.0000e+00
2.4949e-01,    6.1208e-01,    4.0000e+00
2.5180e-01,    6.1204e-01,    4.0000e+00
2.5413e-01,    6.1200e-01,    4.0000e+00
2.5648e-01,    6.1195e-01,    4.0000e+00
2.5886e-01,    6.1191e-01,    4.0000e+00
2.6125e-01,    6.1186e-01,    4.0000e+00
2.6367e-01,    6.1181e-01,    4.0000e+00
2.6611e-01,    6.1177e-01,    4.0000e+00
2.6858e-01,    6.1172e-01,    4.0000e+00
2.7106e-01,    6.1167e-01,    4.0000e+00
2.7357e-01,    6.1162e-01,    4.0000e+00
2.7610e-01,    6.1156e-01,    4.0000e+00
2.7866e-01,    6.1151e-01,    4.0000e+00
2.8124e-01,    6.1146e-01,    4.0000e+00
2.8385e-01,    6.1140e-01,    4.0000e+00
2.8647e-01,    6.1135e-01,    4.0000e+00
2.8913e-01,    6.1129e-01,    4.0000e+00
2.9180e-01,    6.1123e-01,    4.0000e+00
2.9450e-01,    6.1118e-01,    4.0000e+00
2.9723e-01,    6.1112e-01,    4.0000e+00
2.9998e-01,    6.1105e-01,    4.0000e+00
3.0276e-01,    6.1099e-01,    4.0000e+00
3.0556e-01,    6.1093e-01,    4.0000e+00
3.0839e-01,    6.1087e-01,    4.0000e+00
3.1125e-01,    6.1080e-01,    4.0000e+00
3.1413e-01,    6.1073e-01,    4.0000e+00
3.1704e-01,    6.1067e-01,    4.0000e+00
3.1997e-01,    6.1060e-01,    4.0000e+00
3.2294e-01,    6.1053e-01,    4.0000e+00
3.2593e-01,    6.1045e-01,    4.0000e+00
3.2894e-01,    6.1038e-01,    4.0000e+00
3.3199e-01,    6.1031e-01,    4.0000e+00
3.3506e-01,    6.1023e-01,    4.0000e+00
3.3817e-01,    6.1015e-01,    4.0000e+00
3.4130e-01,    6.1008e-01,    4.0000e+00
3.4446e-01,    6.1000e-01,    4.0000e+00
3.4765e-01,    6.0992e-01,    4.0000e+00
3.5086e-01,    6.0983e-01,    4.0000e+00
3.5411e-01,    6.0975e-01,    4.0000e+00
3.5739e-01,    6.0966e-01,    4.0000e+00
3.6070e-01,    6.0958e-01,    4.0000e+00
3.6404e-01,    6.0949e-01,    4.0000e+00
3.6741e-01,    6.0940e-01,    4.0000e+00
3.7081e-01,    6.0930e-01,    4.0000e+00
3.7425e-01,    6.0921e-01,    4.0000e+00
3.7771e-01,    6.0911e-01,    4.0000e+00
3.8121e-01,    6.0902e-01,    4.0000e+00
3.8474e-01,    6.0892e-01,    4.0000e+00
3.8830e-01,    6.0882e-01,    4.0000e+00
3.9189e-01,    6.0871e-01,    4.0000e+00
3.9552e-01,    6.0861e-01,    4.0000e+00
3.9919e-01,    6.0850e-01,    4.0000e+00
4.0288e-01,    6.0839e-01,    4.0000e+00
4.0661e-01,    6.0828e-01,    4.0000e+00
4.1038e-01,    6.0817e-01,    4.0000e+00
4.1418e-01,    6.0806e-01,    4.0000e+00
4.1801e-01,    6.0794e-01,    4.0000e+00
4.2188e-01,    6.0782e-01,    4.0000e+00
4.2579e-01,    6.0770e-01,    4.0000e+00
4.2973e-01,    6.0758e-01,    4.0000e+00
4.3371e-01,    6.0745e-01,    4.0000e+00
4.3772e-01,    6.0733e-01,    4.0000e+00
4.4178e-01,    6.0720e-01,    4.0000e+00
4.4587e-01,    6.0706e-01,    4.0000e+00
4.4999e-01,    6.0693e-01,    4.0000e+00
4.5416e-01,    6.0679e-01,    4.0000e+00
4.5837e-01,    6.0665e-01,    4.0000e+00
4.6261e-01,    6.0651e-01,    4.0000e+00
4.6689e-01,    6.0637e-01,    4.0000e+00
4.7122e-01,    6.0622e-01,    4.0000e+00
4.7558e-01,    6.0607e-01,    4.0000e+00
4.7998e-01,    6.0592e-01,    4.0000e+00
4.8443e-01,    6.0577e-01,    4.0000e+00
4.8891e-01,    6.0561e-01,    4.0000e+00
4.9344e-01,    6.0545e-01,    4.0000e+00
4.9801e-01,    6.0528e-01,    4.0000e+00
5.0262e-01,    6.0512e-01,    4.0000e+00
5.0727e-01,    6.0495e-01,    4.0000e+00
5.1197e-01,    6.0478e-01,    4.0000e+00
5.1671e-01,    6.0460e-01,    4.0000e+00
5.2149e-01,    6.0442e-01,    4.0000e+00
5.2632e-01,    6.0424e-01,    4.0000e+00
5.3119e-01,    6.0406e-01,    4.0000e+00
5.3611e-01,    6.0387e-01,    4.0000e+00
5.4107e-01,    6.0368e-01,    4.0000e+00
5.4608e-01,    6.0348e-01,    4.0000e+00
5.5114e-01,    6.0329e-01,    4.0000e+00
5.5624e-01,    6.0308e-01,    4.0000e+00
5.6139e-01,    6.0288e-01,    4.0000e+00
5.6659e-01,    6.0267e-01,    4.0000e+00
5.7184e-01,    6.0246e-01,    4.0000e+00
5.7713e-01,    6.0224e-01,    4.0000e+00
5.8247e-01,    6.0202e-01,    4.0000e+00
5.8787e-01,    6.0180e-01,    4.0000e+00
5.9331e-01,    6.0157e-01,    4.0000e+00
5.9880e-01,    6.0134e-01,    4.0000e+00
6.0435e-01,    6.0110e-01,    4.0000e+00
6.0994e-01,    6.0086e-01,    4.0000e+00
6.1559e-01,    6.0062e-01,    4.0000e+00
6.2129e-01,    6.0037e-01,    4.0000e+00
6.2704e-01,    6.0012e-01,    4.0000e+00
6.3285e-01,    5.9986e-01,    4.0000e+00
6.3871e-01,    5.9960e-01,    4.0000e+00
6.4462e-01,    5.9933e-01,    4.0000e+00
6.5059e-01,    5.9906e-01,    4.0000e+00
6.5661e-01,    5.9879e-01,    4.0000e+00
6.6269e-01,    5.9851e-01,    4.0000e+00
6.6883e-01,    5.9822e-01,    4.0000e+00
6.7502e-01,    5.9793e-01,    4.0000e+00
6.8127e-01,    5.9764e-01,    4.0000e+00
6.8758e-01,    5.9734e-01,    4.0000e+00
6.9394e-01,    5.9703e-01,    4.0000e+00
7.0037e-01,    5.9672e-01,    4.0000e+00
7.0685e-01,    5.9641e-01,    4.0000e+00
7.1340e-01,    5.9609e-01,    4.0000e+00
7.2000e-01,    5.9576e-01,    4.0000e+00
7.2667e-01,    5.9543e-01,    4.0000e+00
7.3340e-01,    5.9509e-01,    4.0000e+00
7.4019e-01,    5.9475e-01,    4.0000e+00
7.4704e-01,    5.9440e-01,    4.0000e+00
7.5396e-01,    5.9405e-01,    4.0000e+00
7.6094e-01,    5.9369e-01,    4.0000e+00
7.6798e-01,    5.9332e-01,    4.0000e+00
7.7509e-01,    5.9295e-01,    4.0000e+00
7.8227e-01,    5.9257e-01,    4.0000e+00
7.8951e-01,    5.9218e-01,    4.0000e+00
7.9682e-01,    5.9179e-01,    4.0000e+00
8.0420e-01,    5.9139e-01,    4.0000e+00
8.1165e-01,    5.9099e-01,    4.0000e+00
8.1916e-01,    5.9058e-01,    4.0000e+00
8.2675e-01,    5.9016e-01,    4.0000e+00
8.3440e-01,    5.8973e-01,    4.0000e+00
8.4213e-01,    5.8930e-01,    4.0000e+00
8.4992e-01,    5.8886e-01,    4.0000e+00
8.5779e-01,    5.8841e-01,    4.0000e+00
8.6573e-01,    5.8796e-01,    4.0000e+00
8.7375e-01,    5.8750e-01,    4.0000e+00
8.8184e-01,    5.8703e-01,    4.0000e+00
8.9000e-01,    5.8655e-01,    4.0000e+00
8.9824e-01,    5.8607e-01,    4.0000e+00
9.0656e-01,    5.8558e-01,    4.0000e+00
9.1495e-01,    5.8508e-01,    4.0000e+00
9.2343e-01,    5.8457e-01,    4.0000e+00
9.3198e-01,    5.8405e-01,    4.0000e+00
9.4060e-01,    5.8353e-01,    4.0000e+00
9.4931e-01,    5.8299e-01,    4.0000e+00
9.5810e-01,    5.8245e-01,    4.0000e+00
9.6697e-01,    5.8190e-01,    4.0000e+00
9.7593e-01,    5.8134e-01,    4.0000e+00
9.8496e-01,    5.8078e-01,    4.0000e+00
9.9408e-01,    5.8020e-01,    4.0000e+00
1.0033e+00,    5.7961e-01,    4.0000e+00
1.0126e+00,    5.7902e-01,    4.0000e+00
1.0219e+00,    5.7842e-01,    4.0000e+00
1.0314e+00,    5.7780e-01,    4.0000e+00
1.0410e+00,    5.7718e-01,    4.0000e+00
1.0506e+00,    5.7655e-01,    4.0000e+00
1.0603e+00,    5.7591e-01,    4.0000e+00
1.0701e+00,    5.7526e-01,    4.0000e+00
1.0801e+00,    5.7459e-01,    4.0000e+00
1.0901e+00,    5.7392e-01,    4.0000e+00
1.1001e+00,    5.7324e-01,    4.0000e+00
1.1103e+00,    5.7255e-01,    4.0000e+00
1.1206e+00,    5.7185e-01,    4.0000e+00
1.1310e+00,    5.7113e-01,    4.0000e+00
1.1415e+00,    5.7041e-01,    4.0000e+00
1.1520e+00,    5.6968e-01,    4.0000e+00
1.1627e+00,    5.6893e-01,    4.0000e+00
1.1735e+00,    5.6817e-01,    4.0000e+00
1.1843e+00,    5.6741e-01,    4.0000e+00
1.1953e+00,    5.6663e-01,    4.0000e+00
1.2064e+00,    5.6584e-01,    4.0000e+00
1.2175e+00,    5.6504e-01,    4.0000e+00
1.2288e+00,    5.6423e-01,    4.0000e+00
1.2402e+00,    5.6340e-01,    4.0000e+00
1.2517e+00,    5.6257e-01,    4.0000e+00
1.2632e+00,    5.6172e-01,    4.0000e+00
1.2749e+00,    5.6086e-01,    4.0000e+00
1.2867e+00,    5.5999e-01,    4.0000e+00
1.2987e+00,    5.5910e-01,    4.0000e+00
1.3107e+00,    5.5821e-01,    4.0000e+00
1.3228e+00,    5.5730e-01,    4.0000e+00
1.3351e+00,    5.5638e-01,    4.0000e+00
1.3474e+00,    5.5544e-01,    4.0000e+00
1.3599e+00,    5.5450e-01,    4.0000e+00
1.3725e+00,    5.5354e-01,    4.0000e+00
1.3852e+00,    5.5257e-01,    4.0000e+00
1.3980e+00,    5.5158e-01,    4.0000e+00
1.4110e+00,    5.5058e-01,    4.0000e+00
1.4240e+00,    5.4957e-01,    4.0000e+00
1.4372e+00,    5.4855e-01,    4.0000e+00
1.4505e+00,    5.4751e-01,    4.0000e+00
1.4640e+00,    5.4646e-01,    4.0000e+00
1.4775e+00,    5.4540e-01,    4.0000e+00
1.4912e+00,    5.4432e-01,    4.0000e+00
1.5050e+00,    5.4323e-01,    4.0000e+00
1.5189e+00,    5.4212e-01,    4.0000e+00
1.5330e+00,    5.4100e-01,    4.0000e+00
1.5472e+00,    5.3987e-01,    4.0000e+00
1.5615e+00,    5.3872e-01,    4.0000e+00
1.5760e+00,    5.3756e-01,    4.0000e+00
1.5906e+00,    5.3639e-01,    4.0000e+00
1.6053e+00,    5.3520e-01,    4.0000e+00
1.6201e+00,    5.3399e-01,    4.0000e+00
1.6351e+00,    5.3278e-01,    4.0000e+00
1.6503e+00,    5.3154e-01,    4.0000e+00
1.6656e+00,    5.3030e-01,    4.0000e+00
1.6810e+00,    5.2904e-01,    4.0000e+00
1.6966e+00,    5.2776e-01,    4.0000e+00
1.7123e+00,    5.2647e-01,    4.0000e+00
1.7281e+00,    5.2517e-01,    4.0000e+00
1.7441e+00,    5.2385e-01,    4.0000e+00
1.7603e+00,    5.2252e-01,    4.0000e+00
1.7766e+00,    5.2117e-01,    4.0000e+00
1.7930e+00,    5.1981e-01,    4.0000e+00
1.8096e+00,    5.1843e-01,    4.0000e+00
1.8264e+00,    5.1704e-01,    4.0000e+00
1.8433e+00,    5.1563e-01,    4.0000e+00
1.8603e+00,    5.1421e-01,    4.0000e+00
1.8776e+00,    5.1278e-01,    4.0000e+00
1.8949e+00,    5.1133e-01,    4.0000e+00
1.9125e+00,    5.0987e-01,    4.0000e+00
1.9302e+00,    5.0839e-01,    4.0000e+00
1.9481e+00,    5.0690e-01,    4.0000e+00
1.9661e+00,    5.0539e-01,    4.0000e+00
1.9843e+00,    5.0387e-01,    4.0000e+00
2.0027e+00,    5.0233e-01,    4.0000e+00
2.0212e+00,    5.0078e-01,    4.0000e+00
2.0399e+00,    4.9922e-01,    4.0000e+00
2.0588e+00,    4.9764e-01,    4.0000e+00
2.0779e+00,    4.9604e-01,    4.0000e+00
2.0971e+00,    4.9444e-01,    4.0000e+00
2.1165e+00,    4.9282e-01,    4.0000e+00
2.1361e+00,    4.9118e-01,    4.0000e+00
2.1559e+00,    4.8953e-01,    4.0000e+00
2.1759e+00,    4.8787e-01,    4.0000e+00
2.1960e+00,    4.8619e-01,    4.0000e+00
2.2164e+00,    4.8450e-01,    4.0000e+00
2.2369e+00,    4.8280e-01,    4.0000e+00
2.2576e+00,    4.8108e-01,    4.0000e+00
2.2785e+00,    4.7935e-01,    4.0000e+00
2.2996e+00,    4.7761e-01,    4.0000e+00
2.3209e+00,    4.7586e-01,    4.0000e+00
2.3424e+00,    4.7409e-01,    4.0000e+00
2.3641e+00,    4.7231e-01,    4.0000e+00
2.3859e+00,    4.7051e-01,    4.0000e+00
2.4080e+00,    4.6871e-01,    4.0000e+00
2.4303e+00,    4.6689e-01,    4.0000e+00
2.4528e+00,    4.6506e-01,    4.0000e+00
2.4755e+00,    4.6321e-01,    4.0000e+00
2.4985e+00,    4.6136e-01,    4.0000e+00
2.5216e+00,    4.5949e-01,    4.0000e+00
2.5449e+00,    4.5762e-01,    4.0000e+00
2.5685e+00,    4.5573e-01,    4.0000e+00
2.5923e+00,    4.5383e-01,    4.0000e+00
2.6163e+00,    4.5192e-01,    4.0000e+00
2.6405e+00,    4.4999e-01,    4.0000e+00
2.6650e+00,    4.4806e-01,    4.0000e+00
2.6896e+00,    4.4612e-01,    4.0000e+00
2.7145e+00,    4.4417e-01,    4.0000e+00
2.7397e+00,    4.4221e-01,    4.0000e+00
2.7650e+00,    4.4023e-01,    4.0000e+00
2.7906e+00,    4.3825e-01,    4.0000e+00
2.8165e+00,    4.3626e-01,    4.0000e+00
2.8425e+00,    4.3426e-01,    4.0000e+00
2.8689e+00,    4.3226e-01,    4.0000e+00
2.8954e+00,    4.3024e-01,    4.0000e+00
2.9222e+00,    4.2821e-01,    4.0000e+00
2.9493e+00,    4.2618e-01,    4.0000e+00
2.9766e+00,    4.2414e-01,    4.0000e+00
3.0042e+00,    4.2209e-01,    4.0000e+00
3.0320e+00,    4.2004e-01,    4.0000e+00
3.0600e+00,    4.1797e-01,    4.0000e+00
3.0884e+00,    4.1591e-01,    4.0000e+00
3.1170e+00,    4.1383e-01,    4.0000e+00
3.1458e+00,    4.1175e-01,    4.0000e+00
3.1750e+00,    4.0966e-01,    4.0000e+00
3.2043e+00,    4.0757e-01,    4.0000e+00
3.2340e+00,    4.0547e-01,    4.0000e+00
3.2640e+00,    4.0336e-01,    4.0000e+00
3.2942e+00,    4.0125e-01,    4.0000e+00
3.3247e+00,    3.9914e-01,    4.0000e+00
3.3555e+00,    3.9702e-01,    4.0000e+00
3.3865e+00,    3.9490e-01,    4.0000e+00
3.4179e+00,    3.9277e-01,    4.0000e+00
3.4495e+00,    3.9064e-01,    4.0000e+00
3.4815e+00,    3.8851e-01,    4.0000e+00
3.5137e+00,    3.8637e-01,    4.0000e+00
3.5462e+00,    3.8423e-01,    4.0000e+00
3.5791e+00,    3.8209e-01,    4.0000e+00
3.6122e+00,    3.7995e-01,    4.0000e+00
3.6456e+00,    3.7780e-01,    4.0000e+00
3.6794e+00,    3.7565e-01,    4.0000e+00
3.7135e+00,    3.7350e-01,    4.0000e+00
3.7478e+00,    3.7135e-01,    4.0000e+00
3.7826e+00,    3.6920e-01,    4.0000e+00
3.8176e+00,    3.6705e-01,    4.0000e+00
3.8529e+00,    3.6489e-01,    4.0000e+00
3.8886e+00,    3.6274e-01,    4.0000e+00
3.9246e+00,    3.6059e-01,    4.0000e+00
3.9609e+00,    3.5843e-01,    4.0000e+00
3.9976e+00,    3.5628e-01,    4.0000e+00
4.0346e+00,    3.5413e-01,    4.0000e+00
4.0720e+00,    3.5198e-01,    4.0000e+00
4.1097e+00,    3.4983e-01,    4.0000e+00
4.1477e+00,    3.4768e-01,    4.0000e+00
4.1861e+00,    3.4554e-01,    4.0000e+00
4.2249e+00,    3.4339e-01,    4.0000e+00
4.2640e+00,    3.4125e-01,    4.0000e+00
4.3035e+00,    3.3911e-01,    4.0000e+00
4.3433e+00,    3.3698e-01,    4.0000e+00
4.3835e+00,    3.3484e-01,    4.0000e+00
4.4241e+00,    3.3271e-01,    4.0000e+00
4.4651e+00,    3.3059e-01,    4.0000e+00
4.5064e+00,    3.2846e-01,    4.0000e+00
4.5481e+00,    3.2634e-01,    4.0000e+00
4.5903e+00,    3.2423e-01,    4.0000e+00
4.6328e+00,    3.2212e-01,    4.0000e+00
4.6757e+00,    3.2001e-01,    4.0000e+00
4.7189e+00,    3.1791e-01,    4.0000e+00
4.7626e+00,    3.1581e-01,    4.0000e+00
4.8067e+00,    3.1372e-01,    4.0000e+00
4.8512e+00,    3.1163e-01,    4.0000e+00
4.8962e+00,    3.0955e-01,    4.0000e+00
4.9415e+00,    3.0747e-01,    4.0000e+00
4.9872e+00,    3.0540e-01,    4.0000e+00
5.0334e+00,    3.0333e-01,    4.0000e+00
5.0800e+00,    3.0127e-01,    4.0000e+00
5.1270e+00,    2.9922e-01,    4.0000e+00
5.1745e+00,    2.9717e-01,    4.0000e+00
5.2224e+00,    2.9513e-01,    4.0000e+00
5.2708e+00,    2.9310e-01,    4.0000e+00
5.3196e+00,    2.9107e-01,    4.0000e+00
5.3688e+00,    2.8905e-01,    4.0000e+00
5.4185e+00,    2.8703e-01,    4.0000e+00
5.4687e+00,    2.8503e-01,    4.0000e+00
5.5193e+00,    2.8303e-01,    4.0000e+00
5.5704e+00,    2.8104e-01,    4.0000e+00
5.6220e+00,    2.7905e-01,    4.0000e+00
5.6741e+00,    2.7707e-01,    4.0000e+00
5.7266e+00,    2.7511e-01,    4.0000e+00
5.7796e+00,    2.7314e-01,    4.0000e+00
5.8331e+00,    2.7119e-01,    4.0000e+00
5.8871e+00,    2.6925e-01,    4.0000e+00
5.9417e+00,    2.6731e-01,    4.0000e+00
5.9967e+00,    2.6538e-01,    4.0000e+00
6.0522e+00,    2.6346e-01,    4.0000e+00
6.1082e+00,    2.6155e-01,    4.0000e+00
6.1648e+00,    2.5964e-01,    4.0000e+00
6.2219e+00,    2.5775e-01,    4.0000e+00
6.2795e+00,    2.5586e-01,    4.0000e+00
6.3376e+00,    2.5399e-01,    4.0000e+00
6.3963e+00,    2.5212e-01,    4.0000e+00
6.4555e+00,    2.5026e-01,    4.0000e+00
6.5153e+00,    2.4841e-01,    4.0000e+00
6.5756e+00,    2.4657e-01,    4.0000e+00
6.6365e+00,    2.4473e-01,    4.0000e+00
6.6979e+00,    2.4291e-01,    4.0000e+00
6.7599e+00,    2.4109e-01,    4.0000e+00
6.8225e+00,    2.3929e-01,    4.0000e+00
6.8857e+00,    2.3749e-01,    4.0000e+00
6.9494e+00,    2.3571e-01,    4.0000e+00
7.0138e+00,    2.3393e-01,    4.0000e+00
7.0787e+00,    2.3216e-01,    4.0000e+00
7.1443e+00,    2.3040e-01,    4.0000e+00
7.2104e+00,    2.2866e-01,    4.0000e+00
7.2772e+00,    2.2692e-01,    4.0000e+00
7.3445e+00,    2.2519e-01,    4.0000e+00
7.4125e+00,    2.2347e-01,    4.0000e+00
7.4812e+00,    2.2176e-01,    4.0000e+00
7.5504e+00,    2.2006e-01,    4.0000e+00
7.6203e+00,    2.1836e-01,    4.0000e+00
7.6909e+00,    2.1668e-01,    4.0000e+00
7.7621e+00,    2.1501e-01,    4.0000e+00
7.8340e+00,    2.1335e-01,    4.0000e+00
7.9065e+00,    2.1170e-01,    4.0000e+00
7.9797e+00,    2.1005e-01,    4.0000e+00
8.0536e+00,    2.0842e-01,    4.0000e+00
8.1282e+00,    2.0680e-01,    4.0000e+00
8.2034e+00,    2.0518e-01,    4.0000e+00
8.2794e+00,    2.0358e-01,    4.0000e+00
8.3560e+00,    2.0199e-01,    4.0000e+00
8.4334e+00,    2.0040e-01,    4.0000e+00
8.5115e+00,    1.9883e-01,    4.0000e+00
8.5903e+00,    1.9726e-01,    4.0000e+00
8.6698e+00,    1.9571e-01,    4.0000e+00
8.7501e+00,    1.9416e-01,    4.0000e+00
8.8311e+00,    1.9263e-01,    4.0000e+00
8.9129e+00,    1.9110e-01,    4.0000e+00
8.9954e+00,    1.8959e-01,    4.0000e+00
9.0787e+00,    1.8808e-01,    4.0000e+00
9.1627e+00,    1.8658e-01,    4.0000e+00
9.2476e+00,    1.8510e-01,    4.0000e+00
9.3332e+00,    1.8362e-01,    4.0000e+00
9.4196e+00,    1.8215e-01,    4.0000e+00
9.5068e+00,    1.8069e-01,    4.0000e+00
9.5948e+00,    1.7925e-01,    4.0000e+00
9.6837e+00,    1.7781e-01,    4.0000e+00
9.7733e+00,    1.7638e-01,    4.0000e+00
9.8638e+00,    1.7496e-01,    4.0000e+00
9.9551e+00,    1.7355e-01,    4.0000e+00
1.0047e+01,    1.7215e-01,    4.0000e+00
1.0140e+01,    1.7076e-01,    4.0000e+00
1.0234e+01,    1.6937e-01,    4.0000e+00
1.0329e+01,    1.6800e-01,    4.0000e+00
1.0425e+01,    1.6664e-01,    4.0000e+00
1.0521e+01,    1.6528e-01,    4.0000e+00
1.0619e+01,    1.6394e-01,    4.0000e+00
1.0717e+01,    1.6261e-01,    4.0000e+00
1.0816e+01,    1.6128e-01,    4.0000e+00
1.0916e+01,    1.5996e-01,    4.0000e+00
1.1017e+01,    1.5866e-01,    4.0000e+00
1.1119e+01,    1.5736e-01,    4.0000e+00
1.1222e+01,    1.5607e-01,    4.0000e+00
1.1326e+01,    1.5479e-01,    4.0000e+00
1.1431e+01,    1.5352e-01,    4.0000e+00
1.1537e+01,    1.5226e-01,    4.0000e+00
1.1644e+01,    1.5100e-01,    4.0000e+00
1.1751e+01,    1.4976e-01,    4.0000e+00
1.1860e+01,    1.4853e-01,    4.0000e+00
1.1970e+01,    1.4730e-01,    4.0000e+00
1.2081e+01,    1.4608e-01,    4.0000e+00
1.2193e+01,    1.4488e-01,    4.0000e+00
1.2306e+01,    1.4368e-01,    4.0000e+00
1.2420e+01,    1.4249e-01,    4.0000e+00
1.2535e+01,    1.4130e-01,    4.0000e+00
1.2651e+01,    1.4013e-01,    4.0000e+00
1.2768e+01,    1.3897e-01,    4.0000e+00
1.2886e+01,    1.3781e-01,    4.0000e+00
1.3005e+01,    1.3666e-01,    4.0000e+00
1.3126e+01,    1.3552e-01,    4.0000e+00
1.3247e+01,    1.3439e-01,    4.0000e+00
1.3370e+01,    1.3327e-01,    4.0000e+00
1.3494e+01,    1.3216e-01,    4.0000e+00
1.3619e+01,    1.3105e-01,    4.0000e+00
1.3745e+01,    1.2995e-01,    4.0000e+00
1.3872e+01,    1.2886e-01,    4.0000e+00
1.4000e+01,    1.2778e-01,    4.0000e+00
1.4130e+01,    1.2671e-01,    4.0000e+00
1.4261e+01,    1.2565e-01,    4.0000e+00
1.4393e+01,    1.2459e-01,    4.0000e+00
1.4526e+01,    1.2354e-01,    4.0000e+00
1.4661e+01,    1.2250e-01,    4.0000e+00
1.4796e+01,    1.2147e-01,    4.0000e+00
1.4933e+01,    1.2044e-01,    4.0000e+00
1.5072e+01,    1.1943e-01,    4.0000e+00
1.5211e+01,    1.1842e-01,    4.0000e+00
1.5352e+01,    1.1742e-01,    4.0000e+00
1.5494e+01,    1.1642e-01,    4.0000e+00
1.5638e+01,    1.1544e-01,    4.0000e+00
1.5782e+01,    1.1446e-01,    4.0000e+00
1.5929e+01,    1.1349e-01,    4.0000e+00
1.6076e+01,    1.1253e-01,    4.0000e+00
1.6225e+01,    1.1157e-01,    4.0000e+00
1.6375e+01,    1.1062e-01,    4.0000e+00
1.6527e+01,    1.0968e-01,    4.0000e+00
1.6680e+01,    1.0875e-01,    4.0000e+00
1.6834e+01,    1.0782e-01,    4.0000e+00
1.6990e+01,    1.0691e-01,    4.0000e+00
1.7147e+01,    1.0599e-01,    4.0000e+00
1.7306e+01,    1.0509e-01,    4.0000e+00
1.7466e+01,    1.0419e-01,    4.0000e+00
1.7628e+01,    1.0330e-01,    4.0000e+00
1.7791e+01,    1.0242e-01,    4.0000e+00
1.7956e+01,    1.0154e-01,    4.0000e+00
1.8122e+01,    1.0067e-01,    4.0000e+00
1.8290e+01,    9.9812e-02,    4.0000e+00
1.8459e+01,    9.8957e-02,    4.0000e+00
1.8630e+01,    9.8109e-02,    4.0000e+00
1.8803e+01,    9.7267e-02,    4.0000e+00
1.8977e+01,    9.6432e-02,    4.0000e+00
1.9152e+01,    9.5604e-02,    4.0000e+00
1.9330e+01,    9.4782e-02,    4.0000e+00
1.9509e+01,    9.3967e-02,    4.0000e+00
1.9689e+01,    9.3159e-02,    4.0000e+00
1.9872e+01,    9.2357e-02,    4.0000e+00
2.0056e+01,    9.1561e-02,    4.0000e+00
2.0241e+01,    9.0772e-02,    4.0000e+00
2.0429e+01,    8.9990e-02,    4.0000e+00
2.0618e+01,    8.9213e-02,    4.0000e+00
2.0809e+01,    8.8443e-02,    4.0000e+00
2.1001e+01,    8.7680e-02,    4.0000e+00
2.1196e+01,    8.6922e-02,    4.0000e+00
2.1392e+01,    8.6171e-02,    4.0000e+00
2.1590e+01,    8.5425e-02,    4.0000e+00
2.1790e+01,    8.4686e-02,    4.0000e+00
2.1992e+01,    8.3953e-02,    4.0000e+00
2.2196e+01,    8.3226e-02,    4.0000e+00
2.2401e+01,    8.2505e-02,    4.0000e+00
2.2608e+01,    8.1789e-02,    4.0000e+00
2.2818e+01,    8.1080e-02,    4.0000e+00
2.3029e+01,    8.0376e-02,    4.0000e+00
2.3242e+01,    7.9679e-02,    4.0000e+00
2.3457e+01,    7.8987e-02,    4.0000e+00
2.3675e+01,    7.8300e-02,    4.0000e+00
2.3894e+01,    7.7620e-02,    4.0000e+00
2.4115e+01,    7.6944e-02,    4.0000e+00
2.4338e+01,    7.6275e-02,    4.0000e+00
2.4564e+01,    7.5611e-02,    4.0000e+00
2.4791e+01,    7.4953e-02,    4.0000e+00
2.5021e+01,    7.4300e-02,    4.0000e+00
2.5252e+01,    7.3652e-02,    4.0000e+00
2.5486e+01,    7.3010e-02,    4.0000e+00
2.5722e+01,    7.2373e-02,    4.0000e+00
2.5960e+01,    7.1741e-02,    4.0000e+00
2.6201e+01,    7.1115e-02,    4.0000e+00
2.6443e+01,    7.0494e-02,    4.0000e+00
2.6688e+01,    6.9878e-02,    4.0000e+00
2.6935e+01,    6.9267e-02,    4.0000e+00
2.7184e+01,    6.8662e-02,    4.0000e+00
2.7436e+01,    6.8061e-02,    4.0000e+00
2.7690e+01,    6.7466e-02,    4.0000e+00
2.7947e+01,    6.6875e-02,    4.0000e+00
2.8205e+01,    6.6289e-02,    4.0000e+00
2.8466e+01,    6.5709e-02,    4.0000e+00
2.8730e+01,    6.5133e-02,    4.0000e+00
2.8996e+01,    6.4562e-02,    4.0000e+00
2.9264e+01,    6.3996e-02,    4.0000e+00
2.9535e+01,    6.3434e-02,    4.0000e+00
2.9809e+01,    6.2878e-02,    4.0000e+00
3.0085e+01,    6.2326e-02,    4.0000e+00
3.0363e+01,    6.1778e-02,    4.0000e+00
3.0645e+01,    6.1236e-02,    4.0000e+00
3.0928e+01,    6.0698e-02,    4.0000e+00
3.1215e+01,    6.0164e-02,    4.0000e+00
3.1504e+01,    5.9635e-02,    4.0000e+00
3.1795e+01,    5.9111e-02,    4.0000e+00
3.2090e+01,    5.8590e-02,    4.0000e+00
3.2387e+01,    5.8075e-02,    4.0000e+00
3.2687e+01,    5.7563e-02,    4.0000e+00
3.2989e+01,    5.7057e-02,    4.0000e+00
3.3295e+01,    5.6554e-02,    4.0000e+00
3.3603e+01,    5.6056e-02,    4.0000e+00
3.3914e+01,    5.5561e-02,    4.0000e+00
3.4228e+01,    5.5071e-02,    4.0000e+00
3.4545e+01,    5.4586e-02,    4.0000e+00
3.4865e+01,    5.4104e-02,    4.0000e+00
3.5188e+01,    5.3627e-02,    4.0000e+00
3.5513e+01,    5.3153e-02,    4.0000e+00
3.5842e+01,    5.2684e-02,    4.0000e+00
3.6174e+01,    5.2219e-02,    4.0000e+00
3.6509e+01,    5.1757e-02,    4.0000e+00
3.6847e+01,    5.1300e-02,    4.0000e+00
3.7188e+01,    5.0846e-02,    4.0000e+00
3.7533e+01,    5.0397e-02,    4.0000e+00
3.7880e+01,    4.9951e-02,    4.0000e+00
3.8231e+01,    4.9509e-02,    4.0000e+00
3.8585e+01,    4.9071e-02,    4.0000e+00
3.8942e+01,    4.8636e-02,    4.0000e+00
3.9302e+01,    4.8206e-02,    4.0000e+00
3.9666e+01,    4.7779e-02,    4.0000e+00
4.0034e+01,    4.7356e-02,    4.0000e+00
4.0404e+01,    4.6936e-02,    4.0000e+00
4.0778e+01,    4.6520e-02,    4.0000e+00
4.1156e+01,    4.6108e-02,    4.0000e+00
4.1537e+01,    4.5699e-02,    4.0000e+00
4.1922e+01,    4.5293e-02,    4.0000e+00
4.2310e+01,    4.4891e-02,    4.0000e+00
4.2701e+01,    4.4493e-02,    4.0000e+00
4.3097e+01,    4.4098e-02,    4.0000e+00
4.3496e+01,    4.3707e-02,    4.0000e+00
4.3899e+01,    4.3319e-02,    4.0000e+00
4.4305e+01,    4.2934e-02,    4.0000e+00
4.4715e+01,    4.2552e-02,    4.0000e+00
4.5129e+01,    4.2174e-02,    4.0000e+00
4.5547e+01,    4.1799e-02,    4.0000e+00
4.5969e+01,    4.1428e-02,    4.0000e+00
4.6394e+01,    4.1059e-02,    4.0000e+00
4.6824e+01,    4.0694e-02,    4.0000e+00
4.7257e+01,    4.0332e-02,    4.0000e+00
4.7695e+01,    3.9973e-02,    4.0000e+00
4.8137e+01,    3.9618e-02,    4.0000e+00
4.8582e+01,    3.9265e-02,    4.0000e+00
4.9032e+01,    3.8915e-02,    4.0000e+00
4.9486e+01,    3.8569e-02,    4.0000e+00
4.9944e+01,    3.8225e-02,    4.0000e+00
5.0407e+01,    3.7885e-02,    4.0000e+00
5.0873e+01,    3.7547e-02,    4.0000e+00
5.1344e+01,    3.7212e-02,    4.0000e+00
5.1820e+01,    3.6881e-02,    4.0000e+00
5.2300e+01,    3.6552e-02,    4.0000e+00
5.2784e+01,    3.6226e-02,    4.0000e+00
5.3272e+01,    3.5903e-02,    4.0000e+00
5.3766e+01,    3.5582e-02,    4.0000e+00
5.4263e+01,    3.5265e-02,    4.0000e+00
5.4766e+01,    3.4950e-02,    4.0000e+00
5.5273e+01,    3.4638e-02,    4.0000e+00
5.5785e+01,    3.4329e-02,    4.0000e+00
5.6301e+01,    3.4023e-02,    4.0000e+00
5.6822e+01,    3.3719e-02,    4.0000e+00
5.7349e+01,    3.3417e-02,    4.0000e+00
5.7880e+01,    3.3119e-02,    4.0000e+00
5.8415e+01,    3.2823e-02,    4.0000e+00
5.8956e+01,    3.2530e-02,    4.0000e+00
5.9502e+01,    3.2239e-02,    4.0000e+00
6.0053e+01,    3.1951e-02,    4.0000e+00
6.0609e+01,    3.1665e-02,    4.0000e+00
6.1170e+01,    3.1382e-02,    4.0000e+00
6.1737e+01,    3.1101e-02,    4.0000e+00
6.2308e+01,    3.0823e-02,    4.0000e+00
6.2885e+01,    3.0547e-02,    4.0000e+00
6.3467e+01,    3.0274e-02,    4.0000e+00
6.4055e+01,    3.0003e-02,    4.0000e+00
6.4648e+01,    2.9734e-02,    4.0000e+00
6.5247e+01,    2.9468e-02,    4.0000e+00
6.5851e+01,    2.9204e-02,    4.0000e+00
6.6460e+01,    2.8942e-02,    4.0000e+00
6.7076e+01,    2.8683e-02,    4.0000e+00
6.7697e+01,    2.8426e-02,    4.0000e+00
6.8324e+01,    2.8171e-02,    4.0000e+00
6.8956e+01,    2.7919e-02,    4.0000e+00
6.9595e+01,    2.7669e-02,    4.0000e+00
7.0239e+01,    2.7420e-02,    4.0000e+00
7.0889e+01,    2.7175e-02,    4.0000e+00
7.1546e+01,    2.6931e-02,    4.0000e+00
7.2208e+01,    2.6689e-02,    4.0000e+00
7.2877e+01,    2.6450e-02,    4.0000e+00
7.3551e+01,    2.6213e-02,    4.0000e+00
7.4232e+01,    2.5977e-02,    4.0000e+00
7.4920e+01,    2.5744e-02,    4.0000e+00
7.5613e+01,    2.5513e-02,    4.0000e+00
7.6313e+01,    2.5284e-02,    4.0000e+00
7.7020e+01,    2.5057e-02,    4.0000e+00
7.7733e+01,    2.4832e-02,    4.0000e+00
7.8453e+01,    2.4609e-02,    4.0000e+00
7.9179e+01,    2.4388e-02,    4.0000e+00
7.9912e+01,    2.4169e-02,    4.0000e+00
8.0652e+01,    2.3952e-02,    4.0000e+00
8.1399e+01,    2.3737e-02,    4.0000e+00
8.2152e+01,    2.3524e-02,    4.0000e+00
8.2913e+01,    2.3312e-02,    4.0000e+00
8.3681e+01,    2.3103e-02,    4.0000e+00
8.4455e+01,    2.2895e-02,    4.0000e+00
8.5237e+01,    2.2689e-02,    4.0000e+00
8.6027e+01,    2.2485e-02,    4.0000e+00
8.6823e+01,    2.2283e-02,    4.0000e+00
8.7627e+01,    2.2082e-02,    4.0000e+00
8.8438e+01,    2.1884e-02,    4.0000e+00
8.9257e+01,    2.1687e-02,    4.0000e+00
9.0083e+01,    2.1492e-02,    4.0000e+00
9.0918e+01,    2.1298e-02,    4.0000e+00
9.1759e+01,    2.1107e-02,    4.0000e+00
9.2609e+01,    2.0917e-02,    4.0000e+00
9.3466e+01,    2.0728e-02,    4.0000e+00
9.4332e+01,    2.0542e-02,    4.0000e+00
9.5205e+01,    2.0357e-02,    4.0000e+00
9.6087e+01,    2.0173e-02,    4.0000e+00
9.6976e+01,    1.9992e-02,    4.0000e+00
9.7874e+01,    1.9812e-02,    4.0000e+00
9.8780e+01,    1.9633e-02,    4.0000e+00
9.9695e+01,    1.9456e-02,    4.0000e+00
1.0062e+02,    1.9281e-02,    4.0000e+00
1.0155e+02,    1.9107e-02,    4.0000e+00
1.0249e+02,    1.8935e-02,    4.0000e+00
1.0344e+02,    1.8764e-02,    4.0000e+00
1.0440e+02,    1.8595e-02,    4.0000e+00
1.0536e+02,    1.8428e-02,    4.0000e+00
1.0634e+02,    1.8261e-02,    4.0000e+00
1.0732e+02,    1.8097e-02,    4.0000e+00
1.0832e+02,    1.7934e-02,    4.0000e+00
1.0932e+02,    1.7772e-02,    4.0000e+00
