# Force βfL, Rxyy^2, Persistence Length λ
1.0343e-02,    6.3973e-01,    8.0000e+00
1.0439e-02,    6.3973e-01,    8.0000e+00
1.0536e-02,    6.3973e-01,    8.0000e+00
1.0633e-02,    6.3973e-01,    8.0000e+00
1.0732e-02,    6.3973e-01,    8.0000e+00
1.0831e-02,    6.3973e-01,    8.0000e+00
1.0931e-02,    6.3973e-01,    8.0000e+00
1.1032e-02,    6.3973e-01,    8.0000e+00
1.1135e-02,    6.3973e-01,    8.0000e+00
1.1238e-02,    6.3973e-01,    8.0000e+00
1.1342e-02,    6.3973e-01,    8.0000e+00
1.1447e-02,    6.3973e-01,    8.0000e+00
1.1553e-02,    6.3973e-01,    8.0000e+00
1.1660e-02,    6.3973e-01,    8.0000e+00
1.1768e-02,    6.3973e-01,    8.0000e+00
1.1877e-02,    6.3973e-01,    8.0000e+00
1.1987e-02,    6.3973e-01,    8.0000e+00
1.2098e-02,    6.3973e-01,    8.0000e+00
1.2210e-02,    6.3973e-01,    8.0000e+00
1.2323e-02,    6.3973e-01,    8.0000e+00
1.2437e-02,    6.3973e-01,    8.0000e+00
1.2552e-02,    6.3972e-01,    8.0000e+00
1.2668e-02,    6.3972e-01,    8.0000e+00
1.2785e-02,    6.3972e-01,    8.0000e+00
1.2904e-02,    6.3972e-01,    8.0000e+00
1.3023e-02,    6.3972e-01,    8.0000e+00
1.3144e-02,    6.3972e-01,    8.0000e+00
1.3266e-02,    6.3972e-01,    8.0000e+00
1.3388e-02,    6.3972e-01,    8.0000e+00
1.3512e-02,    6.3972e-01,    8.0000e+00
1.3637e-02,    6.3972e-01,    8.0000e+00
1.3764e-02,    6.3972e-01,    8.0000e+00
1.3891e-02,    6.3972e-01,    8.0000e+00
1.4020e-02,    6.3972e-01,    8.0000e+00
1.4150e-02,    6.3972e-01,    8.0000e+00
1.4281e-02,    6.3972e-01,    8.0000e+00
1.4413e-02,    6.3972e-01,    8.0000e+00
1.4546e-02,    6.3972e-01,    8.0000e+00
1.4681e-02,    6.3972e-01,    8.0000e+00
1.4817e-02,    6.3972e-01,    8.0000e+00
1.4954e-02,    6.3972e-01,    8.0000e+00
1.5092e-02,    6.3972e-01,    8.0000e+00
1.5232e-02,    6.3972e-01,    8.0000e+00
1.5373e-02,    6.3972e-01,    8.0000e+00
1.5516e-02,    6.3972e-01,    8.0000e+00
1.5659e-02,    6.3972e-01,    8.0000e+00
1.5804e-02,    6.3972e-01,    8.0000e+00
1.5950e-02,    6.3972e-01,    8.0000e+00
1.6098e-02,    6.3972e-01,    8.0000e+00
1.6247e-02,    6.3972e-01,    8.0000e+00
1.6398e-02,    6.3972e-01,    8.0000e+00
1.6549e-02,    6.3972e-01,    8.0000e+00
1.6703e-02,    6.3972e-01,    8.0000e+00
1.6857e-02,    6.3972e-01,    8.0000e+00
1.7013e-02,    6.3972e-01,    8.0000e+00
1.7171e-02,    6.3972e-01,    8.0000e+00
1.7330e-02,    6.3972e-01,    8.0000e+00
1.7490e-02,    6.3972e-01,    8.0000e+00
1.7652e-02,    6.3972e-01,    8.0000e+00
1.7816e-02,    6.3972e-01,    8.0000e+00
1.7981e-02,    6.3972e-01,    8.0000e+00
1.8147e-02,    6.3972e-01,    8.0000e+00
1.8315e-02,    6.3972e-01,    8.0000e+00
1.8485e-02,    6.3972e-01,    8.0000e+00
1.8656e-02,    6.3972e-01,    8.0000e+00
1.8829e-02,    6.3972e-01,    8.0000e+00
1.9003e-02,    6.3972e-01,    8.0000e+00
1.9179e-02,    6.3972e-01,    8.0000e+00
1.9356e-02,    6.3972e-01,    8.0000e+00
1.9536e-02,    6.3972e-01,    8.0000e+00
1.9717e-02,    6.3972e-01,    8.0000e+00
1.9899e-02,    6.3972e-01,    8.0000e+00
2.0083e-02,    6.3971e-01,    8.0000e+00
2.0269e-02,    6.3971e-01,    8.0000e+00
2.0457e-02,    6.3971e-01,    8.0000e+00
2.0646e-02,    6.3971e-01,    8.0000e+00
2.0838e-02,    6.3971e-01,    8.0000e+00
2.1030e-02,    6.3971e-01,    8.0000e+00
2.1225e-02,    6.3971e-01,    8.0000e+00
2.1422e-02,    6.3971e-01,    8.0000e+00
2.1620e-02,    6.3971e-01,    8.0000e+00
2.1820e-02,    6.3971e-01,    8.0000e+00
2.2022e-02,    6.3971e-01,    8.0000e+00
2.2226e-02,    6.3971e-01,    8.0000e+00
2.2432e-02,    6.3971e-01,    8.0000e+00
2.2640e-02,    6.3971e-01,    8.0000e+00
2.2849e-02,    6.3971e-01,    8.0000e+00
2.3061e-02,    6.3971e-01,    8.0000e+00
2.3274e-02,    6.3971e-01,    8.0000e+00
2.3490e-02,    6.3971e-01,    8.0000e+00
2.3707e-02,    6.3971e-01,    8.0000e+00
2.3927e-02,    6.3971e-01,    8.0000e+00
2.4148e-02,    6.3971e-01,    8.0000e+00
2.4372e-02,    6.3971e-01,    8.0000e+00
2.4598e-02,    6.3971e-01,    8.0000e+00
2.4825e-02,    6.3971e-01,    8.0000e+00
2.5055e-02,    6.3971e-01,    8.0000e+00
2.5287e-02,    6.3971e-01,    8.0000e+00
2.5521e-02,    6.3970e-01,    8.0000e+00
2.5758e-02,    6.3970e-01,    8.0000e+00
2.5996e-02,    6.3970e-01,    8.0000e+00
2.6237e-02,    6.3970e-01,    8.0000e+00
2.6480e-02,    6.3970e-01,    8.0000e+00
2.6725e-02,    6.3970e-01,    8.0000e+00
2.6972e-02,    6.3970e-01,    8.0000e+00
2.7222e-02,    6.3970e-01,    8.0000e+00
2.7474e-02,    6.3970e-01,    8.0000e+00
2.7728e-02,    6.3970e-01,    8.0000e+00
2.7985e-02,    6.3970e-01,    8.0000e+00
2.8244e-02,    6.3970e-01,    8.0000e+00
2.8506e-02,    6.3970e-01,    8.0000e+00
2.8770e-02,    6.3970e-01,    8.0000e+00
2.9036e-02,    6.3970e-01,    8.0000e+00
2.9305e-02,    6.3970e-01,    8.0000e+00
2.9576e-02,    6.3970e-01,    8.0000e+00
2.9850e-02,    6.3969e-01,    8.0000e+00
3.0126e-02,    6.3969e-01,    8.0000e+00
3.0405e-02,    6.3969e-01,    8.0000e+00
3.0687e-02,    6.3969e-01,    8.0000e+00
3.0971e-02,    6.3969e-01,    8.0000e+00
3.1258e-02,    6.3969e-01,    8.0000e+00
3.1547e-02,    6.3969e-01,    8.0000e+00
3.1839e-02,    6.3969e-01,    8.0000e+00
3.2134e-02,    6.3969e-01,    8.0000e+00
3.2431e-02,    6.3969e-01,    8.0000e+00
3.2732e-02,    6.3969e-01,    8.0000e+00
3.3035e-02,    6.3969e-01,    8.0000e+00
3.3341e-02,    6.3969e-01,    8.0000e+00
3.3649e-02,    6.3969e-01,    8.0000e+00
3.3961e-02,    6.3968e-01,    8.0000e+00
3.4275e-02,    6.3968e-01,    8.0000e+00
3.4593e-02,    6.3968e-01,    8.0000e+00
3.4913e-02,    6.3968e-01,    8.0000e+00
3.5236e-02,    6.3968e-01,    8.0000e+00
3.5562e-02,    6.3968e-01,    8.0000e+00
3.5892e-02,    6.3968e-01,    8.0000e+00
3.6224e-02,    6.3968e-01,    8.0000e+00
3.6559e-02,    6.3968e-01,    8.0000e+00
3.6898e-02,    6.3968e-01,    8.0000e+00
3.7240e-02,    6.3967e-01,    8.0000e+00
3.7584e-02,    6.3967e-01,    8.0000e+00
3.7932e-02,    6.3967e-01,    8.0000e+00
3.8283e-02,    6.3967e-01,    8.0000e+00
3.8638e-02,    6.3967e-01,    8.0000e+00
3.8996e-02,    6.3967e-01,    8.0000e+00
3.9357e-02,    6.3967e-01,    8.0000e+00
3.9721e-02,    6.3967e-01,    8.0000e+00
4.0089e-02,    6.3967e-01,    8.0000e+00
4.0460e-02,    6.3966e-01,    8.0000e+00
4.0835e-02,    6.3966e-01,    8.0000e+00
4.1213e-02,    6.3966e-01,    8.0000e+00
4.1594e-02,    6.3966e-01,    8.0000e+00
4.1979e-02,    6.3966e-01,    8.0000e+00
4.2368e-02,    6.3966e-01,    8.0000e+00
4.2760e-02,    6.3966e-01,    8.0000e+00
4.3156e-02,    6.3966e-01,    8.0000e+00
4.3556e-02,    6.3965e-01,    8.0000e+00
4.3959e-02,    6.3965e-01,    8.0000e+00
4.4366e-02,    6.3965e-01,    8.0000e+00
4.4777e-02,    6.3965e-01,    8.0000e+00
4.5191e-02,    6.3965e-01,    8.0000e+00
4.5610e-02,    6.3965e-01,    8.0000e+00
4.6032e-02,    6.3964e-01,    8.0000e+00
4.6458e-02,    6.3964e-01,    8.0000e+00
4.6889e-02,    6.3964e-01,    8.0000e+00
4.7323e-02,    6.3964e-01,    8.0000e+00
4.7761e-02,    6.3964e-01,    8.0000e+00
4.8203e-02,    6.3964e-01,    8.0000e+00
4.8649e-02,    6.3963e-01,    8.0000e+00
4.9100e-02,    6.3963e-01,    8.0000e+00
4.9554e-02,    6.3963e-01,    8.0000e+00
5.0013e-02,    6.3963e-01,    8.0000e+00
5.0476e-02,    6.3963e-01,    8.0000e+00
5.0944e-02,    6.3963e-01,    8.0000e+00
5.1415e-02,    6.3962e-01,    8.0000e+00
5.1891e-02,    6.3962e-01,    8.0000e+00
5.2372e-02,    6.3962e-01,    8.0000e+00
5.2857e-02,    6.3962e-01,    8.0000e+00
5.3346e-02,    6.3962e-01,    8.0000e+00
5.3840e-02,    6.3961e-01,    8.0000e+00
5.4338e-02,    6.3961e-01,    8.0000e+00
5.4841e-02,    6.3961e-01,    8.0000e+00
5.5349e-02,    6.3961e-01,    8.0000e+00
5.5862e-02,    6.3960e-01,    8.0000e+00
5.6379e-02,    6.3960e-01,    8.0000e+00
5.6901e-02,    6.3960e-01,    8.0000e+00
5.7428e-02,    6.3960e-01,    8.0000e+00
5.7959e-02,    6.3959e-01,    8.0000e+00
5.8496e-02,    6.3959e-01,    8.0000e+00
5.9038e-02,    6.3959e-01,    8.0000e+00
5.9584e-02,    6.3959e-01,    8.0000e+00
6.0136e-02,    6.3958e-01,    8.0000e+00
6.0693e-02,    6.3958e-01,    8.0000e+00
6.1255e-02,    6.3958e-01,    8.0000e+00
6.1822e-02,    6.3958e-01,    8.0000e+00
6.2394e-02,    6.3957e-01,    8.0000e+00
6.2972e-02,    6.3957e-01,    8.0000e+00
6.3555e-02,    6.3957e-01,    8.0000e+00
6.4143e-02,    6.3956e-01,    8.0000e+00
6.4737e-02,    6.3956e-01,    8.0000e+00
6.5337e-02,    6.3956e-01,    8.0000e+00
6.5942e-02,    6.3955e-01,    8.0000e+00
6.6552e-02,    6.3955e-01,    8.0000e+00
6.7168e-02,    6.3955e-01,    8.0000e+00
6.7790e-02,    6.3954e-01,    8.0000e+00
6.8418e-02,    6.3954e-01,    8.0000e+00
6.9051e-02,    6.3954e-01,    8.0000e+00
6.9691e-02,    6.3953e-01,    8.0000e+00
7.0336e-02,    6.3953e-01,    8.0000e+00
7.0987e-02,    6.3953e-01,    8.0000e+00
7.1644e-02,    6.3952e-01,    8.0000e+00
7.2308e-02,    6.3952e-01,    8.0000e+00
7.2977e-02,    6.3951e-01,    8.0000e+00
7.3653e-02,    6.3951e-01,    8.0000e+00
7.4335e-02,    6.3951e-01,    8.0000e+00
7.5023e-02,    6.3950e-01,    8.0000e+00
7.5718e-02,    6.3950e-01,    8.0000e+00
7.6419e-02,    6.3949e-01,    8.0000e+00
7.7126e-02,    6.3949e-01,    8.0000e+00
7.7840e-02,    6.3948e-01,    8.0000e+00
7.8561e-02,    6.3948e-01,    8.0000e+00
7.9288e-02,    6.3947e-01,    8.0000e+00
8.0022e-02,    6.3947e-01,    8.0000e+00
8.0763e-02,    6.3946e-01,    8.0000e+00
8.1511e-02,    6.3946e-01,    8.0000e+00
8.2266e-02,    6.3945e-01,    8.0000e+00
8.3027e-02,    6.3945e-01,    8.0000e+00
8.3796e-02,    6.3944e-01,    8.0000e+00
8.4572e-02,    6.3944e-01,    8.0000e+00
8.5355e-02,    6.3943e-01,    8.0000e+00
8.6145e-02,    6.3943e-01,    8.0000e+00
8.6943e-02,    6.3942e-01,    8.0000e+00
8.7748e-02,    6.3942e-01,    8.0000e+00
8.8560e-02,    6.3941e-01,    8.0000e+00
8.9380e-02,    6.3941e-01,    8.0000e+00
9.0208e-02,    6.3940e-01,    8.0000e+00
9.1043e-02,    6.3939e-01,    8.0000e+00
9.1886e-02,    6.3939e-01,    8.0000e+00
9.2737e-02,    6.3938e-01,    8.0000e+00
9.3595e-02,    6.3937e-01,    8.0000e+00
9.4462e-02,    6.3937e-01,    8.0000e+00
9.5336e-02,    6.3936e-01,    8.0000e+00
9.6219e-02,    6.3935e-01,    8.0000e+00
9.7110e-02,    6.3935e-01,    8.0000e+00
9.8009e-02,    6.3934e-01,    8.0000e+00
9.8917e-02,    6.3933e-01,    8.0000e+00
9.9832e-02,    6.3932e-01,    8.0000e+00
1.0076e-01,    6.3932e-01,    8.0000e+00
1.0169e-01,    6.3931e-01,    8.0000e+00
1.0263e-01,    6.3930e-01,    8.0000e+00
1.0358e-01,    6.3929e-01,    8.0000e+00
1.0454e-01,    6.3929e-01,    8.0000e+00
1.0551e-01,    6.3928e-01,    8.0000e+00
1.0649e-01,    6.3927e-01,    8.0000e+00
1.0747e-01,    6.3926e-01,    8.0000e+00
1.0847e-01,    6.3925e-01,    8.0000e+00
1.0947e-01,    6.3924e-01,    8.0000e+00
1.1048e-01,    6.3923e-01,    8.0000e+00
1.1151e-01,    6.3922e-01,    8.0000e+00
1.1254e-01,    6.3921e-01,    8.0000e+00
1.1358e-01,    6.3920e-01,    8.0000e+00
1.1463e-01,    6.3919e-01,    8.0000e+00
1.1569e-01,    6.3918e-01,    8.0000e+00
1.1677e-01,    6.3917e-01,    8.0000e+00
1.1785e-01,    6.3916e-01,    8.0000e+00
1.1894e-01,    6.3915e-01,    8.0000e+00
1.2004e-01,    6.3914e-01,    8.0000e+00
1.2115e-01,    6.3913e-01,    8.0000e+00
1.2227e-01,    6.3912e-01,    8.0000e+00
1.2340e-01,    6.3911e-01,    8.0000e+00
1.2455e-01,    6.3910e-01,    8.0000e+00
1.2570e-01,    6.3909e-01,    8.0000e+00
1.2686e-01,    6.3907e-01,    8.0000e+00
1.2804e-01,    6.3906e-01,    8.0000e+00
1.2922e-01,    6.3905e-01,    8.0000e+00
1.3042e-01,    6.3904e-01,    8.0000e+00
1.3163e-01,    6.3902e-01,    8.0000e+00
1.3285e-01,    6.3901e-01,    8.0000e+00
1.3408e-01,    6.3900e-01,    8.0000e+00
1.3532e-01,    6.3898e-01,    8.0000e+00
1.3657e-01,    6.3897e-01,    8.0000e+00
1.3783e-01,    6.3896e-01,    8.0000e+00
1.3911e-01,    6.3894e-01,    8.0000e+00
1.4040e-01,    6.3893e-01,    8.0000e+00
1.4170e-01,    6.3891e-01,    8.0000e+00
1.4301e-01,    6.3890e-01,    8.0000e+00
1.4433e-01,    6.3888e-01,    8.0000e+00
1.4567e-01,    6.3887e-01,    8.0000e+00
1.4702e-01,    6.3885e-01,    8.0000e+00
1.4838e-01,    6.3883e-01,    8.0000e+00
1.4976e-01,    6.3882e-01,    8.0000e+00
1.5114e-01,    6.3880e-01,    8.0000e+00
1.5254e-01,    6.3878e-01,    8.0000e+00
1.5395e-01,    6.3876e-01,    8.0000e+00
1.5538e-01,    6.3875e-01,    8.0000e+00
1.5682e-01,    6.3873e-01,    8.0000e+00
1.5827e-01,    6.3871e-01,    8.0000e+00
1.5973e-01,    6.3869e-01,    8.0000e+00
1.6121e-01,    6.3867e-01,    8.0000e+00
1.6271e-01,    6.3865e-01,    8.0000e+00
1.6421e-01,    6.3863e-01,    8.0000e+00
1.6573e-01,    6.3861e-01,    8.0000e+00
1.6727e-01,    6.3859e-01,    8.0000e+00
1.6882e-01,    6.3857e-01,    8.0000e+00
1.7038e-01,    6.3855e-01,    8.0000e+00
1.7196e-01,    6.3853e-01,    8.0000e+00
1.7355e-01,    6.3850e-01,    8.0000e+00
1.7516e-01,    6.3848e-01,    8.0000e+00
1.7678e-01,    6.3846e-01,    8.0000e+00
1.7841e-01,    6.3843e-01,    8.0000e+00
1.8007e-01,    6.3841e-01,    8.0000e+00
1.8173e-01,    6.3839e-01,    8.0000e+00
1.8342e-01,    6.3836e-01,    8.0000e+00
1.8511e-01,    6.3833e-01,    8.0000e+00
1.8683e-01,    6.3831e-01,    8.0000e+00
1.8856e-01,    6.3828e-01,    8.0000e+00
1.9030e-01,    6.3826e-01,    8.0000e+00
1.9207e-01,    6.3823e-01,    8.0000e+00
1.9384e-01,    6.3820e-01,    8.0000e+00
1.9564e-01,    6.3817e-01,    8.0000e+00
1.9745e-01,    6.3814e-01,    8.0000e+00
1.9928e-01,    6.3811e-01,    8.0000e+00
2.0112e-01,    6.3808e-01,    8.0000e+00
2.0299e-01,    6.3805e-01,    8.0000e+00
2.0486e-01,    6.3802e-01,    8.0000e+00
2.0676e-01,    6.3799e-01,    8.0000e+00
2.0868e-01,    6.3796e-01,    8.0000e+00
2.1061e-01,    6.3793e-01,    8.0000e+00
2.1256e-01,    6.3789e-01,    8.0000e+00
2.1453e-01,    6.3786e-01,    8.0000e+00
2.1651e-01,    6.3782e-01,    8.0000e+00
2.1852e-01,    6.3779e-01,    8.0000e+00
2.2054e-01,    6.3775e-01,    8.0000e+00
2.2258e-01,    6.3771e-01,    8.0000e+00
2.2464e-01,    6.3768e-01,    8.0000e+00
2.2672e-01,    6.3764e-01,    8.0000e+00
2.2882e-01,    6.3760e-01,    8.0000e+00
2.3094e-01,    6.3756e-01,    8.0000e+00
2.3308e-01,    6.3752e-01,    8.0000e+00
2.3524e-01,    6.3748e-01,    8.0000e+00
2.3741e-01,    6.3744e-01,    8.0000e+00
2.3961e-01,    6.3740e-01,    8.0000e+00
2.4183e-01,    6.3735e-01,    8.0000e+00
2.4407e-01,    6.3731e-01,    8.0000e+00
2.4633e-01,    6.3726e-01,    8.0000e+00
2.4861e-01,    6.3722e-01,    8.0000e+00
2.5091e-01,    6.3717e-01,    8.0000e+00
2.5324e-01,    6.3712e-01,    8.0000e+00
2.5558e-01,    6.3708e-01,    8.0000e+00
2.5795e-01,    6.3703e-01,    8.0000e+00
2.6033e-01,    6.3698e-01,    8.0000e+00
2.6274e-01,    6.3693e-01,    8.0000e+00
2.6518e-01,    6.3687e-01,    8.0000e+00
2.6763e-01,    6.3682e-01,    8.0000e+00
2.7011e-01,    6.3677e-01,    8.0000e+00
2.7261e-01,    6.3671e-01,    8.0000e+00
2.7514e-01,    6.3666e-01,    8.0000e+00
2.7768e-01,    6.3660e-01,    8.0000e+00
2.8025e-01,    6.3654e-01,    8.0000e+00
2.8285e-01,    6.3648e-01,    8.0000e+00
2.8547e-01,    6.3642e-01,    8.0000e+00
2.8811e-01,    6.3636e-01,    8.0000e+00
2.9078e-01,    6.3630e-01,    8.0000e+00
2.9347e-01,    6.3624e-01,    8.0000e+00
2.9619e-01,    6.3617e-01,    8.0000e+00
2.9893e-01,    6.3611e-01,    8.0000e+00
3.0170e-01,    6.3604e-01,    8.0000e+00
3.0449e-01,    6.3597e-01,    8.0000e+00
3.0731e-01,    6.3590e-01,    8.0000e+00
3.1016e-01,    6.3583e-01,    8.0000e+00
3.1303e-01,    6.3576e-01,    8.0000e+00
3.1593e-01,    6.3569e-01,    8.0000e+00
3.1885e-01,    6.3561e-01,    8.0000e+00
3.2180e-01,    6.3554e-01,    8.0000e+00
3.2478e-01,    6.3546e-01,    8.0000e+00
3.2779e-01,    6.3538e-01,    8.0000e+00
3.3082e-01,    6.3530e-01,    8.0000e+00
3.3389e-01,    6.3522e-01,    8.0000e+00
3.3698e-01,    6.3514e-01,    8.0000e+00
3.4010e-01,    6.3505e-01,    8.0000e+00
3.4325e-01,    6.3497e-01,    8.0000e+00
3.4643e-01,    6.3488e-01,    8.0000e+00
3.4963e-01,    6.3479e-01,    8.0000e+00
3.5287e-01,    6.3470e-01,    8.0000e+00
3.5614e-01,    6.3461e-01,    8.0000e+00
3.5943e-01,    6.3451e-01,    8.0000e+00
3.6276e-01,    6.3442e-01,    8.0000e+00
3.6612e-01,    6.3432e-01,    8.0000e+00
3.6951e-01,    6.3422e-01,    8.0000e+00
3.7293e-01,    6.3412e-01,    8.0000e+00
3.7638e-01,    6.3401e-01,    8.0000e+00
3.7987e-01,    6.3391e-01,    8.0000e+00
3.8339e-01,    6.3380e-01,    8.0000e+00
3.8694e-01,    6.3369e-01,    8.0000e+00
3.9052e-01,    6.3358e-01,    8.0000e+00
3.9413e-01,    6.3347e-01,    8.0000e+00
3.9778e-01,    6.3335e-01,    8.0000e+00
4.0147e-01,    6.3324e-01,    8.0000e+00
4.0518e-01,    6.3312e-01,    8.0000e+00
4.0893e-01,    6.3300e-01,    8.0000e+00
4.1272e-01,    6.3287e-01,    8.0000e+00
4.1654e-01,    6.3275e-01,    8.0000e+00
4.2040e-01,    6.3262e-01,    8.0000e+00
4.2429e-01,    6.3249e-01,    8.0000e+00
4.2822e-01,    6.3236e-01,    8.0000e+00
4.3218e-01,    6.3222e-01,    8.0000e+00
4.3619e-01,    6.3209e-01,    8.0000e+00
4.4022e-01,    6.3195e-01,    8.0000e+00
4.4430e-01,    6.3180e-01,    8.0000e+00
4.4841e-01,    6.3166e-01,    8.0000e+00
4.5257e-01,    6.3151e-01,    8.0000e+00
4.5676e-01,    6.3136e-01,    8.0000e+00
4.6098e-01,    6.3121e-01,    8.0000e+00
4.6525e-01,    6.3105e-01,    8.0000e+00
4.6956e-01,    6.3089e-01,    8.0000e+00
4.7391e-01,    6.3073e-01,    8.0000e+00
4.7830e-01,    6.3057e-01,    8.0000e+00
4.8272e-01,    6.3040e-01,    8.0000e+00
4.8719e-01,    6.3023e-01,    8.0000e+00
4.9170e-01,    6.3006e-01,    8.0000e+00
4.9626e-01,    6.2988e-01,    8.0000e+00
5.0085e-01,    6.2970e-01,    8.0000e+00
5.0549e-01,    6.2952e-01,    8.0000e+00
5.1017e-01,    6.2934e-01,    8.0000e+00
5.1489e-01,    6.2915e-01,    8.0000e+00
5.1966e-01,    6.2896e-01,    8.0000e+00
5.2447e-01,    6.2876e-01,    8.0000e+00
5.2933e-01,    6.2856e-01,    8.0000e+00
5.3423e-01,    6.2836e-01,    8.0000e+00
5.3917e-01,    6.2815e-01,    8.0000e+00
5.4417e-01,    6.2794e-01,    8.0000e+00
5.4920e-01,    6.2773e-01,    8.0000e+00
5.5429e-01,    6.2751e-01,    8.0000e+00
5.5942e-01,    6.2729e-01,    8.0000e+00
5.6460e-01,    6.2707e-01,    8.0000e+00
5.6983e-01,    6.2684e-01,    8.0000e+00
5.7510e-01,    6.2660e-01,    8.0000e+00
5.8043e-01,    6.2637e-01,    8.0000e+00
5.8580e-01,    6.2613e-01,    8.0000e+00
5.9123e-01,    6.2588e-01,    8.0000e+00
5.9670e-01,    6.2563e-01,    8.0000e+00
6.0223e-01,    6.2538e-01,    8.0000e+00
6.0780e-01,    6.2512e-01,    8.0000e+00
6.1343e-01,    6.2486e-01,    8.0000e+00
6.1911e-01,    6.2459e-01,    8.0000e+00
6.2484e-01,    6.2432e-01,    8.0000e+00
6.3063e-01,    6.2404e-01,    8.0000e+00
6.3646e-01,    6.2376e-01,    8.0000e+00
6.4236e-01,    6.2347e-01,    8.0000e+00
6.4830e-01,    6.2318e-01,    8.0000e+00
6.5431e-01,    6.2289e-01,    8.0000e+00
6.6037e-01,    6.2258e-01,    8.0000e+00
6.6648e-01,    6.2228e-01,    8.0000e+00
6.7265e-01,    6.2197e-01,    8.0000e+00
6.7888e-01,    6.2165e-01,    8.0000e+00
6.8516e-01,    6.2133e-01,    8.0000e+00
6.9151e-01,    6.2100e-01,    8.0000e+00
6.9791e-01,    6.2066e-01,    8.0000e+00
7.0437e-01,    6.2032e-01,    8.0000e+00
7.1089e-01,    6.1998e-01,    8.0000e+00
7.1748e-01,    6.1963e-01,    8.0000e+00
7.2412e-01,    6.1927e-01,    8.0000e+00
7.3082e-01,    6.1891e-01,    8.0000e+00
7.3759e-01,    6.1854e-01,    8.0000e+00
7.4442e-01,    6.1816e-01,    8.0000e+00
7.5131e-01,    6.1778e-01,    8.0000e+00
7.5827e-01,    6.1739e-01,    8.0000e+00
7.6529e-01,    6.1700e-01,    8.0000e+00
7.7237e-01,    6.1660e-01,    8.0000e+00
7.7952e-01,    6.1619e-01,    8.0000e+00
7.8674e-01,    6.1578e-01,    8.0000e+00
7.9403e-01,    6.1535e-01,    8.0000e+00
8.0138e-01,    6.1493e-01,    8.0000e+00
8.0880e-01,    6.1449e-01,    8.0000e+00
8.1629e-01,    6.1405e-01,    8.0000e+00
8.2384e-01,    6.1360e-01,    8.0000e+00
8.3147e-01,    6.1314e-01,    8.0000e+00
8.3917e-01,    6.1268e-01,    8.0000e+00
8.4694e-01,    6.1220e-01,    8.0000e+00
8.5478e-01,    6.1172e-01,    8.0000e+00
8.6269e-01,    6.1123e-01,    8.0000e+00
8.7068e-01,    6.1074e-01,    8.0000e+00
8.7874e-01,    6.1023e-01,    8.0000e+00
8.8688e-01,    6.0972e-01,    8.0000e+00
8.9509e-01,    6.0920e-01,    8.0000e+00
9.0338e-01,    6.0867e-01,    8.0000e+00
9.1174e-01,    6.0814e-01,    8.0000e+00
9.2018e-01,    6.0759e-01,    8.0000e+00
9.2870e-01,    6.0703e-01,    8.0000e+00
9.3730e-01,    6.0647e-01,    8.0000e+00
9.4598e-01,    6.0590e-01,    8.0000e+00
9.5474e-01,    6.0532e-01,    8.0000e+00
9.6358e-01,    6.0473e-01,    8.0000e+00
9.7250e-01,    6.0413e-01,    8.0000e+00
9.8150e-01,    6.0352e-01,    8.0000e+00
9.9059e-01,    6.0290e-01,    8.0000e+00
9.9976e-01,    6.0227e-01,    8.0000e+00
1.0090e+00,    6.0163e-01,    8.0000e+00
1.0184e+00,    6.0099e-01,    8.0000e+00
1.0278e+00,    6.0033e-01,    8.0000e+00
1.0373e+00,    5.9966e-01,    8.0000e+00
1.0469e+00,    5.9898e-01,    8.0000e+00
1.0566e+00,    5.9829e-01,    8.0000e+00
1.0664e+00,    5.9759e-01,    8.0000e+00
1.0763e+00,    5.9688e-01,    8.0000e+00
1.0862e+00,    5.9616e-01,    8.0000e+00
1.0963e+00,    5.9543e-01,    8.0000e+00
1.1064e+00,    5.9469e-01,    8.0000e+00
1.1167e+00,    5.9394e-01,    8.0000e+00
1.1270e+00,    5.9317e-01,    8.0000e+00
1.1374e+00,    5.9240e-01,    8.0000e+00
1.1480e+00,    5.9161e-01,    8.0000e+00
1.1586e+00,    5.9081e-01,    8.0000e+00
1.1693e+00,    5.9000e-01,    8.0000e+00
1.1802e+00,    5.8918e-01,    8.0000e+00
1.1911e+00,    5.8835e-01,    8.0000e+00
1.2021e+00,    5.8750e-01,    8.0000e+00
1.2132e+00,    5.8664e-01,    8.0000e+00
1.2245e+00,    5.8577e-01,    8.0000e+00
1.2358e+00,    5.8489e-01,    8.0000e+00
1.2473e+00,    5.8399e-01,    8.0000e+00
1.2588e+00,    5.8309e-01,    8.0000e+00
1.2705e+00,    5.8217e-01,    8.0000e+00
1.2822e+00,    5.8123e-01,    8.0000e+00
1.2941e+00,    5.8029e-01,    8.0000e+00
1.3061e+00,    5.7933e-01,    8.0000e+00
1.3182e+00,    5.7836e-01,    8.0000e+00
1.3304e+00,    5.7737e-01,    8.0000e+00
1.3427e+00,    5.7637e-01,    8.0000e+00
1.3551e+00,    5.7536e-01,    8.0000e+00
1.3677e+00,    5.7434e-01,    8.0000e+00
1.3803e+00,    5.7330e-01,    8.0000e+00
1.3931e+00,    5.7225e-01,    8.0000e+00
1.4060e+00,    5.7118e-01,    8.0000e+00
1.4190e+00,    5.7010e-01,    8.0000e+00
1.4322e+00,    5.6901e-01,    8.0000e+00
1.4454e+00,    5.6790e-01,    8.0000e+00
1.4588e+00,    5.6677e-01,    8.0000e+00
1.4723e+00,    5.6564e-01,    8.0000e+00
1.4860e+00,    5.6449e-01,    8.0000e+00
1.4997e+00,    5.6332e-01,    8.0000e+00
1.5136e+00,    5.6214e-01,    8.0000e+00
1.5276e+00,    5.6095e-01,    8.0000e+00
1.5418e+00,    5.5974e-01,    8.0000e+00
1.5560e+00,    5.5852e-01,    8.0000e+00
1.5704e+00,    5.5728e-01,    8.0000e+00
1.5850e+00,    5.5602e-01,    8.0000e+00
1.5996e+00,    5.5476e-01,    8.0000e+00
1.6145e+00,    5.5347e-01,    8.0000e+00
1.6294e+00,    5.5218e-01,    8.0000e+00
1.6445e+00,    5.5086e-01,    8.0000e+00
1.6597e+00,    5.4954e-01,    8.0000e+00
1.6751e+00,    5.4819e-01,    8.0000e+00
1.6906e+00,    5.4684e-01,    8.0000e+00
1.7062e+00,    5.4546e-01,    8.0000e+00
1.7220e+00,    5.4407e-01,    8.0000e+00
1.7380e+00,    5.4267e-01,    8.0000e+00
1.7541e+00,    5.4125e-01,    8.0000e+00
1.7703e+00,    5.3982e-01,    8.0000e+00
1.7867e+00,    5.3837e-01,    8.0000e+00
1.8033e+00,    5.3691e-01,    8.0000e+00
1.8200e+00,    5.3543e-01,    8.0000e+00
1.8368e+00,    5.3393e-01,    8.0000e+00
1.8538e+00,    5.3242e-01,    8.0000e+00
1.8710e+00,    5.3090e-01,    8.0000e+00
1.8883e+00,    5.2936e-01,    8.0000e+00
1.9058e+00,    5.2781e-01,    8.0000e+00
1.9234e+00,    5.2624e-01,    8.0000e+00
1.9412e+00,    5.2465e-01,    8.0000e+00
1.9592e+00,    5.2305e-01,    8.0000e+00
1.9773e+00,    5.2144e-01,    8.0000e+00
1.9957e+00,    5.1981e-01,    8.0000e+00
2.0141e+00,    5.1816e-01,    8.0000e+00
2.0328e+00,    5.1650e-01,    8.0000e+00
2.0516e+00,    5.1483e-01,    8.0000e+00
2.0706e+00,    5.1314e-01,    8.0000e+00
2.0898e+00,    5.1144e-01,    8.0000e+00
2.1091e+00,    5.0972e-01,    8.0000e+00
2.1286e+00,    5.0799e-01,    8.0000e+00
2.1483e+00,    5.0624e-01,    8.0000e+00
2.1682e+00,    5.0448e-01,    8.0000e+00
2.1883e+00,    5.0271e-01,    8.0000e+00
2.2086e+00,    5.0092e-01,    8.0000e+00
2.2290e+00,    4.9912e-01,    8.0000e+00
2.2497e+00,    4.9730e-01,    8.0000e+00
2.2705e+00,    4.9547e-01,    8.0000e+00
2.2915e+00,    4.9363e-01,    8.0000e+00
2.3127e+00,    4.9178e-01,    8.0000e+00
2.3341e+00,    4.8991e-01,    8.0000e+00
2.3558e+00,    4.8803e-01,    8.0000e+00
2.3776e+00,    4.8613e-01,    8.0000e+00
2.3996e+00,    4.8422e-01,    8.0000e+00
2.4218e+00,    4.8230e-01,    8.0000e+00
2.4442e+00,    4.8037e-01,    8.0000e+00
2.4668e+00,    4.7843e-01,    8.0000e+00
2.4897e+00,    4.7647e-01,    8.0000e+00
2.5127e+00,    4.7450e-01,    8.0000e+00
2.5360e+00,    4.7252e-01,    8.0000e+00
2.5595e+00,    4.7053e-01,    8.0000e+00
2.5832e+00,    4.6853e-01,    8.0000e+00
2.6071e+00,    4.6652e-01,    8.0000e+00
2.6312e+00,    4.6449e-01,    8.0000e+00
2.6556e+00,    4.6246e-01,    8.0000e+00
2.6802e+00,    4.6042e-01,    8.0000e+00
2.7050e+00,    4.5836e-01,    8.0000e+00
2.7300e+00,    4.5630e-01,    8.0000e+00
2.7553e+00,    4.5422e-01,    8.0000e+00
2.7808e+00,    4.5214e-01,    8.0000e+00
2.8066e+00,    4.5005e-01,    8.0000e+00
2.8326e+00,    4.4795e-01,    8.0000e+00
2.8588e+00,    4.4584e-01,    8.0000e+00
2.8853e+00,    4.4372e-01,    8.0000e+00
2.9120e+00,    4.4159e-01,    8.0000e+00
2.9389e+00,    4.3946e-01,    8.0000e+00
2.9661e+00,    4.3731e-01,    8.0000e+00
2.9936e+00,    4.3517e-01,    8.0000e+00
3.0213e+00,    4.3301e-01,    8.0000e+00
3.0493e+00,    4.3085e-01,    8.0000e+00
3.0775e+00,    4.2868e-01,    8.0000e+00
3.1060e+00,    4.2650e-01,    8.0000e+00
3.1348e+00,    4.2432e-01,    8.0000e+00
3.1638e+00,    4.2213e-01,    8.0000e+00
3.1931e+00,    4.1994e-01,    8.0000e+00
3.2227e+00,    4.1774e-01,    8.0000e+00
3.2525e+00,    4.1553e-01,    8.0000e+00
3.2826e+00,    4.1333e-01,    8.0000e+00
3.3130e+00,    4.1111e-01,    8.0000e+00
3.3437e+00,    4.0890e-01,    8.0000e+00
3.3746e+00,    4.0668e-01,    8.0000e+00
3.4059e+00,    4.0445e-01,    8.0000e+00
3.4374e+00,    4.0223e-01,    8.0000e+00
3.4692e+00,    4.0000e-01,    8.0000e+00
3.5014e+00,    3.9776e-01,    8.0000e+00
3.5338e+00,    3.9553e-01,    8.0000e+00
3.5665e+00,    3.9329e-01,    8.0000e+00
3.5995e+00,    3.9105e-01,    8.0000e+00
3.6328e+00,    3.8881e-01,    8.0000e+00
3.6665e+00,    3.8657e-01,    8.0000e+00
3.7004e+00,    3.8433e-01,    8.0000e+00
3.7347e+00,    3.8208e-01,    8.0000e+00
3.7693e+00,    3.7984e-01,    8.0000e+00
3.8042e+00,    3.7759e-01,    8.0000e+00
3.8394e+00,    3.7535e-01,    8.0000e+00
3.8749e+00,    3.7311e-01,    8.0000e+00
3.9108e+00,    3.7086e-01,    8.0000e+00
3.9470e+00,    3.6862e-01,    8.0000e+00
3.9836e+00,    3.6638e-01,    8.0000e+00
4.0204e+00,    3.6414e-01,    8.0000e+00
4.0577e+00,    3.6190e-01,    8.0000e+00
4.0952e+00,    3.5966e-01,    8.0000e+00
4.1332e+00,    3.5743e-01,    8.0000e+00
4.1714e+00,    3.5519e-01,    8.0000e+00
4.2100e+00,    3.5296e-01,    8.0000e+00
4.2490e+00,    3.5074e-01,    8.0000e+00
4.2884e+00,    3.4851e-01,    8.0000e+00
4.3281e+00,    3.4629e-01,    8.0000e+00
4.3681e+00,    3.4407e-01,    8.0000e+00
4.4086e+00,    3.4186e-01,    8.0000e+00
4.4494e+00,    3.3965e-01,    8.0000e+00
4.4906e+00,    3.3744e-01,    8.0000e+00
4.5322e+00,    3.3524e-01,    8.0000e+00
4.5741e+00,    3.3304e-01,    8.0000e+00
4.6165e+00,    3.3085e-01,    8.0000e+00
4.6592e+00,    3.2866e-01,    8.0000e+00
4.7024e+00,    3.2648e-01,    8.0000e+00
4.7459e+00,    3.2431e-01,    8.0000e+00
4.7899e+00,    3.2213e-01,    8.0000e+00
4.8342e+00,    3.1997e-01,    8.0000e+00
4.8790e+00,    3.1781e-01,    8.0000e+00
4.9241e+00,    3.1565e-01,    8.0000e+00
4.9697e+00,    3.1351e-01,    8.0000e+00
5.0157e+00,    3.1137e-01,    8.0000e+00
5.0622e+00,    3.0923e-01,    8.0000e+00
5.1090e+00,    3.0710e-01,    8.0000e+00
5.1563e+00,    3.0498e-01,    8.0000e+00
5.2041e+00,    3.0287e-01,    8.0000e+00
5.2523e+00,    3.0076e-01,    8.0000e+00
5.3009e+00,    2.9866e-01,    8.0000e+00
5.3500e+00,    2.9657e-01,    8.0000e+00
5.3995e+00,    2.9448e-01,    8.0000e+00
5.4495e+00,    2.9241e-01,    8.0000e+00
5.5000e+00,    2.9034e-01,    8.0000e+00
5.5509e+00,    2.8828e-01,    8.0000e+00
5.6023e+00,    2.8622e-01,    8.0000e+00
5.6541e+00,    2.8418e-01,    8.0000e+00
5.7065e+00,    2.8214e-01,    8.0000e+00
5.7593e+00,    2.8011e-01,    8.0000e+00
5.8127e+00,    2.7809e-01,    8.0000e+00
5.8665e+00,    2.7608e-01,    8.0000e+00
5.9208e+00,    2.7408e-01,    8.0000e+00
5.9756e+00,    2.7209e-01,    8.0000e+00
6.0309e+00,    2.7010e-01,    8.0000e+00
6.0868e+00,    2.6813e-01,    8.0000e+00
6.1431e+00,    2.6616e-01,    8.0000e+00
6.2000e+00,    2.6420e-01,    8.0000e+00
6.2574e+00,    2.6225e-01,    8.0000e+00
6.3153e+00,    2.6031e-01,    8.0000e+00
6.3738e+00,    2.5838e-01,    8.0000e+00
6.4328e+00,    2.5646e-01,    8.0000e+00
6.4924e+00,    2.5455e-01,    8.0000e+00
6.5525e+00,    2.5265e-01,    8.0000e+00
6.6132e+00,    2.5076e-01,    8.0000e+00
6.6744e+00,    2.4888e-01,    8.0000e+00
6.7362e+00,    2.4700e-01,    8.0000e+00
6.7986e+00,    2.4514e-01,    8.0000e+00
6.8615e+00,    2.4329e-01,    8.0000e+00
6.9250e+00,    2.4145e-01,    8.0000e+00
6.9892e+00,    2.3961e-01,    8.0000e+00
7.0539e+00,    2.3779e-01,    8.0000e+00
7.1192e+00,    2.3597e-01,    8.0000e+00
7.1851e+00,    2.3417e-01,    8.0000e+00
7.2516e+00,    2.3238e-01,    8.0000e+00
7.3188e+00,    2.3059e-01,    8.0000e+00
7.3865e+00,    2.2882e-01,    8.0000e+00
7.4549e+00,    2.2706e-01,    8.0000e+00
7.5239e+00,    2.2530e-01,    8.0000e+00
7.5936e+00,    2.2356e-01,    8.0000e+00
7.6639e+00,    2.2183e-01,    8.0000e+00
7.7349e+00,    2.2010e-01,    8.0000e+00
7.8065e+00,    2.1839e-01,    8.0000e+00
7.8787e+00,    2.1669e-01,    8.0000e+00
7.9517e+00,    2.1500e-01,    8.0000e+00
8.0253e+00,    2.1331e-01,    8.0000e+00
8.0996e+00,    2.1164e-01,    8.0000e+00
8.1746e+00,    2.0998e-01,    8.0000e+00
8.2503e+00,    2.0833e-01,    8.0000e+00
8.3267e+00,    2.0669e-01,    8.0000e+00
8.4038e+00,    2.0506e-01,    8.0000e+00
8.4816e+00,    2.0343e-01,    8.0000e+00
8.5601e+00,    2.0182e-01,    8.0000e+00
8.6394e+00,    2.0022e-01,    8.0000e+00
8.7194e+00,    1.9863e-01,    8.0000e+00
8.8001e+00,    1.9705e-01,    8.0000e+00
8.8816e+00,    1.9548e-01,    8.0000e+00
8.9638e+00,    1.9392e-01,    8.0000e+00
9.0468e+00,    1.9237e-01,    8.0000e+00
9.1306e+00,    1.9083e-01,    8.0000e+00
9.2151e+00,    1.8930e-01,    8.0000e+00
9.3004e+00,    1.8778e-01,    8.0000e+00
9.3865e+00,    1.8627e-01,    8.0000e+00
9.4734e+00,    1.8477e-01,    8.0000e+00
9.5611e+00,    1.8328e-01,    8.0000e+00
9.6497e+00,    1.8180e-01,    8.0000e+00
9.7390e+00,    1.8033e-01,    8.0000e+00
9.8292e+00,    1.7887e-01,    8.0000e+00
9.9202e+00,    1.7742e-01,    8.0000e+00
1.0012e+01,    1.7598e-01,    8.0000e+00
1.0105e+01,    1.7455e-01,    8.0000e+00
1.0198e+01,    1.7313e-01,    8.0000e+00
1.0293e+01,    1.7172e-01,    8.0000e+00
1.0388e+01,    1.7032e-01,    8.0000e+00
1.0484e+01,    1.6892e-01,    8.0000e+00
1.0581e+01,    1.6754e-01,    8.0000e+00
1.0679e+01,    1.6617e-01,    8.0000e+00
1.0778e+01,    1.6481e-01,    8.0000e+00
1.0878e+01,    1.6345e-01,    8.0000e+00
1.0979e+01,    1.6211e-01,    8.0000e+00
1.1080e+01,    1.6078e-01,    8.0000e+00
1.1183e+01,    1.5945e-01,    8.0000e+00
1.1286e+01,    1.5814e-01,    8.0000e+00
1.1391e+01,    1.5683e-01,    8.0000e+00
1.1496e+01,    1.5554e-01,    8.0000e+00
1.1603e+01,    1.5425e-01,    8.0000e+00
1.1710e+01,    1.5297e-01,    8.0000e+00
1.1819e+01,    1.5170e-01,    8.0000e+00
1.1928e+01,    1.5044e-01,    8.0000e+00
1.2038e+01,    1.4919e-01,    8.0000e+00
1.2150e+01,    1.4795e-01,    8.0000e+00
1.2262e+01,    1.4672e-01,    8.0000e+00
1.2376e+01,    1.4550e-01,    8.0000e+00
1.2491e+01,    1.4428e-01,    8.0000e+00
1.2606e+01,    1.4308e-01,    8.0000e+00
1.2723e+01,    1.4188e-01,    8.0000e+00
1.2841e+01,    1.4070e-01,    8.0000e+00
1.2960e+01,    1.3952e-01,    8.0000e+00
1.3080e+01,    1.3835e-01,    8.0000e+00
1.3201e+01,    1.3719e-01,    8.0000e+00
1.3323e+01,    1.3604e-01,    8.0000e+00
1.3446e+01,    1.3489e-01,    8.0000e+00
1.3571e+01,    1.3376e-01,    8.0000e+00
1.3696e+01,    1.3263e-01,    8.0000e+00
1.3823e+01,    1.3152e-01,    8.0000e+00
1.3951e+01,    1.3041e-01,    8.0000e+00
1.4080e+01,    1.2931e-01,    8.0000e+00
1.4211e+01,    1.2821e-01,    8.0000e+00
1.4342e+01,    1.2713e-01,    8.0000e+00
1.4475e+01,    1.2605e-01,    8.0000e+00
1.4609e+01,    1.2499e-01,    8.0000e+00
1.4744e+01,    1.2393e-01,    8.0000e+00
1.4881e+01,    1.2288e-01,    8.0000e+00
1.5019e+01,    1.2183e-01,    8.0000e+00
1.5158e+01,    1.2080e-01,    8.0000e+00
1.5298e+01,    1.1977e-01,    8.0000e+00
1.5440e+01,    1.1875e-01,    8.0000e+00
1.5583e+01,    1.1774e-01,    8.0000e+00
1.5727e+01,    1.1674e-01,    8.0000e+00
1.5873e+01,    1.1574e-01,    8.0000e+00
1.6020e+01,    1.1476e-01,    8.0000e+00
1.6168e+01,    1.1378e-01,    8.0000e+00
1.6318e+01,    1.1280e-01,    8.0000e+00
1.6469e+01,    1.1184e-01,    8.0000e+00
1.6621e+01,    1.1088e-01,    8.0000e+00
1.6775e+01,    1.0993e-01,    8.0000e+00
1.6930e+01,    1.0899e-01,    8.0000e+00
1.7087e+01,    1.0806e-01,    8.0000e+00
1.7245e+01,    1.0713e-01,    8.0000e+00
1.7405e+01,    1.0621e-01,    8.0000e+00
1.7566e+01,    1.0530e-01,    8.0000e+00
1.7729e+01,    1.0439e-01,    8.0000e+00
1.7893e+01,    1.0350e-01,    8.0000e+00
1.8059e+01,    1.0261e-01,    8.0000e+00
1.8226e+01,    1.0172e-01,    8.0000e+00
1.8394e+01,    1.0085e-01,    8.0000e+00
1.8565e+01,    9.9977e-02,    8.0000e+00
1.8737e+01,    9.9114e-02,    8.0000e+00
1.8910e+01,    9.8259e-02,    8.0000e+00
1.9085e+01,    9.7410e-02,    8.0000e+00
1.9262e+01,    9.6569e-02,    8.0000e+00
1.9440e+01,    9.5734e-02,    8.0000e+00
1.9620e+01,    9.4906e-02,    8.0000e+00
1.9802e+01,    9.4084e-02,    8.0000e+00
1.9985e+01,    9.3270e-02,    8.0000e+00
2.0170e+01,    9.2462e-02,    8.0000e+00
2.0357e+01,    9.1660e-02,    8.0000e+00
2.0546e+01,    9.0865e-02,    8.0000e+00
2.0736e+01,    9.0077e-02,    8.0000e+00
2.0928e+01,    8.9294e-02,    8.0000e+00
2.1122e+01,    8.8519e-02,    8.0000e+00
2.1317e+01,    8.7749e-02,    8.0000e+00
2.1514e+01,    8.6986e-02,    8.0000e+00
2.1714e+01,    8.6230e-02,    8.0000e+00
2.1915e+01,    8.5479e-02,    8.0000e+00
2.2118e+01,    8.4735e-02,    8.0000e+00
2.2322e+01,    8.3997e-02,    8.0000e+00
2.2529e+01,    8.3264e-02,    8.0000e+00
2.2738e+01,    8.2538e-02,    8.0000e+00
2.2948e+01,    8.1818e-02,    8.0000e+00
2.3161e+01,    8.1104e-02,    8.0000e+00
2.3375e+01,    8.0396e-02,    8.0000e+00
2.3591e+01,    7.9693e-02,    8.0000e+00
2.3810e+01,    7.8997e-02,    8.0000e+00
2.4030e+01,    7.8306e-02,    8.0000e+00
2.4253e+01,    7.7621e-02,    8.0000e+00
2.4477e+01,    7.6942e-02,    8.0000e+00
2.4704e+01,    7.6268e-02,    8.0000e+00
2.4933e+01,    7.5600e-02,    8.0000e+00
2.5164e+01,    7.4938e-02,    8.0000e+00
2.5397e+01,    7.4281e-02,    8.0000e+00
2.5632e+01,    7.3629e-02,    8.0000e+00
2.5869e+01,    7.2983e-02,    8.0000e+00
2.6109e+01,    7.2343e-02,    8.0000e+00
2.6350e+01,    7.1708e-02,    8.0000e+00
2.6594e+01,    7.1078e-02,    8.0000e+00
2.6840e+01,    7.0453e-02,    8.0000e+00
2.7089e+01,    6.9834e-02,    8.0000e+00
2.7340e+01,    6.9220e-02,    8.0000e+00
2.7593e+01,    6.8611e-02,    8.0000e+00
2.7848e+01,    6.8007e-02,    8.0000e+00
2.8106e+01,    6.7408e-02,    8.0000e+00
2.8366e+01,    6.6815e-02,    8.0000e+00
2.8629e+01,    6.6226e-02,    8.0000e+00
2.8894e+01,    6.5643e-02,    8.0000e+00
2.9162e+01,    6.5064e-02,    8.0000e+00
2.9432e+01,    6.4490e-02,    8.0000e+00
2.9704e+01,    6.3921e-02,    8.0000e+00
2.9979e+01,    6.3357e-02,    8.0000e+00
3.0257e+01,    6.2798e-02,    8.0000e+00
3.0537e+01,    6.2243e-02,    8.0000e+00
3.0820e+01,    6.1693e-02,    8.0000e+00
3.1105e+01,    6.1148e-02,    8.0000e+00
3.1393e+01,    6.0608e-02,    8.0000e+00
3.1684e+01,    6.0072e-02,    8.0000e+00
3.1977e+01,    5.9540e-02,    8.0000e+00
3.2273e+01,    5.9014e-02,    8.0000e+00
3.2572e+01,    5.8491e-02,    8.0000e+00
3.2873e+01,    5.7973e-02,    8.0000e+00
3.3178e+01,    5.7460e-02,    8.0000e+00
3.3485e+01,    5.6951e-02,    8.0000e+00
3.3795e+01,    5.6446e-02,    8.0000e+00
3.4108e+01,    5.5946e-02,    8.0000e+00
3.4424e+01,    5.5450e-02,    8.0000e+00
3.4742e+01,    5.4958e-02,    8.0000e+00
3.5064e+01,    5.4471e-02,    8.0000e+00
3.5389e+01,    5.3987e-02,    8.0000e+00
3.5716e+01,    5.3508e-02,    8.0000e+00
3.6047e+01,    5.3033e-02,    8.0000e+00
3.6381e+01,    5.2562e-02,    8.0000e+00
3.6718e+01,    5.2095e-02,    8.0000e+00
3.7058e+01,    5.1632e-02,    8.0000e+00
3.7401e+01,    5.1173e-02,    8.0000e+00
3.7747e+01,    5.0718e-02,    8.0000e+00
3.8096e+01,    5.0267e-02,    8.0000e+00
3.8449e+01,    4.9820e-02,    8.0000e+00
3.8805e+01,    4.9377e-02,    8.0000e+00
3.9164e+01,    4.8937e-02,    8.0000e+00
3.9527e+01,    4.8502e-02,    8.0000e+00
3.9893e+01,    4.8070e-02,    8.0000e+00
4.0262e+01,    4.7642e-02,    8.0000e+00
4.0635e+01,    4.7217e-02,    8.0000e+00
4.1011e+01,    4.6797e-02,    8.0000e+00
4.1391e+01,    4.6380e-02,    8.0000e+00
4.1774e+01,    4.5966e-02,    8.0000e+00
4.2161e+01,    4.5556e-02,    8.0000e+00
4.2552e+01,    4.5150e-02,    8.0000e+00
4.2945e+01,    4.4747e-02,    8.0000e+00
4.3343e+01,    4.4348e-02,    8.0000e+00
4.3744e+01,    4.3952e-02,    8.0000e+00
4.4149e+01,    4.3560e-02,    8.0000e+00
4.4558e+01,    4.3171e-02,    8.0000e+00
4.4971e+01,    4.2785e-02,    8.0000e+00
4.5387e+01,    4.2403e-02,    8.0000e+00
4.5807e+01,    4.2024e-02,    8.0000e+00
4.6231e+01,    4.1649e-02,    8.0000e+00
4.6659e+01,    4.1277e-02,    8.0000e+00
4.7092e+01,    4.0908e-02,    8.0000e+00
4.7528e+01,    4.0542e-02,    8.0000e+00
4.7968e+01,    4.0179e-02,    8.0000e+00
4.8412e+01,    3.9820e-02,    8.0000e+00
4.8860e+01,    3.9463e-02,    8.0000e+00
4.9312e+01,    3.9110e-02,    8.0000e+00
4.9769e+01,    3.8760e-02,    8.0000e+00
5.0230e+01,    3.8413e-02,    8.0000e+00
5.0695e+01,    3.8069e-02,    8.0000e+00
5.1164e+01,    3.7728e-02,    8.0000e+00
5.1638e+01,    3.7390e-02,    8.0000e+00
5.2116e+01,    3.7055e-02,    8.0000e+00
5.2598e+01,    3.6723e-02,    8.0000e+00
5.3085e+01,    3.6394e-02,    8.0000e+00
5.3577e+01,    3.6068e-02,    8.0000e+00
5.4073e+01,    3.5745e-02,    8.0000e+00
5.4574e+01,    3.5424e-02,    8.0000e+00
5.5079e+01,    3.5106e-02,    8.0000e+00
5.5589e+01,    3.4792e-02,    8.0000e+00
5.6104e+01,    3.4479e-02,    8.0000e+00
5.6623e+01,    3.4170e-02,    8.0000e+00
5.7147e+01,    3.3863e-02,    8.0000e+00
5.7676e+01,    3.3559e-02,    8.0000e+00
5.8210e+01,    3.3258e-02,    8.0000e+00
5.8749e+01,    3.2960e-02,    8.0000e+00
5.9293e+01,    3.2664e-02,    8.0000e+00
5.9842e+01,    3.2370e-02,    8.0000e+00
6.0396e+01,    3.2079e-02,    8.0000e+00
6.0955e+01,    3.1791e-02,    8.0000e+00
6.1520e+01,    3.1505e-02,    8.0000e+00
6.2089e+01,    3.1222e-02,    8.0000e+00
6.2664e+01,    3.0942e-02,    8.0000e+00
6.3244e+01,    3.0663e-02,    8.0000e+00
6.3830e+01,    3.0388e-02,    8.0000e+00
6.4421e+01,    3.0114e-02,    8.0000e+00
6.5017e+01,    2.9844e-02,    8.0000e+00
6.5619e+01,    2.9575e-02,    8.0000e+00
6.6227e+01,    2.9309e-02,    8.0000e+00
6.6840e+01,    2.9045e-02,    8.0000e+00
6.7459e+01,    2.8784e-02,    8.0000e+00
6.8084e+01,    2.8525e-02,    8.0000e+00
6.8714e+01,    2.8268e-02,    8.0000e+00
6.9350e+01,    2.8014e-02,    8.0000e+00
6.9992e+01,    2.7761e-02,    8.0000e+00
7.0640e+01,    2.7511e-02,    8.0000e+00
7.1294e+01,    2.7264e-02,    8.0000e+00
7.1954e+01,    2.7018e-02,    8.0000e+00
7.2621e+01,    2.6775e-02,    8.0000e+00
7.3293e+01,    2.6533e-02,    8.0000e+00
7.3972e+01,    2.6294e-02,    8.0000e+00
7.4657e+01,    2.6057e-02,    8.0000e+00
7.5348e+01,    2.5822e-02,    8.0000e+00
7.6045e+01,    2.5590e-02,    8.0000e+00
7.6749e+01,    2.5359e-02,    8.0000e+00
7.7460e+01,    2.5130e-02,    8.0000e+00
7.8177e+01,    2.4904e-02,    8.0000e+00
7.8901e+01,    2.4679e-02,    8.0000e+00
7.9632e+01,    2.4456e-02,    8.0000e+00
8.0369e+01,    2.4236e-02,    8.0000e+00
8.1113e+01,    2.4017e-02,    8.0000e+00
8.1864e+01,    2.3800e-02,    8.0000e+00
8.2622e+01,    2.3586e-02,    8.0000e+00
8.3387e+01,    2.3373e-02,    8.0000e+00
8.4159e+01,    2.3162e-02,    8.0000e+00
8.4938e+01,    2.2953e-02,    8.0000e+00
8.5725e+01,    2.2745e-02,    8.0000e+00
8.6518e+01,    2.2540e-02,    8.0000e+00
8.7319e+01,    2.2336e-02,    8.0000e+00
8.8128e+01,    2.2135e-02,    8.0000e+00
8.8944e+01,    2.1935e-02,    8.0000e+00
8.9767e+01,    2.1737e-02,    8.0000e+00
9.0598e+01,    2.1540e-02,    8.0000e+00
9.1437e+01,    2.1346e-02,    8.0000e+00
9.2284e+01,    2.1153e-02,    8.0000e+00
9.3138e+01,    2.0962e-02,    8.0000e+00
9.4001e+01,    2.0772e-02,    8.0000e+00
9.4871e+01,    2.0584e-02,    8.0000e+00
9.5749e+01,    2.0398e-02,    8.0000e+00
9.6636e+01,    2.0214e-02,    8.0000e+00
9.7530e+01,    2.0031e-02,    8.0000e+00
9.8433e+01,    1.9850e-02,    8.0000e+00
9.9345e+01,    1.9670e-02,    8.0000e+00
1.0026e+02,    1.9492e-02,    8.0000e+00
1.0119e+02,    1.9316e-02,    8.0000e+00
1.0213e+02,    1.9141e-02,    8.0000e+00
1.0308e+02,    1.8968e-02,    8.0000e+00
1.0403e+02,    1.8797e-02,    8.0000e+00
1.0499e+02,    1.8627e-02,    8.0000e+00
