# Force βfL, Rxyy^2, Persistence Length λ
1.0133e-02,    6.5298e-01,    1.6000e+01
1.0227e-02,    6.5298e-01,    1.6000e+01
1.0322e-02,    6.5298e-01,    1.6000e+01
1.0417e-02,    6.5298e-01,    1.6000e+01
1.0514e-02,    6.5298e-01,    1.6000e+01
1.0611e-02,    6.5298e-01,    1.6000e+01
1.0709e-02,    6.5298e-01,    1.6000e+01
1.0809e-02,    6.5298e-01,    1.6000e+01
1.0909e-02,    6.5298e-01,    1.6000e+01
1.1010e-02,    6.5298e-01,    1.6000e+01
1.1112e-02,    6.5298e-01,    1.6000e+01
1.1214e-02,    6.5298e-01,    1.6000e+01
1.1318e-02,    6.5298e-01,    1.6000e+01
1.1423e-02,    6.5298e-01,    1.6000e+01
1.1529e-02,    6.5298e-01,    1.6000e+01
1.1636e-02,    6.5298e-01,    1.6000e+01
1.1743e-02,    6.5298e-01,    1.6000e+01
1.1852e-02,    6.5298e-01,    1.6000e+01
1.1962e-02,    6.5298e-01,    1.6000e+01
1.2072e-02,    6.5298e-01,    1.6000e+01
1.2184e-02,    6.5298e-01,    1.6000e+01
1.2297e-02,    6.5298e-01,    1.6000e+01
1.2411e-02,    6.5298e-01,    1.6000e+01
1.2526e-02,    6.5298e-01,    1.6000e+01
1.2642e-02,    6.5298e-01,    1.6000e+01
1.2759e-02,    6.5298e-01,    1.6000e+01
1.2877e-02,    6.5298e-01,    1.6000e+01
1.2996e-02,    6.5298e-01,    1.6000e+01
1.3117e-02,    6.5298e-01,    1.6000e+01
1.3238e-02,    6.5298e-01,    1.6000e+01
1.3361e-02,    6.5298e-01,    1.6000e+01
1.3484e-02,    6.5298e-01,    1.6000e+01
1.3609e-02,    6.5298e-01,    1.6000e+01
1.3735e-02,    6.5298e-01,    1.6000e+01
1.3862e-02,    6.5298e-01,    1.6000e+01
1.3991e-02,    6.5298e-01,    1.6000e+01
1.4120e-02,    6.5298e-01,    1.6000e+01
1.4251e-02,    6.5298e-01,    1.6000e+01
1.4383e-02,    6.5298e-01,    1.6000e+01
1.4516e-02,    6.5298e-01,    1.6000e+01
1.4650e-02,    6.5298e-01,    1.6000e+01
1.4786e-02,    6.5298e-01,    1.6000e+01
1.4923e-02,    6.5298e-01,    1.6000e+01
1.5061e-02,    6.5298e-01,    1.6000e+01
1.5201e-02,    6.5298e-01,    1.6000e+01
1.5341e-02,    6.5298e-01,    1.6000e+01
1.5483e-02,    6.5298e-01,    1.6000e+01
1.5627e-02,    6.5298e-01,    1.6000e+01
1.5771e-02,    6.5298e-01,    1.6000e+01
1.5917e-02,    6.5298e-01,    1.6000e+01
1.6065e-02,    6.5298e-01,    1.6000e+01
1.6213e-02,    6.5298e-01,    1.6000e+01
1.6364e-02,    6.5298e-01,    1.6000e+01
1.6515e-02,    6.5298e-01,    1.6000e+01
1.6668e-02,    6.5298e-01,    1.6000e+01
1.6822e-02,    6.5298e-01,    1.6000e+01
1.6978e-02,    6.5298e-01,    1.6000e+01
1.7135e-02,    6.5298e-01,    1.6000e+01
1.7294e-02,    6.5297e-01,    1.6000e+01
1.7454e-02,    6.5297e-01,    1.6000e+01
1.7616e-02,    6.5297e-01,    1.6000e+01
1.7779e-02,    6.5297e-01,    1.6000e+01
1.7943e-02,    6.5297e-01,    1.6000e+01
1.8109e-02,    6.5297e-01,    1.6000e+01
1.8277e-02,    6.5297e-01,    1.6000e+01
1.8446e-02,    6.5297e-01,    1.6000e+01
1.8617e-02,    6.5297e-01,    1.6000e+01
1.8790e-02,    6.5297e-01,    1.6000e+01
1.8964e-02,    6.5297e-01,    1.6000e+01
1.9139e-02,    6.5297e-01,    1.6000e+01
1.9316e-02,    6.5297e-01,    1.6000e+01
1.9495e-02,    6.5297e-01,    1.6000e+01
1.9676e-02,    6.5297e-01,    1.6000e+01
1.9858e-02,    6.5297e-01,    1.6000e+01
2.0042e-02,    6.5297e-01,    1.6000e+01
2.0227e-02,    6.5297e-01,    1.6000e+01
2.0415e-02,    6.5297e-01,    1.6000e+01
2.0604e-02,    6.5297e-01,    1.6000e+01
2.0794e-02,    6.5297e-01,    1.6000e+01
2.0987e-02,    6.5297e-01,    1.6000e+01
2.1181e-02,    6.5297e-01,    1.6000e+01
2.1377e-02,    6.5297e-01,    1.6000e+01
2.1575e-02,    6.5297e-01,    1.6000e+01
2.1775e-02,    6.5297e-01,    1.6000e+01
2.1977e-02,    6.5297e-01,    1.6000e+01
2.2180e-02,    6.5297e-01,    1.6000e+01
2.2385e-02,    6.5297e-01,    1.6000e+01
2.2593e-02,    6.5297e-01,    1.6000e+01
2.2802e-02,    6.5297e-01,    1.6000e+01
2.3013e-02,    6.5297e-01,    1.6000e+01
2.3226e-02,    6.5296e-01,    1.6000e+01
2.3441e-02,    6.5296e-01,    1.6000e+01
2.3658e-02,    6.5296e-01,    1.6000e+01
2.3877e-02,    6.5296e-01,    1.6000e+01
2.4098e-02,    6.5296e-01,    1.6000e+01
2.4321e-02,    6.5296e-01,    1.6000e+01
2.4546e-02,    6.5296e-01,    1.6000e+01
2.4774e-02,    6.5296e-01,    1.6000e+01
2.5003e-02,    6.5296e-01,    1.6000e+01
2.5235e-02,    6.5296e-01,    1.6000e+01
2.5468e-02,    6.5296e-01,    1.6000e+01
2.5704e-02,    6.5296e-01,    1.6000e+01
2.5942e-02,    6.5296e-01,    1.6000e+01
2.6182e-02,    6.5296e-01,    1.6000e+01
2.6425e-02,    6.5296e-01,    1.6000e+01
2.6669e-02,    6.5296e-01,    1.6000e+01
2.6916e-02,    6.5296e-01,    1.6000e+01
2.7165e-02,    6.5296e-01,    1.6000e+01
2.7417e-02,    6.5296e-01,    1.6000e+01
2.7671e-02,    6.5296e-01,    1.6000e+01
2.7927e-02,    6.5295e-01,    1.6000e+01
2.8186e-02,    6.5295e-01,    1.6000e+01
2.8447e-02,    6.5295e-01,    1.6000e+01
2.8710e-02,    6.5295e-01,    1.6000e+01
2.8976e-02,    6.5295e-01,    1.6000e+01
2.9244e-02,    6.5295e-01,    1.6000e+01
2.9515e-02,    6.5295e-01,    1.6000e+01
2.9788e-02,    6.5295e-01,    1.6000e+01
3.0064e-02,    6.5295e-01,    1.6000e+01
3.0342e-02,    6.5295e-01,    1.6000e+01
3.0623e-02,    6.5295e-01,    1.6000e+01
3.0907e-02,    6.5295e-01,    1.6000e+01
3.1193e-02,    6.5295e-01,    1.6000e+01
3.1482e-02,    6.5295e-01,    1.6000e+01
3.1773e-02,    6.5294e-01,    1.6000e+01
3.2067e-02,    6.5294e-01,    1.6000e+01
3.2364e-02,    6.5294e-01,    1.6000e+01
3.2664e-02,    6.5294e-01,    1.6000e+01
3.2966e-02,    6.5294e-01,    1.6000e+01
3.3271e-02,    6.5294e-01,    1.6000e+01
3.3579e-02,    6.5294e-01,    1.6000e+01
3.3890e-02,    6.5294e-01,    1.6000e+01
3.4204e-02,    6.5294e-01,    1.6000e+01
3.4521e-02,    6.5294e-01,    1.6000e+01
3.4840e-02,    6.5294e-01,    1.6000e+01
3.5163e-02,    6.5294e-01,    1.6000e+01
3.5489e-02,    6.5293e-01,    1.6000e+01
3.5817e-02,    6.5293e-01,    1.6000e+01
3.6149e-02,    6.5293e-01,    1.6000e+01
3.6483e-02,    6.5293e-01,    1.6000e+01
3.6821e-02,    6.5293e-01,    1.6000e+01
3.7162e-02,    6.5293e-01,    1.6000e+01
3.7506e-02,    6.5293e-01,    1.6000e+01
3.7854e-02,    6.5293e-01,    1.6000e+01
3.8204e-02,    6.5293e-01,    1.6000e+01
3.8558e-02,    6.5292e-01,    1.6000e+01
3.8915e-02,    6.5292e-01,    1.6000e+01
3.9275e-02,    6.5292e-01,    1.6000e+01
3.9639e-02,    6.5292e-01,    1.6000e+01
4.0006e-02,    6.5292e-01,    1.6000e+01
4.0376e-02,    6.5292e-01,    1.6000e+01
4.0750e-02,    6.5292e-01,    1.6000e+01
4.1127e-02,    6.5292e-01,    1.6000e+01
4.1508e-02,    6.5291e-01,    1.6000e+01
4.1892e-02,    6.5291e-01,    1.6000e+01
4.2280e-02,    6.5291e-01,    1.6000e+01
4.2672e-02,    6.5291e-01,    1.6000e+01
4.3067e-02,    6.5291e-01,    1.6000e+01
4.3465e-02,    6.5291e-01,    1.6000e+01
4.3868e-02,    6.5291e-01,    1.6000e+01
4.4274e-02,    6.5290e-01,    1.6000e+01
4.4684e-02,    6.5290e-01,    1.6000e+01
4.5098e-02,    6.5290e-01,    1.6000e+01
4.5515e-02,    6.5290e-01,    1.6000e+01
4.5937e-02,    6.5290e-01,    1.6000e+01
4.6362e-02,    6.5290e-01,    1.6000e+01
4.6791e-02,    6.5289e-01,    1.6000e+01
4.7224e-02,    6.5289e-01,    1.6000e+01
4.7662e-02,    6.5289e-01,    1.6000e+01
4.8103e-02,    6.5289e-01,    1.6000e+01
4.8548e-02,    6.5289e-01,    1.6000e+01
4.8998e-02,    6.5289e-01,    1.6000e+01
4.9451e-02,    6.5288e-01,    1.6000e+01
4.9909e-02,    6.5288e-01,    1.6000e+01
5.0371e-02,    6.5288e-01,    1.6000e+01
5.0838e-02,    6.5288e-01,    1.6000e+01
5.1308e-02,    6.5288e-01,    1.6000e+01
5.1784e-02,    6.5287e-01,    1.6000e+01
5.2263e-02,    6.5287e-01,    1.6000e+01
5.2747e-02,    6.5287e-01,    1.6000e+01
5.3235e-02,    6.5287e-01,    1.6000e+01
5.3728e-02,    6.5286e-01,    1.6000e+01
5.4226e-02,    6.5286e-01,    1.6000e+01
5.4728e-02,    6.5286e-01,    1.6000e+01
5.5234e-02,    6.5286e-01,    1.6000e+01
5.5746e-02,    6.5286e-01,    1.6000e+01
5.6262e-02,    6.5285e-01,    1.6000e+01
5.6783e-02,    6.5285e-01,    1.6000e+01
5.7309e-02,    6.5285e-01,    1.6000e+01
5.7839e-02,    6.5285e-01,    1.6000e+01
5.8375e-02,    6.5284e-01,    1.6000e+01
5.8915e-02,    6.5284e-01,    1.6000e+01
5.9461e-02,    6.5284e-01,    1.6000e+01
6.0011e-02,    6.5283e-01,    1.6000e+01
6.0567e-02,    6.5283e-01,    1.6000e+01
6.1127e-02,    6.5283e-01,    1.6000e+01
6.1693e-02,    6.5283e-01,    1.6000e+01
6.2265e-02,    6.5282e-01,    1.6000e+01
6.2841e-02,    6.5282e-01,    1.6000e+01
6.3423e-02,    6.5282e-01,    1.6000e+01
6.4010e-02,    6.5281e-01,    1.6000e+01
6.4603e-02,    6.5281e-01,    1.6000e+01
6.5201e-02,    6.5281e-01,    1.6000e+01
6.5805e-02,    6.5280e-01,    1.6000e+01
6.6414e-02,    6.5280e-01,    1.6000e+01
6.7029e-02,    6.5280e-01,    1.6000e+01
6.7649e-02,    6.5279e-01,    1.6000e+01
6.8276e-02,    6.5279e-01,    1.6000e+01
6.8908e-02,    6.5279e-01,    1.6000e+01
6.9546e-02,    6.5278e-01,    1.6000e+01
7.0190e-02,    6.5278e-01,    1.6000e+01
7.0840e-02,    6.5277e-01,    1.6000e+01
7.1496e-02,    6.5277e-01,    1.6000e+01
7.2158e-02,    6.5277e-01,    1.6000e+01
7.2826e-02,    6.5276e-01,    1.6000e+01
7.3500e-02,    6.5276e-01,    1.6000e+01
7.4180e-02,    6.5275e-01,    1.6000e+01
7.4867e-02,    6.5275e-01,    1.6000e+01
7.5560e-02,    6.5274e-01,    1.6000e+01
7.6260e-02,    6.5274e-01,    1.6000e+01
7.6966e-02,    6.5274e-01,    1.6000e+01
7.7679e-02,    6.5273e-01,    1.6000e+01
7.8398e-02,    6.5273e-01,    1.6000e+01
7.9124e-02,    6.5272e-01,    1.6000e+01
7.9856e-02,    6.5272e-01,    1.6000e+01
8.0596e-02,    6.5271e-01,    1.6000e+01
8.1342e-02,    6.5271e-01,    1.6000e+01
8.2095e-02,    6.5270e-01,    1.6000e+01
8.2855e-02,    6.5270e-01,    1.6000e+01
8.3622e-02,    6.5269e-01,    1.6000e+01
8.4396e-02,    6.5268e-01,    1.6000e+01
8.5178e-02,    6.5268e-01,    1.6000e+01
8.5966e-02,    6.5267e-01,    1.6000e+01
8.6762e-02,    6.5267e-01,    1.6000e+01
8.7566e-02,    6.5266e-01,    1.6000e+01
8.8376e-02,    6.5266e-01,    1.6000e+01
8.9195e-02,    6.5265e-01,    1.6000e+01
9.0021e-02,    6.5264e-01,    1.6000e+01
9.0854e-02,    6.5264e-01,    1.6000e+01
9.1695e-02,    6.5263e-01,    1.6000e+01
9.2544e-02,    6.5262e-01,    1.6000e+01
9.3401e-02,    6.5262e-01,    1.6000e+01
9.4266e-02,    6.5261e-01,    1.6000e+01
9.5139e-02,    6.5260e-01,    1.6000e+01
9.6019e-02,    6.5260e-01,    1.6000e+01
9.6908e-02,    6.5259e-01,    1.6000e+01
9.7806e-02,    6.5258e-01,    1.6000e+01
9.8711e-02,    6.5257e-01,    1.6000e+01
9.9625e-02,    6.5257e-01,    1.6000e+01
1.0055e-01,    6.5256e-01,    1.6000e+01
1.0148e-01,    6.5255e-01,    1.6000e+01
1.0242e-01,    6.5254e-01,    1.6000e+01
1.0337e-01,    6.5253e-01,    1.6000e+01
1.0432e-01,    6.5252e-01,    1.6000e+01
1.0529e-01,    6.5252e-01,    1.6000e+01
1.0626e-01,    6.5251e-01,    1.6000e+01
1.0725e-01,    6.5250e-01,    1.6000e+01
1.0824e-01,    6.5249e-01,    1.6000e+01
1.0924e-01,    6.5248e-01,    1.6000e+01
1.1025e-01,    6.5247e-01,    1.6000e+01
1.1128e-01,    6.5246e-01,    1.6000e+01
1.1231e-01,    6.5245e-01,    1.6000e+01
1.1335e-01,    6.5244e-01,    1.6000e+01
1.1439e-01,    6.5243e-01,    1.6000e+01
1.1545e-01,    6.5242e-01,    1.6000e+01
1.1652e-01,    6.5241e-01,    1.6000e+01
1.1760e-01,    6.5240e-01,    1.6000e+01
1.1869e-01,    6.5239e-01,    1.6000e+01
1.1979e-01,    6.5238e-01,    1.6000e+01
1.2090e-01,    6.5237e-01,    1.6000e+01
1.2202e-01,    6.5235e-01,    1.6000e+01
1.2315e-01,    6.5234e-01,    1.6000e+01
1.2429e-01,    6.5233e-01,    1.6000e+01
1.2544e-01,    6.5232e-01,    1.6000e+01
1.2660e-01,    6.5231e-01,    1.6000e+01
1.2777e-01,    6.5229e-01,    1.6000e+01
1.2896e-01,    6.5228e-01,    1.6000e+01
1.3015e-01,    6.5227e-01,    1.6000e+01
1.3135e-01,    6.5225e-01,    1.6000e+01
1.3257e-01,    6.5224e-01,    1.6000e+01
1.3380e-01,    6.5223e-01,    1.6000e+01
1.3504e-01,    6.5221e-01,    1.6000e+01
1.3629e-01,    6.5220e-01,    1.6000e+01
1.3755e-01,    6.5218e-01,    1.6000e+01
1.3882e-01,    6.5217e-01,    1.6000e+01
1.4011e-01,    6.5215e-01,    1.6000e+01
1.4140e-01,    6.5214e-01,    1.6000e+01
1.4271e-01,    6.5212e-01,    1.6000e+01
1.4404e-01,    6.5211e-01,    1.6000e+01
1.4537e-01,    6.5209e-01,    1.6000e+01
1.4671e-01,    6.5207e-01,    1.6000e+01
1.4807e-01,    6.5205e-01,    1.6000e+01
1.4944e-01,    6.5204e-01,    1.6000e+01
1.5083e-01,    6.5202e-01,    1.6000e+01
1.5222e-01,    6.5200e-01,    1.6000e+01
1.5363e-01,    6.5198e-01,    1.6000e+01
1.5506e-01,    6.5197e-01,    1.6000e+01
1.5649e-01,    6.5195e-01,    1.6000e+01
1.5794e-01,    6.5193e-01,    1.6000e+01
1.5940e-01,    6.5191e-01,    1.6000e+01
1.6088e-01,    6.5189e-01,    1.6000e+01
1.6237e-01,    6.5187e-01,    1.6000e+01
1.6387e-01,    6.5185e-01,    1.6000e+01
1.6539e-01,    6.5182e-01,    1.6000e+01
1.6692e-01,    6.5180e-01,    1.6000e+01
1.6847e-01,    6.5178e-01,    1.6000e+01
1.7003e-01,    6.5176e-01,    1.6000e+01
1.7160e-01,    6.5174e-01,    1.6000e+01
1.7319e-01,    6.5171e-01,    1.6000e+01
1.7479e-01,    6.5169e-01,    1.6000e+01
1.7641e-01,    6.5166e-01,    1.6000e+01
1.7804e-01,    6.5164e-01,    1.6000e+01
1.7969e-01,    6.5162e-01,    1.6000e+01
1.8136e-01,    6.5159e-01,    1.6000e+01
1.8304e-01,    6.5156e-01,    1.6000e+01
1.8473e-01,    6.5154e-01,    1.6000e+01
1.8644e-01,    6.5151e-01,    1.6000e+01
1.8817e-01,    6.5148e-01,    1.6000e+01
1.8991e-01,    6.5146e-01,    1.6000e+01
1.9167e-01,    6.5143e-01,    1.6000e+01
1.9344e-01,    6.5140e-01,    1.6000e+01
1.9523e-01,    6.5137e-01,    1.6000e+01
1.9704e-01,    6.5134e-01,    1.6000e+01
1.9886e-01,    6.5131e-01,    1.6000e+01
2.0071e-01,    6.5128e-01,    1.6000e+01
2.0256e-01,    6.5125e-01,    1.6000e+01
2.0444e-01,    6.5121e-01,    1.6000e+01
2.0633e-01,    6.5118e-01,    1.6000e+01
2.0824e-01,    6.5115e-01,    1.6000e+01
2.1017e-01,    6.5111e-01,    1.6000e+01
2.1212e-01,    6.5108e-01,    1.6000e+01
2.1408e-01,    6.5104e-01,    1.6000e+01
2.1606e-01,    6.5101e-01,    1.6000e+01
2.1806e-01,    6.5097e-01,    1.6000e+01
2.2008e-01,    6.5093e-01,    1.6000e+01
2.2212e-01,    6.5089e-01,    1.6000e+01
2.2418e-01,    6.5086e-01,    1.6000e+01
2.2625e-01,    6.5082e-01,    1.6000e+01
2.2835e-01,    6.5078e-01,    1.6000e+01
2.3046e-01,    6.5073e-01,    1.6000e+01
2.3259e-01,    6.5069e-01,    1.6000e+01
2.3475e-01,    6.5065e-01,    1.6000e+01
2.3692e-01,    6.5061e-01,    1.6000e+01
2.3911e-01,    6.5056e-01,    1.6000e+01
2.4133e-01,    6.5052e-01,    1.6000e+01
2.4356e-01,    6.5047e-01,    1.6000e+01
2.4582e-01,    6.5043e-01,    1.6000e+01
2.4809e-01,    6.5038e-01,    1.6000e+01
2.5039e-01,    6.5033e-01,    1.6000e+01
2.5271e-01,    6.5028e-01,    1.6000e+01
2.5505e-01,    6.5023e-01,    1.6000e+01
2.5741e-01,    6.5018e-01,    1.6000e+01
2.5979e-01,    6.5013e-01,    1.6000e+01
2.6220e-01,    6.5008e-01,    1.6000e+01
2.6463e-01,    6.5002e-01,    1.6000e+01
2.6708e-01,    6.4997e-01,    1.6000e+01
2.6955e-01,    6.4991e-01,    1.6000e+01
2.7205e-01,    6.4985e-01,    1.6000e+01
2.7456e-01,    6.4980e-01,    1.6000e+01
2.7711e-01,    6.4974e-01,    1.6000e+01
2.7967e-01,    6.4968e-01,    1.6000e+01
2.8226e-01,    6.4962e-01,    1.6000e+01
2.8488e-01,    6.4955e-01,    1.6000e+01
2.8751e-01,    6.4949e-01,    1.6000e+01
2.9017e-01,    6.4943e-01,    1.6000e+01
2.9286e-01,    6.4936e-01,    1.6000e+01
2.9557e-01,    6.4929e-01,    1.6000e+01
2.9831e-01,    6.4923e-01,    1.6000e+01
3.0107e-01,    6.4916e-01,    1.6000e+01
3.0386e-01,    6.4909e-01,    1.6000e+01
3.0667e-01,    6.4901e-01,    1.6000e+01
3.0951e-01,    6.4894e-01,    1.6000e+01
3.1238e-01,    6.4887e-01,    1.6000e+01
3.1527e-01,    6.4879e-01,    1.6000e+01
3.1819e-01,    6.4871e-01,    1.6000e+01
3.2113e-01,    6.4863e-01,    1.6000e+01
3.2411e-01,    6.4855e-01,    1.6000e+01
3.2711e-01,    6.4847e-01,    1.6000e+01
3.3014e-01,    6.4839e-01,    1.6000e+01
3.3319e-01,    6.4830e-01,    1.6000e+01
3.3628e-01,    6.4822e-01,    1.6000e+01
3.3939e-01,    6.4813e-01,    1.6000e+01
3.4253e-01,    6.4804e-01,    1.6000e+01
3.4571e-01,    6.4795e-01,    1.6000e+01
3.4891e-01,    6.4786e-01,    1.6000e+01
3.5214e-01,    6.4776e-01,    1.6000e+01
3.5540e-01,    6.4767e-01,    1.6000e+01
3.5869e-01,    6.4757e-01,    1.6000e+01
3.6201e-01,    6.4747e-01,    1.6000e+01
3.6536e-01,    6.4737e-01,    1.6000e+01
3.6874e-01,    6.4726e-01,    1.6000e+01
3.7216e-01,    6.4716e-01,    1.6000e+01
3.7560e-01,    6.4705e-01,    1.6000e+01
3.7908e-01,    6.4694e-01,    1.6000e+01
3.8259e-01,    6.4683e-01,    1.6000e+01
3.8613e-01,    6.4672e-01,    1.6000e+01
3.8971e-01,    6.4660e-01,    1.6000e+01
3.9332e-01,    6.4649e-01,    1.6000e+01
3.9696e-01,    6.4637e-01,    1.6000e+01
4.0063e-01,    6.4625e-01,    1.6000e+01
4.0434e-01,    6.4612e-01,    1.6000e+01
4.0809e-01,    6.4600e-01,    1.6000e+01
4.1186e-01,    6.4587e-01,    1.6000e+01
4.1568e-01,    6.4574e-01,    1.6000e+01
4.1953e-01,    6.4561e-01,    1.6000e+01
4.2341e-01,    6.4547e-01,    1.6000e+01
4.2733e-01,    6.4533e-01,    1.6000e+01
4.3129e-01,    6.4519e-01,    1.6000e+01
4.3528e-01,    6.4505e-01,    1.6000e+01
4.3931e-01,    6.4491e-01,    1.6000e+01
4.4338e-01,    6.4476e-01,    1.6000e+01
4.4748e-01,    6.4461e-01,    1.6000e+01
4.5163e-01,    6.4446e-01,    1.6000e+01
4.5581e-01,    6.4430e-01,    1.6000e+01
4.6003e-01,    6.4414e-01,    1.6000e+01
4.6429e-01,    6.4398e-01,    1.6000e+01
4.6859e-01,    6.4382e-01,    1.6000e+01
4.7292e-01,    6.4365e-01,    1.6000e+01
4.7730e-01,    6.4348e-01,    1.6000e+01
4.8172e-01,    6.4330e-01,    1.6000e+01
4.8618e-01,    6.4313e-01,    1.6000e+01
4.9068e-01,    6.4295e-01,    1.6000e+01
4.9523e-01,    6.4277e-01,    1.6000e+01
4.9981e-01,    6.4258e-01,    1.6000e+01
5.0444e-01,    6.4239e-01,    1.6000e+01
5.0911e-01,    6.4220e-01,    1.6000e+01
5.1382e-01,    6.4200e-01,    1.6000e+01
5.1858e-01,    6.4180e-01,    1.6000e+01
5.2338e-01,    6.4160e-01,    1.6000e+01
5.2823e-01,    6.4139e-01,    1.6000e+01
5.3312e-01,    6.4118e-01,    1.6000e+01
5.3806e-01,    6.4097e-01,    1.6000e+01
5.4304e-01,    6.4075e-01,    1.6000e+01
5.4806e-01,    6.4053e-01,    1.6000e+01
5.5314e-01,    6.4031e-01,    1.6000e+01
5.5826e-01,    6.4008e-01,    1.6000e+01
5.6343e-01,    6.3984e-01,    1.6000e+01
5.6865e-01,    6.3961e-01,    1.6000e+01
5.7391e-01,    6.3937e-01,    1.6000e+01
5.7922e-01,    6.3912e-01,    1.6000e+01
5.8459e-01,    6.3887e-01,    1.6000e+01
5.9000e-01,    6.3861e-01,    1.6000e+01
5.9546e-01,    6.3836e-01,    1.6000e+01
6.0098e-01,    6.3809e-01,    1.6000e+01
6.0654e-01,    6.3782e-01,    1.6000e+01
6.1216e-01,    6.3755e-01,    1.6000e+01
6.1782e-01,    6.3727e-01,    1.6000e+01
6.2354e-01,    6.3699e-01,    1.6000e+01
6.2932e-01,    6.3671e-01,    1.6000e+01
6.3514e-01,    6.3641e-01,    1.6000e+01
6.4102e-01,    6.3612e-01,    1.6000e+01
6.4696e-01,    6.3581e-01,    1.6000e+01
6.5295e-01,    6.3551e-01,    1.6000e+01
6.5899e-01,    6.3519e-01,    1.6000e+01
6.6510e-01,    6.3488e-01,    1.6000e+01
6.7125e-01,    6.3455e-01,    1.6000e+01
6.7747e-01,    6.3422e-01,    1.6000e+01
6.8374e-01,    6.3389e-01,    1.6000e+01
6.9007e-01,    6.3355e-01,    1.6000e+01
6.9646e-01,    6.3320e-01,    1.6000e+01
7.0291e-01,    6.3285e-01,    1.6000e+01
7.0942e-01,    6.3249e-01,    1.6000e+01
7.1599e-01,    6.3213e-01,    1.6000e+01
7.2262e-01,    6.3176e-01,    1.6000e+01
7.2931e-01,    6.3138e-01,    1.6000e+01
7.3606e-01,    6.3100e-01,    1.6000e+01
7.4287e-01,    6.3061e-01,    1.6000e+01
7.4975e-01,    6.3022e-01,    1.6000e+01
7.5669e-01,    6.2981e-01,    1.6000e+01
7.6370e-01,    6.2940e-01,    1.6000e+01
7.7077e-01,    6.2899e-01,    1.6000e+01
7.7791e-01,    6.2857e-01,    1.6000e+01
7.8511e-01,    6.2814e-01,    1.6000e+01
7.9238e-01,    6.2770e-01,    1.6000e+01
7.9971e-01,    6.2726e-01,    1.6000e+01
8.0712e-01,    6.2680e-01,    1.6000e+01
8.1459e-01,    6.2635e-01,    1.6000e+01
8.2213e-01,    6.2588e-01,    1.6000e+01
8.2974e-01,    6.2540e-01,    1.6000e+01
8.3743e-01,    6.2492e-01,    1.6000e+01
8.4518e-01,    6.2443e-01,    1.6000e+01
8.5301e-01,    6.2394e-01,    1.6000e+01
8.6090e-01,    6.2343e-01,    1.6000e+01
8.6887e-01,    6.2292e-01,    1.6000e+01
8.7692e-01,    6.2239e-01,    1.6000e+01
8.8504e-01,    6.2186e-01,    1.6000e+01
8.9323e-01,    6.2132e-01,    1.6000e+01
9.0150e-01,    6.2078e-01,    1.6000e+01
9.0985e-01,    6.2022e-01,    1.6000e+01
9.1827e-01,    6.1965e-01,    1.6000e+01
9.2678e-01,    6.1908e-01,    1.6000e+01
9.3536e-01,    6.1850e-01,    1.6000e+01
9.4402e-01,    6.1790e-01,    1.6000e+01
9.5276e-01,    6.1730e-01,    1.6000e+01
9.6158e-01,    6.1669e-01,    1.6000e+01
9.7048e-01,    6.1607e-01,    1.6000e+01
9.7947e-01,    6.1544e-01,    1.6000e+01
9.8854e-01,    6.1480e-01,    1.6000e+01
9.9769e-01,    6.1415e-01,    1.6000e+01
1.0069e+00,    6.1349e-01,    1.6000e+01
1.0162e+00,    6.1281e-01,    1.6000e+01
1.0257e+00,    6.1213e-01,    1.6000e+01
1.0352e+00,    6.1144e-01,    1.6000e+01
1.0447e+00,    6.1074e-01,    1.6000e+01
1.0544e+00,    6.1003e-01,    1.6000e+01
1.0642e+00,    6.0930e-01,    1.6000e+01
1.0740e+00,    6.0857e-01,    1.6000e+01
1.0840e+00,    6.0782e-01,    1.6000e+01
1.0940e+00,    6.0707e-01,    1.6000e+01
1.1041e+00,    6.0630e-01,    1.6000e+01
1.1144e+00,    6.0552e-01,    1.6000e+01
1.1247e+00,    6.0473e-01,    1.6000e+01
1.1351e+00,    6.0393e-01,    1.6000e+01
1.1456e+00,    6.0311e-01,    1.6000e+01
1.1562e+00,    6.0229e-01,    1.6000e+01
1.1669e+00,    6.0145e-01,    1.6000e+01
1.1777e+00,    6.0060e-01,    1.6000e+01
1.1886e+00,    5.9973e-01,    1.6000e+01
1.1996e+00,    5.9886e-01,    1.6000e+01
1.2107e+00,    5.9797e-01,    1.6000e+01
1.2219e+00,    5.9707e-01,    1.6000e+01
1.2333e+00,    5.9616e-01,    1.6000e+01
1.2447e+00,    5.9523e-01,    1.6000e+01
1.2562e+00,    5.9430e-01,    1.6000e+01
1.2678e+00,    5.9335e-01,    1.6000e+01
1.2796e+00,    5.9238e-01,    1.6000e+01
1.2914e+00,    5.9140e-01,    1.6000e+01
1.3034e+00,    5.9041e-01,    1.6000e+01
1.3154e+00,    5.8941e-01,    1.6000e+01
1.3276e+00,    5.8839e-01,    1.6000e+01
1.3399e+00,    5.8736e-01,    1.6000e+01
1.3523e+00,    5.8631e-01,    1.6000e+01
1.3648e+00,    5.8525e-01,    1.6000e+01
1.3775e+00,    5.8418e-01,    1.6000e+01
1.3902e+00,    5.8309e-01,    1.6000e+01
1.4031e+00,    5.8199e-01,    1.6000e+01
1.4161e+00,    5.8087e-01,    1.6000e+01
1.4292e+00,    5.7974e-01,    1.6000e+01
1.4424e+00,    5.7860e-01,    1.6000e+01
1.4558e+00,    5.7744e-01,    1.6000e+01
1.4693e+00,    5.7627e-01,    1.6000e+01
1.4829e+00,    5.7508e-01,    1.6000e+01
1.4966e+00,    5.7387e-01,    1.6000e+01
1.5105e+00,    5.7266e-01,    1.6000e+01
1.5244e+00,    5.7142e-01,    1.6000e+01
1.5386e+00,    5.7017e-01,    1.6000e+01
1.5528e+00,    5.6891e-01,    1.6000e+01
1.5672e+00,    5.6763e-01,    1.6000e+01
1.5817e+00,    5.6634e-01,    1.6000e+01
1.5963e+00,    5.6503e-01,    1.6000e+01
1.6111e+00,    5.6371e-01,    1.6000e+01
1.6260e+00,    5.6237e-01,    1.6000e+01
1.6411e+00,    5.6102e-01,    1.6000e+01
1.6563e+00,    5.5965e-01,    1.6000e+01
1.6716e+00,    5.5826e-01,    1.6000e+01
1.6871e+00,    5.5686e-01,    1.6000e+01
1.7027e+00,    5.5544e-01,    1.6000e+01
1.7185e+00,    5.5401e-01,    1.6000e+01
1.7344e+00,    5.5257e-01,    1.6000e+01
1.7504e+00,    5.5110e-01,    1.6000e+01
1.7666e+00,    5.4963e-01,    1.6000e+01
1.7830e+00,    5.4813e-01,    1.6000e+01
1.7995e+00,    5.4662e-01,    1.6000e+01
1.8162e+00,    5.4510e-01,    1.6000e+01
1.8330e+00,    5.4356e-01,    1.6000e+01
1.8500e+00,    5.4201e-01,    1.6000e+01
1.8671e+00,    5.4043e-01,    1.6000e+01
1.8844e+00,    5.3885e-01,    1.6000e+01
1.9018e+00,    5.3725e-01,    1.6000e+01
1.9194e+00,    5.3563e-01,    1.6000e+01
1.9372e+00,    5.3400e-01,    1.6000e+01
1.9551e+00,    5.3235e-01,    1.6000e+01
1.9732e+00,    5.3069e-01,    1.6000e+01
1.9915e+00,    5.2901e-01,    1.6000e+01
2.0099e+00,    5.2732e-01,    1.6000e+01
2.0286e+00,    5.2561e-01,    1.6000e+01
2.0473e+00,    5.2389e-01,    1.6000e+01
2.0663e+00,    5.2215e-01,    1.6000e+01
2.0854e+00,    5.2040e-01,    1.6000e+01
2.1047e+00,    5.1863e-01,    1.6000e+01
2.1242e+00,    5.1685e-01,    1.6000e+01
2.1439e+00,    5.1505e-01,    1.6000e+01
2.1637e+00,    5.1324e-01,    1.6000e+01
2.1838e+00,    5.1142e-01,    1.6000e+01
2.2040e+00,    5.0958e-01,    1.6000e+01
2.2244e+00,    5.0773e-01,    1.6000e+01
2.2450e+00,    5.0586e-01,    1.6000e+01
2.2658e+00,    5.0398e-01,    1.6000e+01
2.2868e+00,    5.0209e-01,    1.6000e+01
2.3079e+00,    5.0018e-01,    1.6000e+01
2.3293e+00,    4.9826e-01,    1.6000e+01
2.3509e+00,    4.9633e-01,    1.6000e+01
2.3726e+00,    4.9438e-01,    1.6000e+01
2.3946e+00,    4.9242e-01,    1.6000e+01
2.4168e+00,    4.9045e-01,    1.6000e+01
2.4391e+00,    4.8847e-01,    1.6000e+01
2.4617e+00,    4.8647e-01,    1.6000e+01
2.4845e+00,    4.8446e-01,    1.6000e+01
2.5075e+00,    4.8244e-01,    1.6000e+01
2.5307e+00,    4.8041e-01,    1.6000e+01
2.5542e+00,    4.7837e-01,    1.6000e+01
2.5778e+00,    4.7631e-01,    1.6000e+01
2.6017e+00,    4.7425e-01,    1.6000e+01
2.6258e+00,    4.7217e-01,    1.6000e+01
2.6501e+00,    4.7008e-01,    1.6000e+01
2.6746e+00,    4.6799e-01,    1.6000e+01
2.6994e+00,    4.6588e-01,    1.6000e+01
2.7244e+00,    4.6376e-01,    1.6000e+01
2.7496e+00,    4.6164e-01,    1.6000e+01
2.7751e+00,    4.5950e-01,    1.6000e+01
2.8008e+00,    4.5736e-01,    1.6000e+01
2.8267e+00,    4.5520e-01,    1.6000e+01
2.8529e+00,    4.5304e-01,    1.6000e+01
2.8793e+00,    4.5087e-01,    1.6000e+01
2.9059e+00,    4.4869e-01,    1.6000e+01
2.9328e+00,    4.4650e-01,    1.6000e+01
2.9600e+00,    4.4431e-01,    1.6000e+01
2.9874e+00,    4.4211e-01,    1.6000e+01
3.0151e+00,    4.3990e-01,    1.6000e+01
3.0430e+00,    4.3769e-01,    1.6000e+01
3.0711e+00,    4.3546e-01,    1.6000e+01
3.0996e+00,    4.3324e-01,    1.6000e+01
3.1283e+00,    4.3100e-01,    1.6000e+01
3.1572e+00,    4.2876e-01,    1.6000e+01
3.1865e+00,    4.2652e-01,    1.6000e+01
3.2160e+00,    4.2427e-01,    1.6000e+01
3.2457e+00,    4.2202e-01,    1.6000e+01
3.2758e+00,    4.1976e-01,    1.6000e+01
3.3061e+00,    4.1750e-01,    1.6000e+01
3.3367e+00,    4.1523e-01,    1.6000e+01
3.3676e+00,    4.1296e-01,    1.6000e+01
3.3988e+00,    4.1068e-01,    1.6000e+01
3.4303e+00,    4.0841e-01,    1.6000e+01
3.4620e+00,    4.0613e-01,    1.6000e+01
3.4941e+00,    4.0385e-01,    1.6000e+01
3.5264e+00,    4.0156e-01,    1.6000e+01
3.5591e+00,    3.9928e-01,    1.6000e+01
3.5920e+00,    3.9699e-01,    1.6000e+01
3.6253e+00,    3.9470e-01,    1.6000e+01
3.6589e+00,    3.9241e-01,    1.6000e+01
3.6927e+00,    3.9012e-01,    1.6000e+01
3.7269e+00,    3.8783e-01,    1.6000e+01
3.7614e+00,    3.8553e-01,    1.6000e+01
3.7963e+00,    3.8324e-01,    1.6000e+01
3.8314e+00,    3.8095e-01,    1.6000e+01
3.8669e+00,    3.7866e-01,    1.6000e+01
3.9027e+00,    3.7637e-01,    1.6000e+01
3.9388e+00,    3.7408e-01,    1.6000e+01
3.9753e+00,    3.7179e-01,    1.6000e+01
4.0121e+00,    3.6951e-01,    1.6000e+01
4.0493e+00,    3.6722e-01,    1.6000e+01
4.0867e+00,    3.6494e-01,    1.6000e+01
4.1246e+00,    3.6266e-01,    1.6000e+01
4.1628e+00,    3.6038e-01,    1.6000e+01
4.2013e+00,    3.5811e-01,    1.6000e+01
4.2402e+00,    3.5584e-01,    1.6000e+01
4.2795e+00,    3.5357e-01,    1.6000e+01
4.3191e+00,    3.5130e-01,    1.6000e+01
4.3591e+00,    3.4904e-01,    1.6000e+01
4.3994e+00,    3.4679e-01,    1.6000e+01
4.4402e+00,    3.4453e-01,    1.6000e+01
4.4813e+00,    3.4229e-01,    1.6000e+01
4.5228e+00,    3.4004e-01,    1.6000e+01
4.5646e+00,    3.3780e-01,    1.6000e+01
4.6069e+00,    3.3557e-01,    1.6000e+01
4.6496e+00,    3.3334e-01,    1.6000e+01
4.6926e+00,    3.3112e-01,    1.6000e+01
4.7361e+00,    3.2890e-01,    1.6000e+01
4.7799e+00,    3.2669e-01,    1.6000e+01
4.8242e+00,    3.2448e-01,    1.6000e+01
4.8688e+00,    3.2228e-01,    1.6000e+01
4.9139e+00,    3.2009e-01,    1.6000e+01
4.9594e+00,    3.1790e-01,    1.6000e+01
5.0053e+00,    3.1572e-01,    1.6000e+01
5.0517e+00,    3.1355e-01,    1.6000e+01
5.0984e+00,    3.1138e-01,    1.6000e+01
5.1456e+00,    3.0922e-01,    1.6000e+01
5.1933e+00,    3.0707e-01,    1.6000e+01
5.2414e+00,    3.0493e-01,    1.6000e+01
5.2899e+00,    3.0279e-01,    1.6000e+01
5.3389e+00,    3.0066e-01,    1.6000e+01
5.3883e+00,    2.9854e-01,    1.6000e+01
5.4382e+00,    2.9642e-01,    1.6000e+01
5.4885e+00,    2.9432e-01,    1.6000e+01
5.5394e+00,    2.9222e-01,    1.6000e+01
5.5907e+00,    2.9013e-01,    1.6000e+01
5.6424e+00,    2.8805e-01,    1.6000e+01
5.6947e+00,    2.8598e-01,    1.6000e+01
5.7474e+00,    2.8392e-01,    1.6000e+01
5.8006e+00,    2.8186e-01,    1.6000e+01
5.8543e+00,    2.7982e-01,    1.6000e+01
5.9085e+00,    2.7778e-01,    1.6000e+01
5.9632e+00,    2.7575e-01,    1.6000e+01
6.0184e+00,    2.7374e-01,    1.6000e+01
6.0741e+00,    2.7173e-01,    1.6000e+01
6.1304e+00,    2.6973e-01,    1.6000e+01
6.1871e+00,    2.6774e-01,    1.6000e+01
6.2444e+00,    2.6576e-01,    1.6000e+01
6.3022e+00,    2.6378e-01,    1.6000e+01
6.3606e+00,    2.6182e-01,    1.6000e+01
6.4195e+00,    2.5987e-01,    1.6000e+01
6.4789e+00,    2.5793e-01,    1.6000e+01
6.5389e+00,    2.5600e-01,    1.6000e+01
6.5994e+00,    2.5407e-01,    1.6000e+01
6.6605e+00,    2.5216e-01,    1.6000e+01
6.7222e+00,    2.5026e-01,    1.6000e+01
6.7845e+00,    2.4836e-01,    1.6000e+01
6.8473e+00,    2.4648e-01,    1.6000e+01
6.9107e+00,    2.4461e-01,    1.6000e+01
6.9746e+00,    2.4275e-01,    1.6000e+01
7.0392e+00,    2.4089e-01,    1.6000e+01
7.1044e+00,    2.3905e-01,    1.6000e+01
7.1702e+00,    2.3722e-01,    1.6000e+01
7.2366e+00,    2.3540e-01,    1.6000e+01
7.3036e+00,    2.3359e-01,    1.6000e+01
7.3712e+00,    2.3178e-01,    1.6000e+01
7.4394e+00,    2.2999e-01,    1.6000e+01
7.5083e+00,    2.2821e-01,    1.6000e+01
7.5778e+00,    2.2644e-01,    1.6000e+01
7.6480e+00,    2.2468e-01,    1.6000e+01
7.7188e+00,    2.2293e-01,    1.6000e+01
7.7903e+00,    2.2119e-01,    1.6000e+01
7.8624e+00,    2.1946e-01,    1.6000e+01
7.9352e+00,    2.1775e-01,    1.6000e+01
8.0087e+00,    2.1604e-01,    1.6000e+01
8.0828e+00,    2.1434e-01,    1.6000e+01
8.1576e+00,    2.1265e-01,    1.6000e+01
8.2332e+00,    2.1098e-01,    1.6000e+01
8.3094e+00,    2.0931e-01,    1.6000e+01
8.3863e+00,    2.0765e-01,    1.6000e+01
8.4640e+00,    2.0601e-01,    1.6000e+01
8.5424e+00,    2.0437e-01,    1.6000e+01
8.6214e+00,    2.0275e-01,    1.6000e+01
8.7013e+00,    2.0113e-01,    1.6000e+01
8.7818e+00,    1.9953e-01,    1.6000e+01
8.8631e+00,    1.9793e-01,    1.6000e+01
8.9452e+00,    1.9635e-01,    1.6000e+01
9.0280e+00,    1.9478e-01,    1.6000e+01
9.1116e+00,    1.9321e-01,    1.6000e+01
9.1960e+00,    1.9166e-01,    1.6000e+01
9.2811e+00,    1.9012e-01,    1.6000e+01
9.3670e+00,    1.8859e-01,    1.6000e+01
9.4538e+00,    1.8706e-01,    1.6000e+01
9.5413e+00,    1.8555e-01,    1.6000e+01
9.6296e+00,    1.8405e-01,    1.6000e+01
9.7188e+00,    1.8256e-01,    1.6000e+01
9.8088e+00,    1.8108e-01,    1.6000e+01
9.8996e+00,    1.7960e-01,    1.6000e+01
9.9913e+00,    1.7814e-01,    1.6000e+01
1.0084e+01,    1.7669e-01,    1.6000e+01
1.0177e+01,    1.7525e-01,    1.6000e+01
1.0271e+01,    1.7382e-01,    1.6000e+01
1.0366e+01,    1.7240e-01,    1.6000e+01
1.0462e+01,    1.7099e-01,    1.6000e+01
1.0559e+01,    1.6958e-01,    1.6000e+01
1.0657e+01,    1.6819e-01,    1.6000e+01
1.0756e+01,    1.6681e-01,    1.6000e+01
1.0855e+01,    1.6544e-01,    1.6000e+01
1.0956e+01,    1.6407e-01,    1.6000e+01
1.1057e+01,    1.6272e-01,    1.6000e+01
1.1160e+01,    1.6138e-01,    1.6000e+01
1.1263e+01,    1.6004e-01,    1.6000e+01
1.1367e+01,    1.5872e-01,    1.6000e+01
1.1472e+01,    1.5741e-01,    1.6000e+01
1.1579e+01,    1.5610e-01,    1.6000e+01
1.1686e+01,    1.5480e-01,    1.6000e+01
1.1794e+01,    1.5352e-01,    1.6000e+01
1.1903e+01,    1.5224e-01,    1.6000e+01
1.2014e+01,    1.5097e-01,    1.6000e+01
1.2125e+01,    1.4971e-01,    1.6000e+01
1.2237e+01,    1.4847e-01,    1.6000e+01
1.2350e+01,    1.4723e-01,    1.6000e+01
1.2465e+01,    1.4600e-01,    1.6000e+01
1.2580e+01,    1.4477e-01,    1.6000e+01
1.2697e+01,    1.4356e-01,    1.6000e+01
1.2814e+01,    1.4236e-01,    1.6000e+01
1.2933e+01,    1.4116e-01,    1.6000e+01
1.3052e+01,    1.3998e-01,    1.6000e+01
1.3173e+01,    1.3880e-01,    1.6000e+01
1.3295e+01,    1.3763e-01,    1.6000e+01
1.3418e+01,    1.3647e-01,    1.6000e+01
1.3543e+01,    1.3532e-01,    1.6000e+01
1.3668e+01,    1.3418e-01,    1.6000e+01
1.3795e+01,    1.3305e-01,    1.6000e+01
1.3922e+01,    1.3192e-01,    1.6000e+01
1.4051e+01,    1.3081e-01,    1.6000e+01
1.4181e+01,    1.2970e-01,    1.6000e+01
1.4313e+01,    1.2860e-01,    1.6000e+01
1.4445e+01,    1.2751e-01,    1.6000e+01
1.4579e+01,    1.2643e-01,    1.6000e+01
1.4714e+01,    1.2536e-01,    1.6000e+01
1.4850e+01,    1.2429e-01,    1.6000e+01
1.4988e+01,    1.2323e-01,    1.6000e+01
1.5126e+01,    1.2218e-01,    1.6000e+01
1.5266e+01,    1.2114e-01,    1.6000e+01
1.5408e+01,    1.2011e-01,    1.6000e+01
1.5550e+01,    1.1909e-01,    1.6000e+01
1.5694e+01,    1.1807e-01,    1.6000e+01
1.5840e+01,    1.1706e-01,    1.6000e+01
1.5986e+01,    1.1606e-01,    1.6000e+01
1.6134e+01,    1.1507e-01,    1.6000e+01
1.6284e+01,    1.1408e-01,    1.6000e+01
1.6434e+01,    1.1310e-01,    1.6000e+01
1.6587e+01,    1.1214e-01,    1.6000e+01
1.6740e+01,    1.1117e-01,    1.6000e+01
1.6895e+01,    1.1022e-01,    1.6000e+01
1.7052e+01,    1.0927e-01,    1.6000e+01
1.7209e+01,    1.0833e-01,    1.6000e+01
1.7369e+01,    1.0740e-01,    1.6000e+01
1.7530e+01,    1.0648e-01,    1.6000e+01
1.7692e+01,    1.0556e-01,    1.6000e+01
1.7856e+01,    1.0465e-01,    1.6000e+01
1.8021e+01,    1.0375e-01,    1.6000e+01
1.8188e+01,    1.0285e-01,    1.6000e+01
1.8356e+01,    1.0196e-01,    1.6000e+01
1.8526e+01,    1.0108e-01,    1.6000e+01
1.8698e+01,    1.0021e-01,    1.6000e+01
1.8871e+01,    9.9343e-02,    1.6000e+01
1.9046e+01,    9.8483e-02,    1.6000e+01
1.9222e+01,    9.7631e-02,    1.6000e+01
1.9400e+01,    9.6785e-02,    1.6000e+01
1.9580e+01,    9.5946e-02,    1.6000e+01
1.9761e+01,    9.5114e-02,    1.6000e+01
1.9944e+01,    9.4288e-02,    1.6000e+01
2.0128e+01,    9.3470e-02,    1.6000e+01
2.0315e+01,    9.2658e-02,    1.6000e+01
2.0503e+01,    9.1852e-02,    1.6000e+01
2.0693e+01,    9.1053e-02,    1.6000e+01
2.0884e+01,    9.0261e-02,    1.6000e+01
2.1078e+01,    8.9475e-02,    1.6000e+01
2.1273e+01,    8.8696e-02,    1.6000e+01
2.1470e+01,    8.7923e-02,    1.6000e+01
2.1669e+01,    8.7157e-02,    1.6000e+01
2.1869e+01,    8.6396e-02,    1.6000e+01
2.2072e+01,    8.5643e-02,    1.6000e+01
2.2276e+01,    8.4895e-02,    1.6000e+01
2.2482e+01,    8.4153e-02,    1.6000e+01
2.2690e+01,    8.3418e-02,    1.6000e+01
2.2901e+01,    8.2688e-02,    1.6000e+01
2.3113e+01,    8.1965e-02,    1.6000e+01
2.3327e+01,    8.1248e-02,    1.6000e+01
2.3543e+01,    8.0536e-02,    1.6000e+01
2.3760e+01,    7.9831e-02,    1.6000e+01
2.3980e+01,    7.9131e-02,    1.6000e+01
2.4202e+01,    7.8438e-02,    1.6000e+01
2.4427e+01,    7.7750e-02,    1.6000e+01
2.4653e+01,    7.7067e-02,    1.6000e+01
2.4881e+01,    7.6391e-02,    1.6000e+01
2.5111e+01,    7.5720e-02,    1.6000e+01
2.5344e+01,    7.5055e-02,    1.6000e+01
2.5579e+01,    7.4395e-02,    1.6000e+01
2.5815e+01,    7.3741e-02,    1.6000e+01
2.6054e+01,    7.3092e-02,    1.6000e+01
2.6296e+01,    7.2449e-02,    1.6000e+01
2.6539e+01,    7.1811e-02,    1.6000e+01
2.6785e+01,    7.1179e-02,    1.6000e+01
2.7033e+01,    7.0552e-02,    1.6000e+01
2.7283e+01,    6.9930e-02,    1.6000e+01
2.7536e+01,    6.9314e-02,    1.6000e+01
2.7791e+01,    6.8702e-02,    1.6000e+01
2.8048e+01,    6.8096e-02,    1.6000e+01
2.8308e+01,    6.7495e-02,    1.6000e+01
2.8570e+01,    6.6899e-02,    1.6000e+01
2.8834e+01,    6.6308e-02,    1.6000e+01
2.9101e+01,    6.5722e-02,    1.6000e+01
2.9371e+01,    6.5141e-02,    1.6000e+01
2.9643e+01,    6.4565e-02,    1.6000e+01
2.9917e+01,    6.3994e-02,    1.6000e+01
3.0194e+01,    6.3428e-02,    1.6000e+01
3.0474e+01,    6.2867e-02,    1.6000e+01
3.0756e+01,    6.2310e-02,    1.6000e+01
3.1040e+01,    6.1758e-02,    1.6000e+01
3.1328e+01,    6.1211e-02,    1.6000e+01
3.1618e+01,    6.0669e-02,    1.6000e+01
3.1911e+01,    6.0131e-02,    1.6000e+01
3.2206e+01,    5.9598e-02,    1.6000e+01
3.2504e+01,    5.9069e-02,    1.6000e+01
3.2805e+01,    5.8545e-02,    1.6000e+01
3.3109e+01,    5.8025e-02,    1.6000e+01
3.3415e+01,    5.7510e-02,    1.6000e+01
3.3725e+01,    5.6999e-02,    1.6000e+01
3.4037e+01,    5.6493e-02,    1.6000e+01
3.4352e+01,    5.5991e-02,    1.6000e+01
3.4670e+01,    5.5493e-02,    1.6000e+01
3.4991e+01,    5.5000e-02,    1.6000e+01
3.5315e+01,    5.4510e-02,    1.6000e+01
3.5642e+01,    5.4025e-02,    1.6000e+01
3.5972e+01,    5.3545e-02,    1.6000e+01
3.6305e+01,    5.3068e-02,    1.6000e+01
3.6641e+01,    5.2595e-02,    1.6000e+01
3.6981e+01,    5.2127e-02,    1.6000e+01
3.7323e+01,    5.1663e-02,    1.6000e+01
3.7669e+01,    5.1202e-02,    1.6000e+01
3.8017e+01,    5.0746e-02,    1.6000e+01
3.8369e+01,    5.0293e-02,    1.6000e+01
3.8725e+01,    4.9845e-02,    1.6000e+01
3.9083e+01,    4.9400e-02,    1.6000e+01
3.9445e+01,    4.8959e-02,    1.6000e+01
3.9810e+01,    4.8522e-02,    1.6000e+01
4.0179e+01,    4.8089e-02,    1.6000e+01
4.0551e+01,    4.7660e-02,    1.6000e+01
4.0926e+01,    4.7234e-02,    1.6000e+01
4.1305e+01,    4.6812e-02,    1.6000e+01
4.1688e+01,    4.6394e-02,    1.6000e+01
4.2074e+01,    4.5979e-02,    1.6000e+01
4.2463e+01,    4.5568e-02,    1.6000e+01
4.2856e+01,    4.5161e-02,    1.6000e+01
4.3253e+01,    4.4757e-02,    1.6000e+01
4.3654e+01,    4.4356e-02,    1.6000e+01
4.4058e+01,    4.3959e-02,    1.6000e+01
4.4466e+01,    4.3566e-02,    1.6000e+01
4.4877e+01,    4.3176e-02,    1.6000e+01
4.5293e+01,    4.2789e-02,    1.6000e+01
4.5712e+01,    4.2406e-02,    1.6000e+01
4.6135e+01,    4.2026e-02,    1.6000e+01
4.6563e+01,    4.1650e-02,    1.6000e+01
4.6994e+01,    4.1276e-02,    1.6000e+01
4.7429e+01,    4.0907e-02,    1.6000e+01
4.7868e+01,    4.0540e-02,    1.6000e+01
4.8311e+01,    4.0176e-02,    1.6000e+01
4.8758e+01,    3.9816e-02,    1.6000e+01
4.9210e+01,    3.9459e-02,    1.6000e+01
4.9666e+01,    3.9105e-02,    1.6000e+01
5.0125e+01,    3.8754e-02,    1.6000e+01
5.0589e+01,    3.8406e-02,    1.6000e+01
5.1058e+01,    3.8061e-02,    1.6000e+01
5.1531e+01,    3.7719e-02,    1.6000e+01
5.2008e+01,    3.7381e-02,    1.6000e+01
5.2489e+01,    3.7045e-02,    1.6000e+01
5.2975e+01,    3.6712e-02,    1.6000e+01
5.3466e+01,    3.6382e-02,    1.6000e+01
5.3961e+01,    3.6055e-02,    1.6000e+01
5.4460e+01,    3.5731e-02,    1.6000e+01
5.4965e+01,    3.5410e-02,    1.6000e+01
5.5473e+01,    3.5092e-02,    1.6000e+01
5.5987e+01,    3.4776e-02,    1.6000e+01
5.6505e+01,    3.4463e-02,    1.6000e+01
5.7029e+01,    3.4153e-02,    1.6000e+01
5.7557e+01,    3.3846e-02,    1.6000e+01
5.8090e+01,    3.3541e-02,    1.6000e+01
5.8627e+01,    3.3239e-02,    1.6000e+01
5.9170e+01,    3.2940e-02,    1.6000e+01
5.9718e+01,    3.2643e-02,    1.6000e+01
6.0271e+01,    3.2349e-02,    1.6000e+01
6.0829e+01,    3.2058e-02,    1.6000e+01
6.1392e+01,    3.1769e-02,    1.6000e+01
6.1961e+01,    3.1483e-02,    1.6000e+01
6.2534e+01,    3.1199e-02,    1.6000e+01
6.3113e+01,    3.0918e-02,    1.6000e+01
6.3698e+01,    3.0640e-02,    1.6000e+01
6.4287e+01,    3.0363e-02,    1.6000e+01
6.4883e+01,    3.0090e-02,    1.6000e+01
6.5483e+01,    2.9818e-02,    1.6000e+01
6.6090e+01,    2.9549e-02,    1.6000e+01
6.6701e+01,    2.9283e-02,    1.6000e+01
6.7319e+01,    2.9019e-02,    1.6000e+01
6.7942e+01,    2.8757e-02,    1.6000e+01
6.8571e+01,    2.8497e-02,    1.6000e+01
6.9206e+01,    2.8240e-02,    1.6000e+01
6.9847e+01,    2.7985e-02,    1.6000e+01
7.0494e+01,    2.7733e-02,    1.6000e+01
7.1146e+01,    2.7482e-02,    1.6000e+01
7.1805e+01,    2.7234e-02,    1.6000e+01
7.2470e+01,    2.6988e-02,    1.6000e+01
7.3141e+01,    2.6744e-02,    1.6000e+01
7.3818e+01,    2.6503e-02,    1.6000e+01
7.4502e+01,    2.6263e-02,    1.6000e+01
7.5191e+01,    2.6026e-02,    1.6000e+01
7.5888e+01,    2.5791e-02,    1.6000e+01
7.6590e+01,    2.5558e-02,    1.6000e+01
7.7299e+01,    2.5327e-02,    1.6000e+01
7.8015e+01,    2.5098e-02,    1.6000e+01
7.8737e+01,    2.4871e-02,    1.6000e+01
7.9466e+01,    2.4646e-02,    1.6000e+01
8.0202e+01,    2.4423e-02,    1.6000e+01
8.0945e+01,    2.4202e-02,    1.6000e+01
8.1694e+01,    2.3983e-02,    1.6000e+01
8.2450e+01,    2.3766e-02,    1.6000e+01
8.3214e+01,    2.3551e-02,    1.6000e+01
8.3984e+01,    2.3338e-02,    1.6000e+01
8.4762e+01,    2.3127e-02,    1.6000e+01
8.5547e+01,    2.2918e-02,    1.6000e+01
8.6339e+01,    2.2710e-02,    1.6000e+01
8.7138e+01,    2.2505e-02,    1.6000e+01
8.7945e+01,    2.2301e-02,    1.6000e+01
8.8759e+01,    2.2099e-02,    1.6000e+01
8.9581e+01,    2.1899e-02,    1.6000e+01
9.0410e+01,    2.1701e-02,    1.6000e+01
9.1247e+01,    2.1504e-02,    1.6000e+01
9.2092e+01,    2.1309e-02,    1.6000e+01
9.2945e+01,    2.1116e-02,    1.6000e+01
9.3805e+01,    2.0925e-02,    1.6000e+01
9.4674e+01,    2.0735e-02,    1.6000e+01
9.5550e+01,    2.0547e-02,    1.6000e+01
9.6435e+01,    2.0361e-02,    1.6000e+01
9.7328e+01,    2.0177e-02,    1.6000e+01
9.8229e+01,    1.9994e-02,    1.6000e+01
9.9139e+01,    1.9813e-02,    1.6000e+01
1.0006e+02,    1.9633e-02,    1.6000e+01
1.0098e+02,    1.9455e-02,    1.6000e+01
1.0192e+02,    1.9279e-02,    1.6000e+01
1.0286e+02,    1.9104e-02,    1.6000e+01
