# Force βfL, Rxyy^2, Persistence Length λ
1.6393e-01,    4.0364e-02,    3.1250e-02
1.6545e-01,    4.0364e-02,    3.1250e-02
1.6698e-01,    4.0364e-02,    3.1250e-02
1.6852e-01,    4.0364e-02,    3.1250e-02
1.7009e-01,    4.0364e-02,    3.1250e-02
1.7166e-01,    4.0364e-02,    3.1250e-02
1.7325e-01,    4.0364e-02,    3.1250e-02
1.7485e-01,    4.0364e-02,    3.1250e-02
1.7647e-01,    4.0364e-02,    3.1250e-02
1.7811e-01,    4.0364e-02,    3.1250e-02
1.7976e-01,    4.0364e-02,    3.1250e-02
1.8142e-01,    4.0364e-02,    3.1250e-02
1.8310e-01,    4.0364e-02,    3.1250e-02
1.8479e-01,    4.0364e-02,    3.1250e-02
1.8651e-01,    4.0364e-02,    3.1250e-02
1.8823e-01,    4.0364e-02,    3.1250e-02
1.8997e-01,    4.0364e-02,    3.1250e-02
1.9173e-01,    4.0364e-02,    3.1250e-02
1.9351e-01,    4.0364e-02,    3.1250e-02
1.9530e-01,    4.0364e-02,    3.1250e-02
1.9711e-01,    4.0364e-02,    3.1250e-02
1.9893e-01,    4.0364e-02,    3.1250e-02
2.0078e-01,    4.0363e-02,    3.1250e-02
2.0263e-01,    4.0363e-02,    3.1250e-02
2.0451e-01,    4.0363e-02,    3.1250e-02
2.0640e-01,    4.0363e-02,    3.1250e-02
2.0832e-01,    4.0363e-02,    3.1250e-02
2.1024e-01,    4.0363e-02,    3.1250e-02
2.1219e-01,    4.0363e-02,    3.1250e-02
2.1416e-01,    4.0363e-02,    3.1250e-02
2.1614e-01,    4.0363e-02,    3.1250e-02
2.1814e-01,    4.0363e-02,    3.1250e-02
2.2016e-01,    4.0363e-02,    3.1250e-02
2.2220e-01,    4.0363e-02,    3.1250e-02
2.2425e-01,    4.0363e-02,    3.1250e-02
2.2633e-01,    4.0363e-02,    3.1250e-02
2.2843e-01,    4.0363e-02,    3.1250e-02
2.3054e-01,    4.0363e-02,    3.1250e-02
2.3268e-01,    4.0363e-02,    3.1250e-02
2.3483e-01,    4.0363e-02,    3.1250e-02
2.3700e-01,    4.0363e-02,    3.1250e-02
2.3920e-01,    4.0363e-02,    3.1250e-02
2.4141e-01,    4.0363e-02,    3.1250e-02
2.4365e-01,    4.0363e-02,    3.1250e-02
2.4590e-01,    4.0363e-02,    3.1250e-02
2.4818e-01,    4.0363e-02,    3.1250e-02
2.5048e-01,    4.0363e-02,    3.1250e-02
2.5280e-01,    4.0363e-02,    3.1250e-02
2.5514e-01,    4.0363e-02,    3.1250e-02
2.5750e-01,    4.0363e-02,    3.1250e-02
2.5989e-01,    4.0363e-02,    3.1250e-02
2.6229e-01,    4.0363e-02,    3.1250e-02
2.6472e-01,    4.0363e-02,    3.1250e-02
2.6717e-01,    4.0363e-02,    3.1250e-02
2.6964e-01,    4.0363e-02,    3.1250e-02
2.7214e-01,    4.0363e-02,    3.1250e-02
2.7466e-01,    4.0363e-02,    3.1250e-02
2.7720e-01,    4.0363e-02,    3.1250e-02
2.7977e-01,    4.0363e-02,    3.1250e-02
2.8236e-01,    4.0363e-02,    3.1250e-02
2.8497e-01,    4.0363e-02,    3.1250e-02
2.8761e-01,    4.0363e-02,    3.1250e-02
2.9028e-01,    4.0363e-02,    3.1250e-02
2.9296e-01,    4.0363e-02,    3.1250e-02
2.9568e-01,    4.0363e-02,    3.1250e-02
2.9841e-01,    4.0363e-02,    3.1250e-02
3.0118e-01,    4.0363e-02,    3.1250e-02
3.0397e-01,    4.0363e-02,    3.1250e-02
3.0678e-01,    4.0363e-02,    3.1250e-02
3.0962e-01,    4.0362e-02,    3.1250e-02
3.1249e-01,    4.0362e-02,    3.1250e-02
3.1538e-01,    4.0362e-02,    3.1250e-02
3.1830e-01,    4.0362e-02,    3.1250e-02
3.2125e-01,    4.0362e-02,    3.1250e-02
3.2422e-01,    4.0362e-02,    3.1250e-02
3.2722e-01,    4.0362e-02,    3.1250e-02
3.3025e-01,    4.0362e-02,    3.1250e-02
3.3331e-01,    4.0362e-02,    3.1250e-02
3.3640e-01,    4.0362e-02,    3.1250e-02
3.3951e-01,    4.0362e-02,    3.1250e-02
3.4265e-01,    4.0362e-02,    3.1250e-02
3.4583e-01,    4.0362e-02,    3.1250e-02
3.4903e-01,    4.0362e-02,    3.1250e-02
3.5226e-01,    4.0362e-02,    3.1250e-02
3.5552e-01,    4.0362e-02,    3.1250e-02
3.5881e-01,    4.0362e-02,    3.1250e-02
3.6214e-01,    4.0362e-02,    3.1250e-02
3.6549e-01,    4.0362e-02,    3.1250e-02
3.6887e-01,    4.0362e-02,    3.1250e-02
3.7229e-01,    4.0362e-02,    3.1250e-02
3.7573e-01,    4.0362e-02,    3.1250e-02
3.7921e-01,    4.0362e-02,    3.1250e-02
3.8272e-01,    4.0362e-02,    3.1250e-02
3.8627e-01,    4.0361e-02,    3.1250e-02
3.8984e-01,    4.0361e-02,    3.1250e-02
3.9345e-01,    4.0361e-02,    3.1250e-02
3.9710e-01,    4.0361e-02,    3.1250e-02
4.0077e-01,    4.0361e-02,    3.1250e-02
4.0448e-01,    4.0361e-02,    3.1250e-02
4.0823e-01,    4.0361e-02,    3.1250e-02
4.1201e-01,    4.0361e-02,    3.1250e-02
4.1582e-01,    4.0361e-02,    3.1250e-02
4.1967e-01,    4.0361e-02,    3.1250e-02
4.2356e-01,    4.0361e-02,    3.1250e-02
4.2748e-01,    4.0361e-02,    3.1250e-02
4.3144e-01,    4.0361e-02,    3.1250e-02
4.3543e-01,    4.0361e-02,    3.1250e-02
4.3946e-01,    4.0361e-02,    3.1250e-02
4.4353e-01,    4.0361e-02,    3.1250e-02
4.4764e-01,    4.0361e-02,    3.1250e-02
4.5178e-01,    4.0360e-02,    3.1250e-02
4.5597e-01,    4.0360e-02,    3.1250e-02
4.6019e-01,    4.0360e-02,    3.1250e-02
4.6445e-01,    4.0360e-02,    3.1250e-02
4.6875e-01,    4.0360e-02,    3.1250e-02
4.7309e-01,    4.0360e-02,    3.1250e-02
4.7747e-01,    4.0360e-02,    3.1250e-02
4.8189e-01,    4.0360e-02,    3.1250e-02
4.8635e-01,    4.0360e-02,    3.1250e-02
4.9086e-01,    4.0360e-02,    3.1250e-02
4.9540e-01,    4.0360e-02,    3.1250e-02
4.9999e-01,    4.0360e-02,    3.1250e-02
5.0462e-01,    4.0360e-02,    3.1250e-02
5.0929e-01,    4.0359e-02,    3.1250e-02
5.1400e-01,    4.0359e-02,    3.1250e-02
5.1876e-01,    4.0359e-02,    3.1250e-02
5.2357e-01,    4.0359e-02,    3.1250e-02
5.2841e-01,    4.0359e-02,    3.1250e-02
5.3331e-01,    4.0359e-02,    3.1250e-02
5.3824e-01,    4.0359e-02,    3.1250e-02
5.4323e-01,    4.0359e-02,    3.1250e-02
5.4826e-01,    4.0359e-02,    3.1250e-02
5.5333e-01,    4.0359e-02,    3.1250e-02
5.5846e-01,    4.0359e-02,    3.1250e-02
5.6363e-01,    4.0358e-02,    3.1250e-02
5.6885e-01,    4.0358e-02,    3.1250e-02
5.7411e-01,    4.0358e-02,    3.1250e-02
5.7943e-01,    4.0358e-02,    3.1250e-02
5.8479e-01,    4.0358e-02,    3.1250e-02
5.9021e-01,    4.0358e-02,    3.1250e-02
5.9567e-01,    4.0358e-02,    3.1250e-02
6.0119e-01,    4.0358e-02,    3.1250e-02
6.0675e-01,    4.0357e-02,    3.1250e-02
6.1237e-01,    4.0357e-02,    3.1250e-02
6.1804e-01,    4.0357e-02,    3.1250e-02
6.2376e-01,    4.0357e-02,    3.1250e-02
6.2954e-01,    4.0357e-02,    3.1250e-02
6.3537e-01,    4.0357e-02,    3.1250e-02
6.4125e-01,    4.0357e-02,    3.1250e-02
6.4719e-01,    4.0357e-02,    3.1250e-02
6.5318e-01,    4.0356e-02,    3.1250e-02
6.5923e-01,    4.0356e-02,    3.1250e-02
6.6533e-01,    4.0356e-02,    3.1250e-02
6.7149e-01,    4.0356e-02,    3.1250e-02
6.7771e-01,    4.0356e-02,    3.1250e-02
6.8398e-01,    4.0356e-02,    3.1250e-02
6.9031e-01,    4.0356e-02,    3.1250e-02
6.9671e-01,    4.0355e-02,    3.1250e-02
7.0316e-01,    4.0355e-02,    3.1250e-02
7.0967e-01,    4.0355e-02,    3.1250e-02
7.1624e-01,    4.0355e-02,    3.1250e-02
7.2287e-01,    4.0355e-02,    3.1250e-02
7.2956e-01,    4.0354e-02,    3.1250e-02
7.3632e-01,    4.0354e-02,    3.1250e-02
7.4313e-01,    4.0354e-02,    3.1250e-02
7.5001e-01,    4.0354e-02,    3.1250e-02
7.5696e-01,    4.0354e-02,    3.1250e-02
7.6397e-01,    4.0354e-02,    3.1250e-02
7.7104e-01,    4.0353e-02,    3.1250e-02
7.7818e-01,    4.0353e-02,    3.1250e-02
7.8538e-01,    4.0353e-02,    3.1250e-02
7.9265e-01,    4.0353e-02,    3.1250e-02
7.9999e-01,    4.0353e-02,    3.1250e-02
8.0740e-01,    4.0352e-02,    3.1250e-02
8.1488e-01,    4.0352e-02,    3.1250e-02
8.2242e-01,    4.0352e-02,    3.1250e-02
8.3004e-01,    4.0352e-02,    3.1250e-02
8.3772e-01,    4.0351e-02,    3.1250e-02
8.4548e-01,    4.0351e-02,    3.1250e-02
8.5330e-01,    4.0351e-02,    3.1250e-02
8.6120e-01,    4.0351e-02,    3.1250e-02
8.6918e-01,    4.0350e-02,    3.1250e-02
8.7723e-01,    4.0350e-02,    3.1250e-02
8.8535e-01,    4.0350e-02,    3.1250e-02
8.9355e-01,    4.0350e-02,    3.1250e-02
9.0182e-01,    4.0349e-02,    3.1250e-02
9.1017e-01,    4.0349e-02,    3.1250e-02
9.1859e-01,    4.0349e-02,    3.1250e-02
9.2710e-01,    4.0349e-02,    3.1250e-02
9.3568e-01,    4.0348e-02,    3.1250e-02
9.4435e-01,    4.0348e-02,    3.1250e-02
9.5309e-01,    4.0348e-02,    3.1250e-02
9.6191e-01,    4.0347e-02,    3.1250e-02
9.7082e-01,    4.0347e-02,    3.1250e-02
9.7981e-01,    4.0347e-02,    3.1250e-02
9.8888e-01,    4.0346e-02,    3.1250e-02
9.9804e-01,    4.0346e-02,    3.1250e-02
1.0073e+00,    4.0346e-02,    3.1250e-02
1.0166e+00,    4.0345e-02,    3.1250e-02
1.0260e+00,    4.0345e-02,    3.1250e-02
1.0355e+00,    4.0345e-02,    3.1250e-02
1.0451e+00,    4.0344e-02,    3.1250e-02
1.0548e+00,    4.0344e-02,    3.1250e-02
1.0645e+00,    4.0344e-02,    3.1250e-02
1.0744e+00,    4.0343e-02,    3.1250e-02
1.0843e+00,    4.0343e-02,    3.1250e-02
1.0944e+00,    4.0342e-02,    3.1250e-02
1.1045e+00,    4.0342e-02,    3.1250e-02
1.1147e+00,    4.0342e-02,    3.1250e-02
1.1251e+00,    4.0341e-02,    3.1250e-02
1.1355e+00,    4.0341e-02,    3.1250e-02
1.1460e+00,    4.0340e-02,    3.1250e-02
1.1566e+00,    4.0340e-02,    3.1250e-02
1.1673e+00,    4.0339e-02,    3.1250e-02
1.1781e+00,    4.0339e-02,    3.1250e-02
1.1890e+00,    4.0338e-02,    3.1250e-02
1.2000e+00,    4.0338e-02,    3.1250e-02
1.2112e+00,    4.0337e-02,    3.1250e-02
1.2224e+00,    4.0337e-02,    3.1250e-02
1.2337e+00,    4.0336e-02,    3.1250e-02
1.2451e+00,    4.0336e-02,    3.1250e-02
1.2566e+00,    4.0335e-02,    3.1250e-02
1.2683e+00,    4.0335e-02,    3.1250e-02
1.2800e+00,    4.0334e-02,    3.1250e-02
1.2919e+00,    4.0334e-02,    3.1250e-02
1.3038e+00,    4.0333e-02,    3.1250e-02
1.3159e+00,    4.0333e-02,    3.1250e-02
1.3281e+00,    4.0332e-02,    3.1250e-02
1.3404e+00,    4.0331e-02,    3.1250e-02
1.3528e+00,    4.0331e-02,    3.1250e-02
1.3653e+00,    4.0330e-02,    3.1250e-02
1.3780e+00,    4.0330e-02,    3.1250e-02
1.3907e+00,    4.0329e-02,    3.1250e-02
1.4036e+00,    4.0328e-02,    3.1250e-02
1.4166e+00,    4.0328e-02,    3.1250e-02
1.4297e+00,    4.0327e-02,    3.1250e-02
1.4429e+00,    4.0326e-02,    3.1250e-02
1.4563e+00,    4.0325e-02,    3.1250e-02
1.4698e+00,    4.0325e-02,    3.1250e-02
1.4834e+00,    4.0324e-02,    3.1250e-02
1.4971e+00,    4.0323e-02,    3.1250e-02
1.5110e+00,    4.0323e-02,    3.1250e-02
1.5250e+00,    4.0322e-02,    3.1250e-02
1.5391e+00,    4.0321e-02,    3.1250e-02
1.5533e+00,    4.0320e-02,    3.1250e-02
1.5677e+00,    4.0319e-02,    3.1250e-02
1.5822e+00,    4.0318e-02,    3.1250e-02
1.5969e+00,    4.0318e-02,    3.1250e-02
1.6117e+00,    4.0317e-02,    3.1250e-02
1.6266e+00,    4.0316e-02,    3.1250e-02
1.6417e+00,    4.0315e-02,    3.1250e-02
1.6569e+00,    4.0314e-02,    3.1250e-02
1.6722e+00,    4.0313e-02,    3.1250e-02
1.6877e+00,    4.0312e-02,    3.1250e-02
1.7033e+00,    4.0311e-02,    3.1250e-02
1.7191e+00,    4.0310e-02,    3.1250e-02
1.7350e+00,    4.0309e-02,    3.1250e-02
1.7511e+00,    4.0308e-02,    3.1250e-02
1.7673e+00,    4.0307e-02,    3.1250e-02
1.7836e+00,    4.0306e-02,    3.1250e-02
1.8001e+00,    4.0305e-02,    3.1250e-02
1.8168e+00,    4.0304e-02,    3.1250e-02
1.8336e+00,    4.0303e-02,    3.1250e-02
1.8506e+00,    4.0302e-02,    3.1250e-02
1.8677e+00,    4.0301e-02,    3.1250e-02
1.8850e+00,    4.0299e-02,    3.1250e-02
1.9025e+00,    4.0298e-02,    3.1250e-02
1.9201e+00,    4.0297e-02,    3.1250e-02
1.9379e+00,    4.0296e-02,    3.1250e-02
1.9558e+00,    4.0294e-02,    3.1250e-02
1.9739e+00,    4.0293e-02,    3.1250e-02
1.9922e+00,    4.0292e-02,    3.1250e-02
2.0107e+00,    4.0290e-02,    3.1250e-02
2.0293e+00,    4.0289e-02,    3.1250e-02
2.0481e+00,    4.0288e-02,    3.1250e-02
2.0670e+00,    4.0286e-02,    3.1250e-02
2.0862e+00,    4.0285e-02,    3.1250e-02
2.1055e+00,    4.0283e-02,    3.1250e-02
2.1250e+00,    4.0282e-02,    3.1250e-02
2.1446e+00,    4.0280e-02,    3.1250e-02
2.1645e+00,    4.0279e-02,    3.1250e-02
2.1845e+00,    4.0277e-02,    3.1250e-02
2.2048e+00,    4.0276e-02,    3.1250e-02
2.2252e+00,    4.0274e-02,    3.1250e-02
2.2458e+00,    4.0272e-02,    3.1250e-02
2.2666e+00,    4.0271e-02,    3.1250e-02
2.2876e+00,    4.0269e-02,    3.1250e-02
2.3087e+00,    4.0267e-02,    3.1250e-02
2.3301e+00,    4.0265e-02,    3.1250e-02
2.3517e+00,    4.0263e-02,    3.1250e-02
2.3735e+00,    4.0262e-02,    3.1250e-02
2.3954e+00,    4.0260e-02,    3.1250e-02
2.4176e+00,    4.0258e-02,    3.1250e-02
2.4400e+00,    4.0256e-02,    3.1250e-02
2.4626e+00,    4.0254e-02,    3.1250e-02
2.4854e+00,    4.0252e-02,    3.1250e-02
2.5084e+00,    4.0250e-02,    3.1250e-02
2.5316e+00,    4.0248e-02,    3.1250e-02
2.5551e+00,    4.0245e-02,    3.1250e-02
2.5787e+00,    4.0243e-02,    3.1250e-02
2.6026e+00,    4.0241e-02,    3.1250e-02
2.6267e+00,    4.0239e-02,    3.1250e-02
2.6510e+00,    4.0236e-02,    3.1250e-02
2.6756e+00,    4.0234e-02,    3.1250e-02
2.7003e+00,    4.0232e-02,    3.1250e-02
2.7253e+00,    4.0229e-02,    3.1250e-02
2.7506e+00,    4.0227e-02,    3.1250e-02
2.7760e+00,    4.0224e-02,    3.1250e-02
2.8017e+00,    4.0221e-02,    3.1250e-02
2.8277e+00,    4.0219e-02,    3.1250e-02
2.8539e+00,    4.0216e-02,    3.1250e-02
2.8803e+00,    4.0213e-02,    3.1250e-02
2.9069e+00,    4.0211e-02,    3.1250e-02
2.9339e+00,    4.0208e-02,    3.1250e-02
2.9610e+00,    4.0205e-02,    3.1250e-02
2.9884e+00,    4.0202e-02,    3.1250e-02
3.0161e+00,    4.0199e-02,    3.1250e-02
3.0440e+00,    4.0196e-02,    3.1250e-02
3.0722e+00,    4.0193e-02,    3.1250e-02
3.1007e+00,    4.0190e-02,    3.1250e-02
3.1294e+00,    4.0186e-02,    3.1250e-02
3.1583e+00,    4.0183e-02,    3.1250e-02
3.1876e+00,    4.0180e-02,    3.1250e-02
3.2171e+00,    4.0176e-02,    3.1250e-02
3.2469e+00,    4.0173e-02,    3.1250e-02
3.2769e+00,    4.0169e-02,    3.1250e-02
3.3073e+00,    4.0166e-02,    3.1250e-02
3.3379e+00,    4.0162e-02,    3.1250e-02
3.3688e+00,    4.0158e-02,    3.1250e-02
3.4000e+00,    4.0155e-02,    3.1250e-02
3.4315e+00,    4.0151e-02,    3.1250e-02
3.4633e+00,    4.0147e-02,    3.1250e-02
3.4953e+00,    4.0143e-02,    3.1250e-02
3.5277e+00,    4.0139e-02,    3.1250e-02
3.5603e+00,    4.0134e-02,    3.1250e-02
3.5933e+00,    4.0130e-02,    3.1250e-02
3.6266e+00,    4.0126e-02,    3.1250e-02
3.6602e+00,    4.0122e-02,    3.1250e-02
3.6940e+00,    4.0117e-02,    3.1250e-02
3.7282e+00,    4.0113e-02,    3.1250e-02
3.7628e+00,    4.0108e-02,    3.1250e-02
3.7976e+00,    4.0103e-02,    3.1250e-02
3.8328e+00,    4.0098e-02,    3.1250e-02
3.8682e+00,    4.0093e-02,    3.1250e-02
3.9041e+00,    4.0088e-02,    3.1250e-02
3.9402e+00,    4.0083e-02,    3.1250e-02
3.9767e+00,    4.0078e-02,    3.1250e-02
4.0135e+00,    4.0073e-02,    3.1250e-02
4.0507e+00,    4.0068e-02,    3.1250e-02
4.0882e+00,    4.0062e-02,    3.1250e-02
4.1260e+00,    4.0057e-02,    3.1250e-02
4.1642e+00,    4.0051e-02,    3.1250e-02
4.2028e+00,    4.0045e-02,    3.1250e-02
4.2417e+00,    4.0039e-02,    3.1250e-02
4.2810e+00,    4.0033e-02,    3.1250e-02
4.3206e+00,    4.0027e-02,    3.1250e-02
4.3606e+00,    4.0021e-02,    3.1250e-02
4.4010e+00,    4.0015e-02,    3.1250e-02
4.4417e+00,    4.0009e-02,    3.1250e-02
4.4829e+00,    4.0002e-02,    3.1250e-02
4.5244e+00,    3.9995e-02,    3.1250e-02
4.5662e+00,    3.9989e-02,    3.1250e-02
4.6085e+00,    3.9982e-02,    3.1250e-02
4.6512e+00,    3.9975e-02,    3.1250e-02
4.6943e+00,    3.9968e-02,    3.1250e-02
4.7377e+00,    3.9960e-02,    3.1250e-02
4.7816e+00,    3.9953e-02,    3.1250e-02
4.8259e+00,    3.9945e-02,    3.1250e-02
4.8705e+00,    3.9938e-02,    3.1250e-02
4.9156e+00,    3.9930e-02,    3.1250e-02
4.9611e+00,    3.9922e-02,    3.1250e-02
5.0071e+00,    3.9914e-02,    3.1250e-02
5.0534e+00,    3.9906e-02,    3.1250e-02
5.1002e+00,    3.9897e-02,    3.1250e-02
5.1474e+00,    3.9889e-02,    3.1250e-02
5.1951e+00,    3.9880e-02,    3.1250e-02
5.2432e+00,    3.9871e-02,    3.1250e-02
5.2918e+00,    3.9862e-02,    3.1250e-02
5.3407e+00,    3.9853e-02,    3.1250e-02
5.3902e+00,    3.9844e-02,    3.1250e-02
5.4401e+00,    3.9835e-02,    3.1250e-02
5.4905e+00,    3.9825e-02,    3.1250e-02
5.5413e+00,    3.9815e-02,    3.1250e-02
5.5926e+00,    3.9805e-02,    3.1250e-02
5.6444e+00,    3.9795e-02,    3.1250e-02
5.6966e+00,    3.9785e-02,    3.1250e-02
5.7494e+00,    3.9774e-02,    3.1250e-02
5.8026e+00,    3.9763e-02,    3.1250e-02
5.8563e+00,    3.9753e-02,    3.1250e-02
5.9106e+00,    3.9741e-02,    3.1250e-02
5.9653e+00,    3.9730e-02,    3.1250e-02
6.0205e+00,    3.9719e-02,    3.1250e-02
6.0763e+00,    3.9707e-02,    3.1250e-02
6.1325e+00,    3.9695e-02,    3.1250e-02
6.1893e+00,    3.9683e-02,    3.1250e-02
6.2466e+00,    3.9671e-02,    3.1250e-02
6.3044e+00,    3.9658e-02,    3.1250e-02
6.3628e+00,    3.9645e-02,    3.1250e-02
6.4217e+00,    3.9632e-02,    3.1250e-02
6.4812e+00,    3.9619e-02,    3.1250e-02
6.5412e+00,    3.9606e-02,    3.1250e-02
6.6018e+00,    3.9592e-02,    3.1250e-02
6.6629e+00,    3.9578e-02,    3.1250e-02
6.7246e+00,    3.9564e-02,    3.1250e-02
6.7868e+00,    3.9550e-02,    3.1250e-02
6.8497e+00,    3.9535e-02,    3.1250e-02
6.9131e+00,    3.9520e-02,    3.1250e-02
6.9771e+00,    3.9505e-02,    3.1250e-02
7.0417e+00,    3.9490e-02,    3.1250e-02
7.1069e+00,    3.9474e-02,    3.1250e-02
7.1727e+00,    3.9458e-02,    3.1250e-02
7.2391e+00,    3.9442e-02,    3.1250e-02
7.3061e+00,    3.9425e-02,    3.1250e-02
7.3738e+00,    3.9409e-02,    3.1250e-02
7.4420e+00,    3.9392e-02,    3.1250e-02
7.5109e+00,    3.9374e-02,    3.1250e-02
7.5805e+00,    3.9357e-02,    3.1250e-02
7.6507e+00,    3.9339e-02,    3.1250e-02
7.7215e+00,    3.9320e-02,    3.1250e-02
7.7930e+00,    3.9302e-02,    3.1250e-02
7.8651e+00,    3.9283e-02,    3.1250e-02
7.9380e+00,    3.9264e-02,    3.1250e-02
8.0115e+00,    3.9244e-02,    3.1250e-02
8.0856e+00,    3.9224e-02,    3.1250e-02
8.1605e+00,    3.9204e-02,    3.1250e-02
8.2361e+00,    3.9184e-02,    3.1250e-02
8.3123e+00,    3.9163e-02,    3.1250e-02
8.3893e+00,    3.9141e-02,    3.1250e-02
8.4669e+00,    3.9120e-02,    3.1250e-02
8.5453e+00,    3.9098e-02,    3.1250e-02
8.6245e+00,    3.9076e-02,    3.1250e-02
8.7043e+00,    3.9053e-02,    3.1250e-02
8.7849e+00,    3.9030e-02,    3.1250e-02
8.8662e+00,    3.9006e-02,    3.1250e-02
8.9483e+00,    3.8983e-02,    3.1250e-02
9.0312e+00,    3.8958e-02,    3.1250e-02
9.1148e+00,    3.8934e-02,    3.1250e-02
9.1992e+00,    3.8909e-02,    3.1250e-02
9.2844e+00,    3.8883e-02,    3.1250e-02
9.3703e+00,    3.8857e-02,    3.1250e-02
9.4571e+00,    3.8831e-02,    3.1250e-02
9.5446e+00,    3.8804e-02,    3.1250e-02
9.6330e+00,    3.8777e-02,    3.1250e-02
9.7222e+00,    3.8750e-02,    3.1250e-02
9.8122e+00,    3.8722e-02,    3.1250e-02
9.9031e+00,    3.8693e-02,    3.1250e-02
9.9947e+00,    3.8664e-02,    3.1250e-02
1.0087e+01,    3.8635e-02,    3.1250e-02
1.0181e+01,    3.8605e-02,    3.1250e-02
1.0275e+01,    3.8575e-02,    3.1250e-02
1.0370e+01,    3.8544e-02,    3.1250e-02
1.0466e+01,    3.8513e-02,    3.1250e-02
1.0563e+01,    3.8481e-02,    3.1250e-02
1.0661e+01,    3.8449e-02,    3.1250e-02
1.0759e+01,    3.8416e-02,    3.1250e-02
1.0859e+01,    3.8382e-02,    3.1250e-02
1.0960e+01,    3.8349e-02,    3.1250e-02
1.1061e+01,    3.8314e-02,    3.1250e-02
1.1164e+01,    3.8279e-02,    3.1250e-02
1.1267e+01,    3.8244e-02,    3.1250e-02
1.1371e+01,    3.8208e-02,    3.1250e-02
1.1476e+01,    3.8171e-02,    3.1250e-02
1.1583e+01,    3.8134e-02,    3.1250e-02
1.1690e+01,    3.8097e-02,    3.1250e-02
1.1798e+01,    3.8058e-02,    3.1250e-02
1.1907e+01,    3.8020e-02,    3.1250e-02
1.2018e+01,    3.7980e-02,    3.1250e-02
1.2129e+01,    3.7940e-02,    3.1250e-02
1.2241e+01,    3.7900e-02,    3.1250e-02
1.2355e+01,    3.7858e-02,    3.1250e-02
1.2469e+01,    3.7817e-02,    3.1250e-02
1.2584e+01,    3.7774e-02,    3.1250e-02
1.2701e+01,    3.7731e-02,    3.1250e-02
1.2819e+01,    3.7688e-02,    3.1250e-02
1.2937e+01,    3.7643e-02,    3.1250e-02
1.3057e+01,    3.7598e-02,    3.1250e-02
1.3178e+01,    3.7553e-02,    3.1250e-02
1.3300e+01,    3.7506e-02,    3.1250e-02
1.3423e+01,    3.7459e-02,    3.1250e-02
1.3547e+01,    3.7412e-02,    3.1250e-02
1.3673e+01,    3.7364e-02,    3.1250e-02
1.3799e+01,    3.7315e-02,    3.1250e-02
1.3927e+01,    3.7265e-02,    3.1250e-02
1.4056e+01,    3.7215e-02,    3.1250e-02
1.4186e+01,    3.7164e-02,    3.1250e-02
1.4318e+01,    3.7112e-02,    3.1250e-02
1.4450e+01,    3.7059e-02,    3.1250e-02
1.4584e+01,    3.7006e-02,    3.1250e-02
1.4719e+01,    3.6952e-02,    3.1250e-02
1.4855e+01,    3.6898e-02,    3.1250e-02
1.4993e+01,    3.6842e-02,    3.1250e-02
1.5132e+01,    3.6786e-02,    3.1250e-02
1.5272e+01,    3.6729e-02,    3.1250e-02
1.5413e+01,    3.6672e-02,    3.1250e-02
1.5556e+01,    3.6613e-02,    3.1250e-02
1.5700e+01,    3.6554e-02,    3.1250e-02
1.5845e+01,    3.6494e-02,    3.1250e-02
1.5992e+01,    3.6433e-02,    3.1250e-02
1.6140e+01,    3.6372e-02,    3.1250e-02
1.6289e+01,    3.6310e-02,    3.1250e-02
1.6440e+01,    3.6247e-02,    3.1250e-02
1.6592e+01,    3.6183e-02,    3.1250e-02
1.6746e+01,    3.6118e-02,    3.1250e-02
1.6901e+01,    3.6053e-02,    3.1250e-02
1.7058e+01,    3.5986e-02,    3.1250e-02
1.7215e+01,    3.5919e-02,    3.1250e-02
1.7375e+01,    3.5851e-02,    3.1250e-02
1.7536e+01,    3.5783e-02,    3.1250e-02
1.7698e+01,    3.5713e-02,    3.1250e-02
1.7862e+01,    3.5643e-02,    3.1250e-02
1.8027e+01,    3.5571e-02,    3.1250e-02
1.8194e+01,    3.5499e-02,    3.1250e-02
1.8363e+01,    3.5427e-02,    3.1250e-02
1.8533e+01,    3.5353e-02,    3.1250e-02
1.8704e+01,    3.5278e-02,    3.1250e-02
1.8878e+01,    3.5203e-02,    3.1250e-02
1.9052e+01,    3.5127e-02,    3.1250e-02
1.9229e+01,    3.5050e-02,    3.1250e-02
1.9407e+01,    3.4972e-02,    3.1250e-02
1.9586e+01,    3.4893e-02,    3.1250e-02
1.9768e+01,    3.4813e-02,    3.1250e-02
1.9951e+01,    3.4733e-02,    3.1250e-02
2.0135e+01,    3.4651e-02,    3.1250e-02
2.0322e+01,    3.4569e-02,    3.1250e-02
2.0510e+01,    3.4486e-02,    3.1250e-02
2.0700e+01,    3.4402e-02,    3.1250e-02
2.0892e+01,    3.4317e-02,    3.1250e-02
2.1085e+01,    3.4231e-02,    3.1250e-02
2.1280e+01,    3.4145e-02,    3.1250e-02
2.1477e+01,    3.4058e-02,    3.1250e-02
2.1676e+01,    3.3969e-02,    3.1250e-02
2.1877e+01,    3.3880e-02,    3.1250e-02
2.2079e+01,    3.3790e-02,    3.1250e-02
2.2284e+01,    3.3700e-02,    3.1250e-02
2.2490e+01,    3.3608e-02,    3.1250e-02
2.2698e+01,    3.3515e-02,    3.1250e-02
2.2909e+01,    3.3422e-02,    3.1250e-02
2.3121e+01,    3.3328e-02,    3.1250e-02
2.3335e+01,    3.3233e-02,    3.1250e-02
2.3551e+01,    3.3137e-02,    3.1250e-02
2.3769e+01,    3.3040e-02,    3.1250e-02
2.3989e+01,    3.2943e-02,    3.1250e-02
2.4211e+01,    3.2844e-02,    3.1250e-02
2.4435e+01,    3.2745e-02,    3.1250e-02
2.4661e+01,    3.2645e-02,    3.1250e-02
2.4890e+01,    3.2545e-02,    3.1250e-02
2.5120e+01,    3.2443e-02,    3.1250e-02
2.5353e+01,    3.2341e-02,    3.1250e-02
2.5587e+01,    3.2237e-02,    3.1250e-02
2.5824e+01,    3.2133e-02,    3.1250e-02
2.6063e+01,    3.2029e-02,    3.1250e-02
2.6305e+01,    3.1923e-02,    3.1250e-02
2.6548e+01,    3.1817e-02,    3.1250e-02
2.6794e+01,    3.1710e-02,    3.1250e-02
2.7042e+01,    3.1602e-02,    3.1250e-02
2.7293e+01,    3.1493e-02,    3.1250e-02
2.7545e+01,    3.1384e-02,    3.1250e-02
2.7800e+01,    3.1274e-02,    3.1250e-02
2.8058e+01,    3.1163e-02,    3.1250e-02
2.8317e+01,    3.1052e-02,    3.1250e-02
2.8580e+01,    3.0940e-02,    3.1250e-02
2.8844e+01,    3.0827e-02,    3.1250e-02
2.9111e+01,    3.0713e-02,    3.1250e-02
2.9381e+01,    3.0599e-02,    3.1250e-02
2.9653e+01,    3.0484e-02,    3.1250e-02
2.9927e+01,    3.0369e-02,    3.1250e-02
3.0205e+01,    3.0252e-02,    3.1250e-02
3.0484e+01,    3.0135e-02,    3.1250e-02
3.0766e+01,    3.0018e-02,    3.1250e-02
3.1051e+01,    2.9900e-02,    3.1250e-02
3.1339e+01,    2.9781e-02,    3.1250e-02
3.1629e+01,    2.9662e-02,    3.1250e-02
3.1922e+01,    2.9542e-02,    3.1250e-02
3.2217e+01,    2.9422e-02,    3.1250e-02
3.2516e+01,    2.9301e-02,    3.1250e-02
3.2817e+01,    2.9179e-02,    3.1250e-02
3.3121e+01,    2.9057e-02,    3.1250e-02
3.3427e+01,    2.8934e-02,    3.1250e-02
3.3737e+01,    2.8811e-02,    3.1250e-02
3.4049e+01,    2.8688e-02,    3.1250e-02
3.4364e+01,    2.8564e-02,    3.1250e-02
3.4682e+01,    2.8439e-02,    3.1250e-02
3.5004e+01,    2.8314e-02,    3.1250e-02
3.5328e+01,    2.8189e-02,    3.1250e-02
3.5655e+01,    2.8063e-02,    3.1250e-02
3.5985e+01,    2.7936e-02,    3.1250e-02
3.6318e+01,    2.7810e-02,    3.1250e-02
3.6654e+01,    2.7683e-02,    3.1250e-02
3.6994e+01,    2.7555e-02,    3.1250e-02
3.7336e+01,    2.7427e-02,    3.1250e-02
3.7682e+01,    2.7299e-02,    3.1250e-02
3.8031e+01,    2.7170e-02,    3.1250e-02
3.8383e+01,    2.7042e-02,    3.1250e-02
3.8738e+01,    2.6912e-02,    3.1250e-02
3.9097e+01,    2.6783e-02,    3.1250e-02
3.9459e+01,    2.6653e-02,    3.1250e-02
3.9824e+01,    2.6523e-02,    3.1250e-02
4.0193e+01,    2.6393e-02,    3.1250e-02
4.0565e+01,    2.6262e-02,    3.1250e-02
4.0941e+01,    2.6132e-02,    3.1250e-02
4.1320e+01,    2.6001e-02,    3.1250e-02
4.1702e+01,    2.5869e-02,    3.1250e-02
4.2088e+01,    2.5738e-02,    3.1250e-02
4.2478e+01,    2.5607e-02,    3.1250e-02
4.2871e+01,    2.5475e-02,    3.1250e-02
4.3268e+01,    2.5343e-02,    3.1250e-02
4.3669e+01,    2.5211e-02,    3.1250e-02
4.4073e+01,    2.5079e-02,    3.1250e-02
4.4481e+01,    2.4947e-02,    3.1250e-02
4.4893e+01,    2.4815e-02,    3.1250e-02
4.5309e+01,    2.4682e-02,    3.1250e-02
4.5728e+01,    2.4550e-02,    3.1250e-02
4.6152e+01,    2.4418e-02,    3.1250e-02
4.6579e+01,    2.4285e-02,    3.1250e-02
4.7010e+01,    2.4153e-02,    3.1250e-02
4.7445e+01,    2.4020e-02,    3.1250e-02
4.7885e+01,    2.3888e-02,    3.1250e-02
4.8328e+01,    2.3755e-02,    3.1250e-02
4.8776e+01,    2.3623e-02,    3.1250e-02
4.9227e+01,    2.3491e-02,    3.1250e-02
4.9683e+01,    2.3358e-02,    3.1250e-02
5.0143e+01,    2.3226e-02,    3.1250e-02
5.0607e+01,    2.3094e-02,    3.1250e-02
5.1076e+01,    2.2962e-02,    3.1250e-02
5.1549e+01,    2.2830e-02,    3.1250e-02
5.2026e+01,    2.2698e-02,    3.1250e-02
5.2508e+01,    2.2566e-02,    3.1250e-02
5.2994e+01,    2.2435e-02,    3.1250e-02
5.3484e+01,    2.2303e-02,    3.1250e-02
5.3980e+01,    2.2172e-02,    3.1250e-02
5.4479e+01,    2.2041e-02,    3.1250e-02
5.4984e+01,    2.1910e-02,    3.1250e-02
5.5493e+01,    2.1779e-02,    3.1250e-02
5.6007e+01,    2.1649e-02,    3.1250e-02
5.6525e+01,    2.1518e-02,    3.1250e-02
5.7049e+01,    2.1388e-02,    3.1250e-02
5.7577e+01,    2.1258e-02,    3.1250e-02
5.8110e+01,    2.1129e-02,    3.1250e-02
5.8648e+01,    2.1000e-02,    3.1250e-02
5.9191e+01,    2.0871e-02,    3.1250e-02
5.9739e+01,    2.0742e-02,    3.1250e-02
6.0292e+01,    2.0613e-02,    3.1250e-02
6.0850e+01,    2.0485e-02,    3.1250e-02
6.1414e+01,    2.0357e-02,    3.1250e-02
6.1982e+01,    2.0230e-02,    3.1250e-02
6.2556e+01,    2.0102e-02,    3.1250e-02
6.3135e+01,    1.9976e-02,    3.1250e-02
6.3720e+01,    1.9849e-02,    3.1250e-02
6.4310e+01,    1.9723e-02,    3.1250e-02
6.4905e+01,    1.9597e-02,    3.1250e-02
6.5506e+01,    1.9471e-02,    3.1250e-02
6.6113e+01,    1.9346e-02,    3.1250e-02
6.6725e+01,    1.9222e-02,    3.1250e-02
6.7343e+01,    1.9097e-02,    3.1250e-02
6.7966e+01,    1.8973e-02,    3.1250e-02
6.8595e+01,    1.8850e-02,    3.1250e-02
6.9230e+01,    1.8726e-02,    3.1250e-02
6.9871e+01,    1.8604e-02,    3.1250e-02
7.0518e+01,    1.8481e-02,    3.1250e-02
7.1171e+01,    1.8359e-02,    3.1250e-02
7.1830e+01,    1.8238e-02,    3.1250e-02
7.2495e+01,    1.8117e-02,    3.1250e-02
7.3166e+01,    1.7996e-02,    3.1250e-02
7.3844e+01,    1.7876e-02,    3.1250e-02
7.4528e+01,    1.7756e-02,    3.1250e-02
7.5218e+01,    1.7637e-02,    3.1250e-02
7.5914e+01,    1.7518e-02,    3.1250e-02
7.6617e+01,    1.7400e-02,    3.1250e-02
7.7326e+01,    1.7282e-02,    3.1250e-02
7.8042e+01,    1.7165e-02,    3.1250e-02
7.8765e+01,    1.7048e-02,    3.1250e-02
7.9494e+01,    1.6932e-02,    3.1250e-02
8.0230e+01,    1.6816e-02,    3.1250e-02
8.0973e+01,    1.6700e-02,    3.1250e-02
8.1723e+01,    1.6585e-02,    3.1250e-02
8.2479e+01,    1.6471e-02,    3.1250e-02
8.3243e+01,    1.6357e-02,    3.1250e-02
8.4014e+01,    1.6244e-02,    3.1250e-02
8.4791e+01,    1.6131e-02,    3.1250e-02
8.5577e+01,    1.6018e-02,    3.1250e-02
8.6369e+01,    1.5907e-02,    3.1250e-02
8.7169e+01,    1.5795e-02,    3.1250e-02
8.7976e+01,    1.5685e-02,    3.1250e-02
8.8790e+01,    1.5574e-02,    3.1250e-02
8.9612e+01,    1.5464e-02,    3.1250e-02
9.0442e+01,    1.5355e-02,    3.1250e-02
9.1279e+01,    1.5247e-02,    3.1250e-02
9.2124e+01,    1.5138e-02,    3.1250e-02
9.2977e+01,    1.5031e-02,    3.1250e-02
9.3838e+01,    1.4924e-02,    3.1250e-02
9.4707e+01,    1.4817e-02,    3.1250e-02
9.5584e+01,    1.4711e-02,    3.1250e-02
9.6469e+01,    1.4606e-02,    3.1250e-02
9.7362e+01,    1.4501e-02,    3.1250e-02
9.8264e+01,    1.4396e-02,    3.1250e-02
9.9173e+01,    1.4293e-02,    3.1250e-02
1.0009e+02,    1.4189e-02,    3.1250e-02
1.0102e+02,    1.4087e-02,    3.1250e-02
1.0195e+02,    1.3984e-02,    3.1250e-02
1.0290e+02,    1.3883e-02,    3.1250e-02
1.0385e+02,    1.3782e-02,    3.1250e-02
1.0481e+02,    1.3681e-02,    3.1250e-02
1.0578e+02,    1.3581e-02,    3.1250e-02
1.0676e+02,    1.3482e-02,    3.1250e-02
1.0775e+02,    1.3383e-02,    3.1250e-02
1.0875e+02,    1.3285e-02,    3.1250e-02
1.0975e+02,    1.3187e-02,    3.1250e-02
1.1077e+02,    1.3090e-02,    3.1250e-02
1.1180e+02,    1.2993e-02,    3.1250e-02
1.1283e+02,    1.2897e-02,    3.1250e-02
1.1388e+02,    1.2801e-02,    3.1250e-02
1.1493e+02,    1.2706e-02,    3.1250e-02
1.1599e+02,    1.2612e-02,    3.1250e-02
1.1707e+02,    1.2518e-02,    3.1250e-02
1.1815e+02,    1.2425e-02,    3.1250e-02
1.1925e+02,    1.2332e-02,    3.1250e-02
1.2035e+02,    1.2240e-02,    3.1250e-02
1.2146e+02,    1.2148e-02,    3.1250e-02
1.2259e+02,    1.2057e-02,    3.1250e-02
1.2372e+02,    1.1966e-02,    3.1250e-02
1.2487e+02,    1.1876e-02,    3.1250e-02
1.2603e+02,    1.1787e-02,    3.1250e-02
1.2719e+02,    1.1698e-02,    3.1250e-02
1.2837e+02,    1.1609e-02,    3.1250e-02
1.2956e+02,    1.1521e-02,    3.1250e-02
1.3076e+02,    1.1434e-02,    3.1250e-02
1.3197e+02,    1.1347e-02,    3.1250e-02
1.3319e+02,    1.1261e-02,    3.1250e-02
1.3442e+02,    1.1175e-02,    3.1250e-02
1.3567e+02,    1.1090e-02,    3.1250e-02
1.3692e+02,    1.1005e-02,    3.1250e-02
1.3819e+02,    1.0921e-02,    3.1250e-02
1.3947e+02,    1.0838e-02,    3.1250e-02
1.4076e+02,    1.0755e-02,    3.1250e-02
1.4207e+02,    1.0672e-02,    3.1250e-02
1.4338e+02,    1.0590e-02,    3.1250e-02
1.4471e+02,    1.0509e-02,    3.1250e-02
1.4605e+02,    1.0428e-02,    3.1250e-02
1.4740e+02,    1.0348e-02,    3.1250e-02
1.4877e+02,    1.0268e-02,    3.1250e-02
1.5014e+02,    1.0188e-02,    3.1250e-02
1.5153e+02,    1.0109e-02,    3.1250e-02
1.5294e+02,    1.0031e-02,    3.1250e-02
1.5435e+02,    9.9533e-03,    3.1250e-02
1.5578e+02,    9.8760e-03,    3.1250e-02
1.5722e+02,    9.7993e-03,    3.1250e-02
1.5868e+02,    9.7230e-03,    3.1250e-02
1.6015e+02,    9.6472e-03,    3.1250e-02
1.6163e+02,    9.5720e-03,    3.1250e-02
1.6313e+02,    9.4972e-03,    3.1250e-02
1.6464e+02,    9.4230e-03,    3.1250e-02
1.6616e+02,    9.3492e-03,    3.1250e-02
1.6770e+02,    9.2760e-03,    3.1250e-02
1.6925e+02,    9.2032e-03,    3.1250e-02
1.7082e+02,    9.1310e-03,    3.1250e-02
1.7240e+02,    9.0592e-03,    3.1250e-02
1.7400e+02,    8.9879e-03,    3.1250e-02
1.7561e+02,    8.9172e-03,    3.1250e-02
1.7724e+02,    8.8469e-03,    3.1250e-02
1.7888e+02,    8.7770e-03,    3.1250e-02
1.8053e+02,    8.7077e-03,    3.1250e-02
1.8220e+02,    8.6388e-03,    3.1250e-02
1.8389e+02,    8.5705e-03,    3.1250e-02
1.8559e+02,    8.5026e-03,    3.1250e-02
1.8731e+02,    8.4351e-03,    3.1250e-02
1.8905e+02,    8.3682e-03,    3.1250e-02
1.9080e+02,    8.3017e-03,    3.1250e-02
1.9256e+02,    8.2357e-03,    3.1250e-02
1.9435e+02,    8.1701e-03,    3.1250e-02
1.9615e+02,    8.1050e-03,    3.1250e-02
1.9796e+02,    8.0404e-03,    3.1250e-02
1.9980e+02,    7.9762e-03,    3.1250e-02
2.0164e+02,    7.9125e-03,    3.1250e-02
2.0351e+02,    7.8492e-03,    3.1250e-02
2.0540e+02,    7.7864e-03,    3.1250e-02
2.0730e+02,    7.7240e-03,    3.1250e-02
2.0922e+02,    7.6620e-03,    3.1250e-02
2.1115e+02,    7.6006e-03,    3.1250e-02
2.1311e+02,    7.5395e-03,    3.1250e-02
2.1508e+02,    7.4789e-03,    3.1250e-02
2.1707e+02,    7.4187e-03,    3.1250e-02
2.1908e+02,    7.3590e-03,    3.1250e-02
2.2111e+02,    7.2997e-03,    3.1250e-02
2.2316e+02,    7.2408e-03,    3.1250e-02
2.2523e+02,    7.1824e-03,    3.1250e-02
2.2731e+02,    7.1244e-03,    3.1250e-02
2.2942e+02,    7.0668e-03,    3.1250e-02
2.3154e+02,    7.0096e-03,    3.1250e-02
2.3368e+02,    6.9528e-03,    3.1250e-02
2.3585e+02,    6.8965e-03,    3.1250e-02
2.3803e+02,    6.8405e-03,    3.1250e-02
2.4023e+02,    6.7850e-03,    3.1250e-02
2.4246e+02,    6.7299e-03,    3.1250e-02
2.4470e+02,    6.6752e-03,    3.1250e-02
2.4697e+02,    6.6209e-03,    3.1250e-02
2.4926e+02,    6.5670e-03,    3.1250e-02
2.5156e+02,    6.5135e-03,    3.1250e-02
2.5389e+02,    6.4604e-03,    3.1250e-02
2.5624e+02,    6.4077e-03,    3.1250e-02
2.5862e+02,    6.3554e-03,    3.1250e-02
2.6101e+02,    6.3034e-03,    3.1250e-02
2.6343e+02,    6.2519e-03,    3.1250e-02
2.6587e+02,    6.2007e-03,    3.1250e-02
2.6833e+02,    6.1500e-03,    3.1250e-02
2.7081e+02,    6.0996e-03,    3.1250e-02
2.7332e+02,    6.0496e-03,    3.1250e-02
2.7585e+02,    5.9999e-03,    3.1250e-02
2.7840e+02,    5.9507e-03,    3.1250e-02
2.8098e+02,    5.9018e-03,    3.1250e-02
2.8358e+02,    5.8533e-03,    3.1250e-02
2.8621e+02,    5.8051e-03,    3.1250e-02
2.8886e+02,    5.7573e-03,    3.1250e-02
2.9153e+02,    5.7099e-03,    3.1250e-02
2.9423e+02,    5.6628e-03,    3.1250e-02
2.9696e+02,    5.6161e-03,    3.1250e-02
2.9971e+02,    5.5698e-03,    3.1250e-02
3.0248e+02,    5.5238e-03,    3.1250e-02
3.0528e+02,    5.4781e-03,    3.1250e-02
3.0811e+02,    5.4328e-03,    3.1250e-02
3.1096e+02,    5.3879e-03,    3.1250e-02
3.1384e+02,    5.3432e-03,    3.1250e-02
3.1675e+02,    5.2990e-03,    3.1250e-02
3.1968e+02,    5.2551e-03,    3.1250e-02
3.2264e+02,    5.2115e-03,    3.1250e-02
3.2562e+02,    5.1682e-03,    3.1250e-02
3.2864e+02,    5.1253e-03,    3.1250e-02
3.3168e+02,    5.0827e-03,    3.1250e-02
3.3475e+02,    5.0405e-03,    3.1250e-02
3.3785e+02,    4.9985e-03,    3.1250e-02
3.4098e+02,    4.9569e-03,    3.1250e-02
3.4414e+02,    4.9156e-03,    3.1250e-02
3.4732e+02,    4.8747e-03,    3.1250e-02
3.5054e+02,    4.8340e-03,    3.1250e-02
3.5379e+02,    4.7937e-03,    3.1250e-02
3.5706e+02,    4.7537e-03,    3.1250e-02
3.6037e+02,    4.7140e-03,    3.1250e-02
3.6370e+02,    4.6746e-03,    3.1250e-02
3.6707e+02,    4.6355e-03,    3.1250e-02
3.7047e+02,    4.5967e-03,    3.1250e-02
3.7390e+02,    4.5583e-03,    3.1250e-02
3.7736e+02,    4.5201e-03,    3.1250e-02
3.8086e+02,    4.4822e-03,    3.1250e-02
3.8438e+02,    4.4446e-03,    3.1250e-02
3.8794e+02,    4.4074e-03,    3.1250e-02
3.9153e+02,    4.3704e-03,    3.1250e-02
3.9516e+02,    4.3337e-03,    3.1250e-02
3.9882e+02,    4.2973e-03,    3.1250e-02
4.0251e+02,    4.2612e-03,    3.1250e-02
4.0624e+02,    4.2253e-03,    3.1250e-02
4.1000e+02,    4.1898e-03,    3.1250e-02
4.1379e+02,    4.1545e-03,    3.1250e-02
4.1762e+02,    4.1195e-03,    3.1250e-02
4.2149e+02,    4.0848e-03,    3.1250e-02
4.2539e+02,    4.0504e-03,    3.1250e-02
4.2933e+02,    4.0162e-03,    3.1250e-02
4.3331e+02,    3.9823e-03,    3.1250e-02
4.3732e+02,    3.9487e-03,    3.1250e-02
4.4137e+02,    3.9154e-03,    3.1250e-02
4.4545e+02,    3.8823e-03,    3.1250e-02
4.4958e+02,    3.8495e-03,    3.1250e-02
4.5374e+02,    3.8169e-03,    3.1250e-02
4.5794e+02,    3.7846e-03,    3.1250e-02
4.6218e+02,    3.7526e-03,    3.1250e-02
4.6646e+02,    3.7208e-03,    3.1250e-02
4.7078e+02,    3.6893e-03,    3.1250e-02
4.7514e+02,    3.6580e-03,    3.1250e-02
4.7954e+02,    3.6270e-03,    3.1250e-02
4.8398e+02,    3.5962e-03,    3.1250e-02
4.8846e+02,    3.5657e-03,    3.1250e-02
4.9298e+02,    3.5354e-03,    3.1250e-02
4.9755e+02,    3.5054e-03,    3.1250e-02
5.0215e+02,    3.4756e-03,    3.1250e-02
5.0680e+02,    3.4460e-03,    3.1250e-02
5.1149e+02,    3.4167e-03,    3.1250e-02
5.1623e+02,    3.3876e-03,    3.1250e-02
5.2101e+02,    3.3588e-03,    3.1250e-02
5.2583e+02,    3.3302e-03,    3.1250e-02
5.3070e+02,    3.3018e-03,    3.1250e-02
5.3561e+02,    3.2737e-03,    3.1250e-02
5.4057e+02,    3.2457e-03,    3.1250e-02
5.4558e+02,    3.2181e-03,    3.1250e-02
5.5063e+02,    3.1906e-03,    3.1250e-02
5.5573e+02,    3.1633e-03,    3.1250e-02
5.6087e+02,    3.1363e-03,    3.1250e-02
5.6607e+02,    3.1095e-03,    3.1250e-02
5.7131e+02,    3.0830e-03,    3.1250e-02
5.7660e+02,    3.0566e-03,    3.1250e-02
5.8194e+02,    3.0304e-03,    3.1250e-02
5.8732e+02,    3.0045e-03,    3.1250e-02
5.9276e+02,    2.9788e-03,    3.1250e-02
5.9825e+02,    2.9533e-03,    3.1250e-02
6.0379e+02,    2.9280e-03,    3.1250e-02
6.0938e+02,    2.9029e-03,    3.1250e-02
6.1502e+02,    2.8780e-03,    3.1250e-02
6.2072e+02,    2.8533e-03,    3.1250e-02
6.2646e+02,    2.8288e-03,    3.1250e-02
6.3226e+02,    2.8045e-03,    3.1250e-02
6.3812e+02,    2.7805e-03,    3.1250e-02
6.4402e+02,    2.7566e-03,    3.1250e-02
6.4999e+02,    2.7329e-03,    3.1250e-02
6.5601e+02,    2.7094e-03,    3.1250e-02
6.6208e+02,    2.6861e-03,    3.1250e-02
6.6821e+02,    2.6630e-03,    3.1250e-02
6.7440e+02,    2.6401e-03,    3.1250e-02
6.8064e+02,    2.6174e-03,    3.1250e-02
6.8694e+02,    2.5948e-03,    3.1250e-02
6.9330e+02,    2.5725e-03,    3.1250e-02
6.9972e+02,    2.5503e-03,    3.1250e-02
7.0620e+02,    2.5283e-03,    3.1250e-02
7.1274e+02,    2.5065e-03,    3.1250e-02
7.1934e+02,    2.4849e-03,    3.1250e-02
7.2600e+02,    2.4635e-03,    3.1250e-02
7.3272e+02,    2.4422e-03,    3.1250e-02
7.3950e+02,    2.4211e-03,    3.1250e-02
7.4635e+02,    2.4002e-03,    3.1250e-02
7.5326e+02,    2.3795e-03,    3.1250e-02
7.6023e+02,    2.3589e-03,    3.1250e-02
7.6727e+02,    2.3385e-03,    3.1250e-02
7.7438e+02,    2.3183e-03,    3.1250e-02
7.8155e+02,    2.2982e-03,    3.1250e-02
7.8878e+02,    2.2783e-03,    3.1250e-02
7.9609e+02,    2.2586e-03,    3.1250e-02
8.0346e+02,    2.2391e-03,    3.1250e-02
8.1090e+02,    2.2197e-03,    3.1250e-02
8.1840e+02,    2.2004e-03,    3.1250e-02
8.2598e+02,    2.1814e-03,    3.1250e-02
8.3363e+02,    2.1624e-03,    3.1250e-02
8.4135e+02,    2.1437e-03,    3.1250e-02
8.4914e+02,    2.1251e-03,    3.1250e-02
8.5700e+02,    2.1067e-03,    3.1250e-02
8.6493e+02,    2.0884e-03,    3.1250e-02
8.7294e+02,    nan,    3.1250e-02
8.8102e+02,    nan,    3.1250e-02
8.8918e+02,    nan,    3.1250e-02
8.9741e+02,    nan,    3.1250e-02
9.0572e+02,    nan,    3.1250e-02
9.1411e+02,    nan,    3.1250e-02
9.2257e+02,    nan,    3.1250e-02
9.3111e+02,    nan,    3.1250e-02
9.3973e+02,    nan,    3.1250e-02
9.4844e+02,    nan,    3.1250e-02
9.5722e+02,    nan,    3.1250e-02
9.6608e+02,    nan,    3.1250e-02
9.7502e+02,    nan,    3.1250e-02
9.8405e+02,    nan,    3.1250e-02
9.9316e+02,    nan,    3.1250e-02
1.0024e+03,    nan,    3.1250e-02
1.0116e+03,    nan,    3.1250e-02
1.0210e+03,    nan,    3.1250e-02
1.0305e+03,    nan,    3.1250e-02
1.0400e+03,    nan,    3.1250e-02
1.0496e+03,    nan,    3.1250e-02
1.0593e+03,    nan,    3.1250e-02
1.0692e+03,    nan,    3.1250e-02
1.0791e+03,    nan,    3.1250e-02
1.0890e+03,    nan,    3.1250e-02
1.0991e+03,    nan,    3.1250e-02
1.1093e+03,    nan,    3.1250e-02
1.1196e+03,    nan,    3.1250e-02
1.1299e+03,    nan,    3.1250e-02
1.1404e+03,    nan,    3.1250e-02
1.1510e+03,    nan,    3.1250e-02
1.1616e+03,    nan,    3.1250e-02
1.1724e+03,    nan,    3.1250e-02
1.1832e+03,    nan,    3.1250e-02
1.1942e+03,    nan,    3.1250e-02
1.2052e+03,    nan,    3.1250e-02
1.2164e+03,    nan,    3.1250e-02
1.2277e+03,    nan,    3.1250e-02
1.2390e+03,    nan,    3.1250e-02
1.2505e+03,    nan,    3.1250e-02
1.2621e+03,    nan,    3.1250e-02
1.2738e+03,    nan,    3.1250e-02
1.2856e+03,    nan,    3.1250e-02
1.2975e+03,    nan,    3.1250e-02
1.3095e+03,    nan,    3.1250e-02
1.3216e+03,    nan,    3.1250e-02
1.3338e+03,    nan,    3.1250e-02
1.3462e+03,    nan,    3.1250e-02
1.3586e+03,    nan,    3.1250e-02
1.3712e+03,    nan,    3.1250e-02
1.3839e+03,    nan,    3.1250e-02
1.3967e+03,    nan,    3.1250e-02
1.4097e+03,    nan,    3.1250e-02
1.4227e+03,    nan,    3.1250e-02
1.4359e+03,    nan,    3.1250e-02
1.4492e+03,    nan,    3.1250e-02
1.4626e+03,    nan,    3.1250e-02
1.4761e+03,    nan,    3.1250e-02
1.4898e+03,    nan,    3.1250e-02
1.5036e+03,    nan,    3.1250e-02
1.5175e+03,    nan,    3.1250e-02
1.5316e+03,    nan,    3.1250e-02
1.5458e+03,    nan,    3.1250e-02
1.5601e+03,    nan,    3.1250e-02
1.5745e+03,    nan,    3.1250e-02
1.5891e+03,    nan,    3.1250e-02
1.6038e+03,    nan,    3.1250e-02
1.6186e+03,    nan,    3.1250e-02
1.6336e+03,    nan,    3.1250e-02
1.6488e+03,    nan,    3.1250e-02
1.6640e+03,    nan,    3.1250e-02
