# Force βfL, Rxyy^2, Persistence Length λ
4.5371e-02,    1.4584e-01,    1.2500e-01
4.5791e-02,    1.4584e-01,    1.2500e-01
4.6215e-02,    1.4584e-01,    1.2500e-01
4.6643e-02,    1.4584e-01,    1.2500e-01
4.7075e-02,    1.4584e-01,    1.2500e-01
4.7511e-02,    1.4584e-01,    1.2500e-01
4.7951e-02,    1.4584e-01,    1.2500e-01
4.8395e-02,    1.4584e-01,    1.2500e-01
4.8843e-02,    1.4584e-01,    1.2500e-01
4.9295e-02,    1.4584e-01,    1.2500e-01
4.9751e-02,    1.4584e-01,    1.2500e-01
5.0212e-02,    1.4584e-01,    1.2500e-01
5.0677e-02,    1.4584e-01,    1.2500e-01
5.1146e-02,    1.4584e-01,    1.2500e-01
5.1620e-02,    1.4584e-01,    1.2500e-01
5.2097e-02,    1.4584e-01,    1.2500e-01
5.2580e-02,    1.4584e-01,    1.2500e-01
5.3067e-02,    1.4584e-01,    1.2500e-01
5.3558e-02,    1.4584e-01,    1.2500e-01
5.4054e-02,    1.4584e-01,    1.2500e-01
5.4554e-02,    1.4584e-01,    1.2500e-01
5.5059e-02,    1.4584e-01,    1.2500e-01
5.5569e-02,    1.4584e-01,    1.2500e-01
5.6084e-02,    1.4584e-01,    1.2500e-01
5.6603e-02,    1.4584e-01,    1.2500e-01
5.7127e-02,    1.4584e-01,    1.2500e-01
5.7656e-02,    1.4584e-01,    1.2500e-01
5.8190e-02,    1.4584e-01,    1.2500e-01
5.8729e-02,    1.4584e-01,    1.2500e-01
5.9272e-02,    1.4584e-01,    1.2500e-01
5.9821e-02,    1.4584e-01,    1.2500e-01
6.0375e-02,    1.4584e-01,    1.2500e-01
6.0934e-02,    1.4584e-01,    1.2500e-01
6.1498e-02,    1.4584e-01,    1.2500e-01
6.2067e-02,    1.4584e-01,    1.2500e-01
6.2642e-02,    1.4584e-01,    1.2500e-01
6.3222e-02,    1.4584e-01,    1.2500e-01
6.3807e-02,    1.4584e-01,    1.2500e-01
6.4398e-02,    1.4584e-01,    1.2500e-01
6.4995e-02,    1.4584e-01,    1.2500e-01
6.5596e-02,    1.4584e-01,    1.2500e-01
6.6204e-02,    1.4584e-01,    1.2500e-01
6.6817e-02,    1.4584e-01,    1.2500e-01
6.7435e-02,    1.4584e-01,    1.2500e-01
6.8060e-02,    1.4584e-01,    1.2500e-01
6.8690e-02,    1.4584e-01,    1.2500e-01
6.9326e-02,    1.4583e-01,    1.2500e-01
6.9968e-02,    1.4583e-01,    1.2500e-01
7.0615e-02,    1.4583e-01,    1.2500e-01
7.1269e-02,    1.4583e-01,    1.2500e-01
7.1929e-02,    1.4583e-01,    1.2500e-01
7.2595e-02,    1.4583e-01,    1.2500e-01
7.3267e-02,    1.4583e-01,    1.2500e-01
7.3945e-02,    1.4583e-01,    1.2500e-01
7.4630e-02,    1.4583e-01,    1.2500e-01
7.5321e-02,    1.4583e-01,    1.2500e-01
7.6018e-02,    1.4583e-01,    1.2500e-01
7.6722e-02,    1.4583e-01,    1.2500e-01
7.7433e-02,    1.4583e-01,    1.2500e-01
7.8150e-02,    1.4583e-01,    1.2500e-01
7.8873e-02,    1.4583e-01,    1.2500e-01
7.9603e-02,    1.4583e-01,    1.2500e-01
8.0340e-02,    1.4583e-01,    1.2500e-01
8.1084e-02,    1.4583e-01,    1.2500e-01
8.1835e-02,    1.4583e-01,    1.2500e-01
8.2593e-02,    1.4583e-01,    1.2500e-01
8.3357e-02,    1.4583e-01,    1.2500e-01
8.4129e-02,    1.4583e-01,    1.2500e-01
8.4908e-02,    1.4583e-01,    1.2500e-01
8.5694e-02,    1.4583e-01,    1.2500e-01
8.6488e-02,    1.4583e-01,    1.2500e-01
8.7288e-02,    1.4583e-01,    1.2500e-01
8.8097e-02,    1.4583e-01,    1.2500e-01
8.8912e-02,    1.4583e-01,    1.2500e-01
8.9735e-02,    1.4583e-01,    1.2500e-01
9.0566e-02,    1.4583e-01,    1.2500e-01
9.1405e-02,    1.4583e-01,    1.2500e-01
9.2251e-02,    1.4583e-01,    1.2500e-01
9.3105e-02,    1.4583e-01,    1.2500e-01
9.3967e-02,    1.4583e-01,    1.2500e-01
9.4837e-02,    1.4583e-01,    1.2500e-01
9.5715e-02,    1.4583e-01,    1.2500e-01
9.6602e-02,    1.4583e-01,    1.2500e-01
9.7496e-02,    1.4583e-01,    1.2500e-01
9.8399e-02,    1.4583e-01,    1.2500e-01
9.9310e-02,    1.4583e-01,    1.2500e-01
1.0023e-01,    1.4583e-01,    1.2500e-01
1.0116e-01,    1.4583e-01,    1.2500e-01
1.0209e-01,    1.4583e-01,    1.2500e-01
1.0304e-01,    1.4583e-01,    1.2500e-01
1.0399e-01,    1.4583e-01,    1.2500e-01
1.0496e-01,    1.4583e-01,    1.2500e-01
1.0593e-01,    1.4583e-01,    1.2500e-01
1.0691e-01,    1.4583e-01,    1.2500e-01
1.0790e-01,    1.4583e-01,    1.2500e-01
1.0890e-01,    1.4583e-01,    1.2500e-01
1.0991e-01,    1.4583e-01,    1.2500e-01
1.1092e-01,    1.4583e-01,    1.2500e-01
1.1195e-01,    1.4583e-01,    1.2500e-01
1.1299e-01,    1.4583e-01,    1.2500e-01
1.1403e-01,    1.4583e-01,    1.2500e-01
1.1509e-01,    1.4583e-01,    1.2500e-01
1.1615e-01,    1.4583e-01,    1.2500e-01
1.1723e-01,    1.4583e-01,    1.2500e-01
1.1831e-01,    1.4583e-01,    1.2500e-01
1.1941e-01,    1.4583e-01,    1.2500e-01
1.2052e-01,    1.4583e-01,    1.2500e-01
1.2163e-01,    1.4583e-01,    1.2500e-01
1.2276e-01,    1.4583e-01,    1.2500e-01
1.2389e-01,    1.4583e-01,    1.2500e-01
1.2504e-01,    1.4583e-01,    1.2500e-01
1.2620e-01,    1.4583e-01,    1.2500e-01
1.2737e-01,    1.4583e-01,    1.2500e-01
1.2855e-01,    1.4582e-01,    1.2500e-01
1.2974e-01,    1.4582e-01,    1.2500e-01
1.3094e-01,    1.4582e-01,    1.2500e-01
1.3215e-01,    1.4582e-01,    1.2500e-01
1.3337e-01,    1.4582e-01,    1.2500e-01
1.3461e-01,    1.4582e-01,    1.2500e-01
1.3586e-01,    1.4582e-01,    1.2500e-01
1.3711e-01,    1.4582e-01,    1.2500e-01
1.3838e-01,    1.4582e-01,    1.2500e-01
1.3966e-01,    1.4582e-01,    1.2500e-01
1.4096e-01,    1.4582e-01,    1.2500e-01
1.4226e-01,    1.4582e-01,    1.2500e-01
1.4358e-01,    1.4582e-01,    1.2500e-01
1.4491e-01,    1.4582e-01,    1.2500e-01
1.4625e-01,    1.4582e-01,    1.2500e-01
1.4760e-01,    1.4582e-01,    1.2500e-01
1.4897e-01,    1.4582e-01,    1.2500e-01
1.5035e-01,    1.4582e-01,    1.2500e-01
1.5174e-01,    1.4582e-01,    1.2500e-01
1.5315e-01,    1.4582e-01,    1.2500e-01
1.5457e-01,    1.4582e-01,    1.2500e-01
1.5600e-01,    1.4582e-01,    1.2500e-01
1.5744e-01,    1.4582e-01,    1.2500e-01
1.5890e-01,    1.4582e-01,    1.2500e-01
1.6037e-01,    1.4582e-01,    1.2500e-01
1.6185e-01,    1.4582e-01,    1.2500e-01
1.6335e-01,    1.4582e-01,    1.2500e-01
1.6487e-01,    1.4582e-01,    1.2500e-01
1.6639e-01,    1.4582e-01,    1.2500e-01
1.6793e-01,    1.4581e-01,    1.2500e-01
1.6949e-01,    1.4581e-01,    1.2500e-01
1.7106e-01,    1.4581e-01,    1.2500e-01
1.7264e-01,    1.4581e-01,    1.2500e-01
1.7424e-01,    1.4581e-01,    1.2500e-01
1.7585e-01,    1.4581e-01,    1.2500e-01
1.7748e-01,    1.4581e-01,    1.2500e-01
1.7912e-01,    1.4581e-01,    1.2500e-01
1.8078e-01,    1.4581e-01,    1.2500e-01
1.8246e-01,    1.4581e-01,    1.2500e-01
1.8414e-01,    1.4581e-01,    1.2500e-01
1.8585e-01,    1.4581e-01,    1.2500e-01
1.8757e-01,    1.4581e-01,    1.2500e-01
1.8931e-01,    1.4581e-01,    1.2500e-01
1.9106e-01,    1.4581e-01,    1.2500e-01
1.9283e-01,    1.4581e-01,    1.2500e-01
1.9461e-01,    1.4581e-01,    1.2500e-01
1.9642e-01,    1.4581e-01,    1.2500e-01
1.9823e-01,    1.4581e-01,    1.2500e-01
2.0007e-01,    1.4580e-01,    1.2500e-01
2.0192e-01,    1.4580e-01,    1.2500e-01
2.0379e-01,    1.4580e-01,    1.2500e-01
2.0568e-01,    1.4580e-01,    1.2500e-01
2.0758e-01,    1.4580e-01,    1.2500e-01
2.0950e-01,    1.4580e-01,    1.2500e-01
2.1144e-01,    1.4580e-01,    1.2500e-01
2.1340e-01,    1.4580e-01,    1.2500e-01
2.1538e-01,    1.4580e-01,    1.2500e-01
2.1737e-01,    1.4580e-01,    1.2500e-01
2.1938e-01,    1.4580e-01,    1.2500e-01
2.2142e-01,    1.4580e-01,    1.2500e-01
2.2347e-01,    1.4580e-01,    1.2500e-01
2.2554e-01,    1.4580e-01,    1.2500e-01
2.2762e-01,    1.4579e-01,    1.2500e-01
2.2973e-01,    1.4579e-01,    1.2500e-01
2.3186e-01,    1.4579e-01,    1.2500e-01
2.3400e-01,    1.4579e-01,    1.2500e-01
2.3617e-01,    1.4579e-01,    1.2500e-01
2.3836e-01,    1.4579e-01,    1.2500e-01
2.4056e-01,    1.4579e-01,    1.2500e-01
2.4279e-01,    1.4579e-01,    1.2500e-01
2.4504e-01,    1.4579e-01,    1.2500e-01
2.4731e-01,    1.4579e-01,    1.2500e-01
2.4960e-01,    1.4579e-01,    1.2500e-01
2.5191e-01,    1.4578e-01,    1.2500e-01
2.5424e-01,    1.4578e-01,    1.2500e-01
2.5660e-01,    1.4578e-01,    1.2500e-01
2.5897e-01,    1.4578e-01,    1.2500e-01
2.6137e-01,    1.4578e-01,    1.2500e-01
2.6379e-01,    1.4578e-01,    1.2500e-01
2.6623e-01,    1.4578e-01,    1.2500e-01
2.6870e-01,    1.4578e-01,    1.2500e-01
2.7118e-01,    1.4578e-01,    1.2500e-01
2.7370e-01,    1.4577e-01,    1.2500e-01
2.7623e-01,    1.4577e-01,    1.2500e-01
2.7879e-01,    1.4577e-01,    1.2500e-01
2.8137e-01,    1.4577e-01,    1.2500e-01
2.8397e-01,    1.4577e-01,    1.2500e-01
2.8660e-01,    1.4577e-01,    1.2500e-01
2.8926e-01,    1.4577e-01,    1.2500e-01
2.9193e-01,    1.4577e-01,    1.2500e-01
2.9464e-01,    1.4576e-01,    1.2500e-01
2.9736e-01,    1.4576e-01,    1.2500e-01
3.0012e-01,    1.4576e-01,    1.2500e-01
3.0290e-01,    1.4576e-01,    1.2500e-01
3.0570e-01,    1.4576e-01,    1.2500e-01
3.0853e-01,    1.4576e-01,    1.2500e-01
3.1139e-01,    1.4576e-01,    1.2500e-01
3.1427e-01,    1.4575e-01,    1.2500e-01
3.1718e-01,    1.4575e-01,    1.2500e-01
3.2012e-01,    1.4575e-01,    1.2500e-01
3.2308e-01,    1.4575e-01,    1.2500e-01
3.2607e-01,    1.4575e-01,    1.2500e-01
3.2909e-01,    1.4575e-01,    1.2500e-01
3.3214e-01,    1.4574e-01,    1.2500e-01
3.3521e-01,    1.4574e-01,    1.2500e-01
3.3832e-01,    1.4574e-01,    1.2500e-01
3.4145e-01,    1.4574e-01,    1.2500e-01
3.4461e-01,    1.4574e-01,    1.2500e-01
3.4780e-01,    1.4573e-01,    1.2500e-01
3.5102e-01,    1.4573e-01,    1.2500e-01
3.5427e-01,    1.4573e-01,    1.2500e-01
3.5755e-01,    1.4573e-01,    1.2500e-01
3.6086e-01,    1.4573e-01,    1.2500e-01
3.6420e-01,    1.4572e-01,    1.2500e-01
3.6758e-01,    1.4572e-01,    1.2500e-01
3.7098e-01,    1.4572e-01,    1.2500e-01
3.7441e-01,    1.4572e-01,    1.2500e-01
3.7788e-01,    1.4572e-01,    1.2500e-01
3.8138e-01,    1.4571e-01,    1.2500e-01
3.8491e-01,    1.4571e-01,    1.2500e-01
3.8847e-01,    1.4571e-01,    1.2500e-01
3.9207e-01,    1.4571e-01,    1.2500e-01
3.9570e-01,    1.4570e-01,    1.2500e-01
3.9936e-01,    1.4570e-01,    1.2500e-01
4.0306e-01,    1.4570e-01,    1.2500e-01
4.0679e-01,    1.4570e-01,    1.2500e-01
4.1056e-01,    1.4569e-01,    1.2500e-01
4.1436e-01,    1.4569e-01,    1.2500e-01
4.1820e-01,    1.4569e-01,    1.2500e-01
4.2207e-01,    1.4568e-01,    1.2500e-01
4.2598e-01,    1.4568e-01,    1.2500e-01
4.2992e-01,    1.4568e-01,    1.2500e-01
4.3390e-01,    1.4568e-01,    1.2500e-01
4.3792e-01,    1.4567e-01,    1.2500e-01
4.4197e-01,    1.4567e-01,    1.2500e-01
4.4607e-01,    1.4567e-01,    1.2500e-01
4.5020e-01,    1.4566e-01,    1.2500e-01
4.5436e-01,    1.4566e-01,    1.2500e-01
4.5857e-01,    1.4566e-01,    1.2500e-01
4.6282e-01,    1.4565e-01,    1.2500e-01
4.6710e-01,    1.4565e-01,    1.2500e-01
4.7143e-01,    1.4565e-01,    1.2500e-01
4.7579e-01,    1.4564e-01,    1.2500e-01
4.8020e-01,    1.4564e-01,    1.2500e-01
4.8464e-01,    1.4564e-01,    1.2500e-01
4.8913e-01,    1.4563e-01,    1.2500e-01
4.9366e-01,    1.4563e-01,    1.2500e-01
4.9823e-01,    1.4562e-01,    1.2500e-01
5.0284e-01,    1.4562e-01,    1.2500e-01
5.0750e-01,    1.4562e-01,    1.2500e-01
5.1220e-01,    1.4561e-01,    1.2500e-01
5.1694e-01,    1.4561e-01,    1.2500e-01
5.2173e-01,    1.4560e-01,    1.2500e-01
5.2656e-01,    1.4560e-01,    1.2500e-01
5.3143e-01,    1.4560e-01,    1.2500e-01
5.3635e-01,    1.4559e-01,    1.2500e-01
5.4132e-01,    1.4559e-01,    1.2500e-01
5.4633e-01,    1.4558e-01,    1.2500e-01
5.5139e-01,    1.4558e-01,    1.2500e-01
5.5649e-01,    1.4557e-01,    1.2500e-01
5.6165e-01,    1.4557e-01,    1.2500e-01
5.6685e-01,    1.4556e-01,    1.2500e-01
5.7209e-01,    1.4556e-01,    1.2500e-01
5.7739e-01,    1.4555e-01,    1.2500e-01
5.8274e-01,    1.4555e-01,    1.2500e-01
5.8813e-01,    1.4554e-01,    1.2500e-01
5.9358e-01,    1.4553e-01,    1.2500e-01
5.9907e-01,    1.4553e-01,    1.2500e-01
6.0462e-01,    1.4552e-01,    1.2500e-01
6.1022e-01,    1.4552e-01,    1.2500e-01
6.1587e-01,    1.4551e-01,    1.2500e-01
6.2157e-01,    1.4551e-01,    1.2500e-01
6.2732e-01,    1.4550e-01,    1.2500e-01
6.3313e-01,    1.4549e-01,    1.2500e-01
6.3899e-01,    1.4549e-01,    1.2500e-01
6.4491e-01,    1.4548e-01,    1.2500e-01
6.5088e-01,    1.4547e-01,    1.2500e-01
6.5691e-01,    1.4547e-01,    1.2500e-01
6.6299e-01,    1.4546e-01,    1.2500e-01
6.6913e-01,    1.4545e-01,    1.2500e-01
6.7532e-01,    1.4545e-01,    1.2500e-01
6.8158e-01,    1.4544e-01,    1.2500e-01
6.8789e-01,    1.4543e-01,    1.2500e-01
6.9426e-01,    1.4542e-01,    1.2500e-01
7.0068e-01,    1.4542e-01,    1.2500e-01
7.0717e-01,    1.4541e-01,    1.2500e-01
7.1372e-01,    1.4540e-01,    1.2500e-01
7.2033e-01,    1.4539e-01,    1.2500e-01
7.2700e-01,    1.4538e-01,    1.2500e-01
7.3373e-01,    1.4538e-01,    1.2500e-01
7.4052e-01,    1.4537e-01,    1.2500e-01
7.4738e-01,    1.4536e-01,    1.2500e-01
7.5430e-01,    1.4535e-01,    1.2500e-01
7.6128e-01,    1.4534e-01,    1.2500e-01
7.6833e-01,    1.4533e-01,    1.2500e-01
7.7544e-01,    1.4532e-01,    1.2500e-01
7.8262e-01,    1.4531e-01,    1.2500e-01
7.8987e-01,    1.4530e-01,    1.2500e-01
7.9718e-01,    1.4529e-01,    1.2500e-01
8.0456e-01,    1.4528e-01,    1.2500e-01
8.1201e-01,    1.4527e-01,    1.2500e-01
8.1953e-01,    1.4526e-01,    1.2500e-01
8.2712e-01,    1.4525e-01,    1.2500e-01
8.3478e-01,    1.4524e-01,    1.2500e-01
8.4250e-01,    1.4523e-01,    1.2500e-01
8.5030e-01,    1.4522e-01,    1.2500e-01
8.5818e-01,    1.4521e-01,    1.2500e-01
8.6612e-01,    1.4519e-01,    1.2500e-01
8.7414e-01,    1.4518e-01,    1.2500e-01
8.8224e-01,    1.4517e-01,    1.2500e-01
8.9040e-01,    1.4516e-01,    1.2500e-01
8.9865e-01,    1.4514e-01,    1.2500e-01
9.0697e-01,    1.4513e-01,    1.2500e-01
9.1537e-01,    1.4512e-01,    1.2500e-01
9.2384e-01,    1.4511e-01,    1.2500e-01
9.3239e-01,    1.4509e-01,    1.2500e-01
9.4103e-01,    1.4508e-01,    1.2500e-01
9.4974e-01,    1.4506e-01,    1.2500e-01
9.5853e-01,    1.4505e-01,    1.2500e-01
9.6741e-01,    1.4504e-01,    1.2500e-01
9.7636e-01,    1.4502e-01,    1.2500e-01
9.8540e-01,    1.4501e-01,    1.2500e-01
9.9453e-01,    1.4499e-01,    1.2500e-01
1.0037e+00,    1.4497e-01,    1.2500e-01
1.0130e+00,    1.4496e-01,    1.2500e-01
1.0224e+00,    1.4494e-01,    1.2500e-01
1.0319e+00,    1.4493e-01,    1.2500e-01
1.0414e+00,    1.4491e-01,    1.2500e-01
1.0511e+00,    1.4489e-01,    1.2500e-01
1.0608e+00,    1.4487e-01,    1.2500e-01
1.0706e+00,    1.4486e-01,    1.2500e-01
1.0805e+00,    1.4484e-01,    1.2500e-01
1.0905e+00,    1.4482e-01,    1.2500e-01
1.1006e+00,    1.4480e-01,    1.2500e-01
1.1108e+00,    1.4478e-01,    1.2500e-01
1.1211e+00,    1.4476e-01,    1.2500e-01
1.1315e+00,    1.4474e-01,    1.2500e-01
1.1420e+00,    1.4472e-01,    1.2500e-01
1.1525e+00,    1.4470e-01,    1.2500e-01
1.1632e+00,    1.4468e-01,    1.2500e-01
1.1740e+00,    1.4466e-01,    1.2500e-01
1.1849e+00,    1.4464e-01,    1.2500e-01
1.1958e+00,    1.4462e-01,    1.2500e-01
1.2069e+00,    1.4459e-01,    1.2500e-01
1.2181e+00,    1.4457e-01,    1.2500e-01
1.2293e+00,    1.4455e-01,    1.2500e-01
1.2407e+00,    1.4453e-01,    1.2500e-01
1.2522e+00,    1.4450e-01,    1.2500e-01
1.2638e+00,    1.4448e-01,    1.2500e-01
1.2755e+00,    1.4445e-01,    1.2500e-01
1.2873e+00,    1.4443e-01,    1.2500e-01
1.2992e+00,    1.4440e-01,    1.2500e-01
1.3113e+00,    1.4437e-01,    1.2500e-01
1.3234e+00,    1.4435e-01,    1.2500e-01
1.3357e+00,    1.4432e-01,    1.2500e-01
1.3480e+00,    1.4429e-01,    1.2500e-01
1.3605e+00,    1.4426e-01,    1.2500e-01
1.3731e+00,    1.4424e-01,    1.2500e-01
1.3858e+00,    1.4421e-01,    1.2500e-01
1.3987e+00,    1.4418e-01,    1.2500e-01
1.4116e+00,    1.4415e-01,    1.2500e-01
1.4247e+00,    1.4412e-01,    1.2500e-01
1.4379e+00,    1.4408e-01,    1.2500e-01
1.4512e+00,    1.4405e-01,    1.2500e-01
1.4646e+00,    1.4402e-01,    1.2500e-01
1.4782e+00,    1.4399e-01,    1.2500e-01
1.4919e+00,    1.4395e-01,    1.2500e-01
1.5057e+00,    1.4392e-01,    1.2500e-01
1.5196e+00,    1.4388e-01,    1.2500e-01
1.5337e+00,    1.4385e-01,    1.2500e-01
1.5479e+00,    1.4381e-01,    1.2500e-01
1.5622e+00,    1.4377e-01,    1.2500e-01
1.5767e+00,    1.4374e-01,    1.2500e-01
1.5913e+00,    1.4370e-01,    1.2500e-01
1.6060e+00,    1.4366e-01,    1.2500e-01
1.6209e+00,    1.4362e-01,    1.2500e-01
1.6359e+00,    1.4358e-01,    1.2500e-01
1.6510e+00,    1.4354e-01,    1.2500e-01
1.6663e+00,    1.4350e-01,    1.2500e-01
1.6817e+00,    1.4346e-01,    1.2500e-01
1.6973e+00,    1.4341e-01,    1.2500e-01
1.7130e+00,    1.4337e-01,    1.2500e-01
1.7289e+00,    1.4332e-01,    1.2500e-01
1.7449e+00,    1.4328e-01,    1.2500e-01
1.7611e+00,    1.4323e-01,    1.2500e-01
1.7774e+00,    1.4319e-01,    1.2500e-01
1.7938e+00,    1.4314e-01,    1.2500e-01
1.8104e+00,    1.4309e-01,    1.2500e-01
1.8272e+00,    1.4304e-01,    1.2500e-01
1.8441e+00,    1.4299e-01,    1.2500e-01
1.8612e+00,    1.4294e-01,    1.2500e-01
1.8784e+00,    1.4289e-01,    1.2500e-01
1.8958e+00,    1.4283e-01,    1.2500e-01
1.9134e+00,    1.4278e-01,    1.2500e-01
1.9311e+00,    1.4272e-01,    1.2500e-01
1.9489e+00,    1.4267e-01,    1.2500e-01
1.9670e+00,    1.4261e-01,    1.2500e-01
1.9852e+00,    1.4255e-01,    1.2500e-01
2.0036e+00,    1.4249e-01,    1.2500e-01
2.0221e+00,    1.4243e-01,    1.2500e-01
2.0409e+00,    1.4237e-01,    1.2500e-01
2.0598e+00,    1.4231e-01,    1.2500e-01
2.0788e+00,    1.4225e-01,    1.2500e-01
2.0981e+00,    1.4218e-01,    1.2500e-01
2.1175e+00,    1.4212e-01,    1.2500e-01
2.1371e+00,    1.4205e-01,    1.2500e-01
2.1569e+00,    1.4199e-01,    1.2500e-01
2.1769e+00,    1.4192e-01,    1.2500e-01
2.1970e+00,    1.4185e-01,    1.2500e-01
2.2174e+00,    1.4178e-01,    1.2500e-01
2.2379e+00,    1.4171e-01,    1.2500e-01
2.2586e+00,    1.4163e-01,    1.2500e-01
2.2795e+00,    1.4156e-01,    1.2500e-01
2.3006e+00,    1.4148e-01,    1.2500e-01
2.3219e+00,    1.4141e-01,    1.2500e-01
2.3434e+00,    1.4133e-01,    1.2500e-01
2.3651e+00,    1.4125e-01,    1.2500e-01
2.3870e+00,    1.4117e-01,    1.2500e-01
2.4091e+00,    1.4108e-01,    1.2500e-01
2.4314e+00,    1.4100e-01,    1.2500e-01
2.4539e+00,    1.4092e-01,    1.2500e-01
2.4767e+00,    1.4083e-01,    1.2500e-01
2.4996e+00,    1.4074e-01,    1.2500e-01
2.5227e+00,    1.4065e-01,    1.2500e-01
2.5461e+00,    1.4056e-01,    1.2500e-01
2.5697e+00,    1.4047e-01,    1.2500e-01
2.5934e+00,    1.4038e-01,    1.2500e-01
2.6175e+00,    1.4028e-01,    1.2500e-01
2.6417e+00,    1.4018e-01,    1.2500e-01
2.6662e+00,    1.4009e-01,    1.2500e-01
2.6908e+00,    1.3999e-01,    1.2500e-01
2.7157e+00,    1.3988e-01,    1.2500e-01
2.7409e+00,    1.3978e-01,    1.2500e-01
2.7663e+00,    1.3968e-01,    1.2500e-01
2.7919e+00,    1.3957e-01,    1.2500e-01
2.8177e+00,    1.3946e-01,    1.2500e-01
2.8438e+00,    1.3935e-01,    1.2500e-01
2.8702e+00,    1.3924e-01,    1.2500e-01
2.8967e+00,    1.3913e-01,    1.2500e-01
2.9235e+00,    1.3901e-01,    1.2500e-01
2.9506e+00,    1.3889e-01,    1.2500e-01
2.9779e+00,    1.3878e-01,    1.2500e-01
3.0055e+00,    1.3865e-01,    1.2500e-01
3.0333e+00,    1.3853e-01,    1.2500e-01
3.0614e+00,    1.3841e-01,    1.2500e-01
3.0898e+00,    1.3828e-01,    1.2500e-01
3.1184e+00,    1.3815e-01,    1.2500e-01
3.1472e+00,    1.3802e-01,    1.2500e-01
3.1764e+00,    1.3789e-01,    1.2500e-01
3.2058e+00,    1.3776e-01,    1.2500e-01
3.2355e+00,    1.3762e-01,    1.2500e-01
3.2654e+00,    1.3748e-01,    1.2500e-01
3.2957e+00,    1.3734e-01,    1.2500e-01
3.3262e+00,    1.3720e-01,    1.2500e-01
3.3570e+00,    1.3705e-01,    1.2500e-01
3.3881e+00,    1.3691e-01,    1.2500e-01
3.4194e+00,    1.3676e-01,    1.2500e-01
3.4511e+00,    1.3661e-01,    1.2500e-01
3.4830e+00,    1.3645e-01,    1.2500e-01
3.5153e+00,    1.3630e-01,    1.2500e-01
3.5478e+00,    1.3614e-01,    1.2500e-01
3.5807e+00,    1.3598e-01,    1.2500e-01
3.6138e+00,    1.3581e-01,    1.2500e-01
3.6473e+00,    1.3565e-01,    1.2500e-01
3.6811e+00,    1.3548e-01,    1.2500e-01
3.7151e+00,    1.3531e-01,    1.2500e-01
3.7495e+00,    1.3514e-01,    1.2500e-01
3.7843e+00,    1.3497e-01,    1.2500e-01
3.8193e+00,    1.3479e-01,    1.2500e-01
3.8546e+00,    1.3461e-01,    1.2500e-01
3.8903e+00,    1.3443e-01,    1.2500e-01
3.9264e+00,    1.3424e-01,    1.2500e-01
3.9627e+00,    1.3405e-01,    1.2500e-01
3.9994e+00,    1.3386e-01,    1.2500e-01
4.0364e+00,    1.3367e-01,    1.2500e-01
4.0738e+00,    1.3348e-01,    1.2500e-01
4.1115e+00,    1.3328e-01,    1.2500e-01
4.1496e+00,    1.3308e-01,    1.2500e-01
4.1880e+00,    1.3288e-01,    1.2500e-01
4.2268e+00,    1.3267e-01,    1.2500e-01
4.2659e+00,    1.3246e-01,    1.2500e-01
4.3054e+00,    1.3225e-01,    1.2500e-01
4.3453e+00,    1.3204e-01,    1.2500e-01
4.3855e+00,    1.3182e-01,    1.2500e-01
4.4261e+00,    1.3160e-01,    1.2500e-01
4.4671e+00,    1.3138e-01,    1.2500e-01
4.5085e+00,    1.3115e-01,    1.2500e-01
4.5502e+00,    1.3092e-01,    1.2500e-01
4.5923e+00,    1.3069e-01,    1.2500e-01
4.6348e+00,    1.3046e-01,    1.2500e-01
4.6778e+00,    1.3022e-01,    1.2500e-01
4.7211e+00,    1.2998e-01,    1.2500e-01
4.7648e+00,    1.2974e-01,    1.2500e-01
4.8089e+00,    1.2949e-01,    1.2500e-01
4.8534e+00,    1.2925e-01,    1.2500e-01
4.8984e+00,    1.2899e-01,    1.2500e-01
4.9437e+00,    1.2874e-01,    1.2500e-01
4.9895e+00,    1.2848e-01,    1.2500e-01
5.0357e+00,    1.2822e-01,    1.2500e-01
5.0823e+00,    1.2796e-01,    1.2500e-01
5.1294e+00,    1.2769e-01,    1.2500e-01
5.1768e+00,    1.2742e-01,    1.2500e-01
5.2248e+00,    1.2715e-01,    1.2500e-01
5.2731e+00,    1.2688e-01,    1.2500e-01
5.3220e+00,    1.2660e-01,    1.2500e-01
5.3712e+00,    1.2631e-01,    1.2500e-01
5.4210e+00,    1.2603e-01,    1.2500e-01
5.4712e+00,    1.2574e-01,    1.2500e-01
5.5218e+00,    1.2545e-01,    1.2500e-01
5.5729e+00,    1.2516e-01,    1.2500e-01
5.6245e+00,    1.2486e-01,    1.2500e-01
5.6766e+00,    1.2456e-01,    1.2500e-01
5.7292e+00,    1.2426e-01,    1.2500e-01
5.7822e+00,    1.2395e-01,    1.2500e-01
5.8358e+00,    1.2364e-01,    1.2500e-01
5.8898e+00,    1.2333e-01,    1.2500e-01
5.9443e+00,    1.2301e-01,    1.2500e-01
5.9994e+00,    1.2270e-01,    1.2500e-01
6.0549e+00,    1.2237e-01,    1.2500e-01
6.1110e+00,    1.2205e-01,    1.2500e-01
6.1675e+00,    1.2172e-01,    1.2500e-01
6.2246e+00,    1.2139e-01,    1.2500e-01
6.2823e+00,    1.2106e-01,    1.2500e-01
6.3404e+00,    1.2072e-01,    1.2500e-01
6.3992e+00,    1.2038e-01,    1.2500e-01
6.4584e+00,    1.2004e-01,    1.2500e-01
6.5182e+00,    1.1969e-01,    1.2500e-01
6.5785e+00,    1.1934e-01,    1.2500e-01
6.6395e+00,    1.1899e-01,    1.2500e-01
6.7009e+00,    1.1864e-01,    1.2500e-01
6.7630e+00,    1.1828e-01,    1.2500e-01
6.8256e+00,    1.1792e-01,    1.2500e-01
6.8888e+00,    1.1755e-01,    1.2500e-01
6.9526e+00,    1.1719e-01,    1.2500e-01
7.0169e+00,    1.1682e-01,    1.2500e-01
7.0819e+00,    1.1645e-01,    1.2500e-01
7.1475e+00,    1.1607e-01,    1.2500e-01
7.2136e+00,    1.1569e-01,    1.2500e-01
7.2804e+00,    1.1531e-01,    1.2500e-01
7.3478e+00,    1.1493e-01,    1.2500e-01
7.4159e+00,    1.1455e-01,    1.2500e-01
7.4845e+00,    1.1416e-01,    1.2500e-01
7.5538e+00,    1.1377e-01,    1.2500e-01
7.6238e+00,    1.1337e-01,    1.2500e-01
7.6944e+00,    1.1297e-01,    1.2500e-01
7.7656e+00,    1.1258e-01,    1.2500e-01
7.8375e+00,    1.1217e-01,    1.2500e-01
7.9101e+00,    1.1177e-01,    1.2500e-01
7.9833e+00,    1.1136e-01,    1.2500e-01
8.0572e+00,    1.1095e-01,    1.2500e-01
8.1318e+00,    1.1054e-01,    1.2500e-01
8.2071e+00,    1.1013e-01,    1.2500e-01
8.2831e+00,    1.0971e-01,    1.2500e-01
8.3598e+00,    1.0929e-01,    1.2500e-01
8.4372e+00,    1.0887e-01,    1.2500e-01
8.5153e+00,    1.0845e-01,    1.2500e-01
8.5941e+00,    1.0803e-01,    1.2500e-01
8.6737e+00,    1.0760e-01,    1.2500e-01
8.7540e+00,    1.0717e-01,    1.2500e-01
8.8351e+00,    1.0674e-01,    1.2500e-01
8.9169e+00,    1.0630e-01,    1.2500e-01
8.9994e+00,    1.0587e-01,    1.2500e-01
9.0828e+00,    1.0543e-01,    1.2500e-01
9.1668e+00,    1.0499e-01,    1.2500e-01
9.2517e+00,    1.0455e-01,    1.2500e-01
9.3374e+00,    1.0411e-01,    1.2500e-01
9.4238e+00,    1.0366e-01,    1.2500e-01
9.5111e+00,    1.0322e-01,    1.2500e-01
9.5991e+00,    1.0277e-01,    1.2500e-01
9.6880e+00,    1.0232e-01,    1.2500e-01
9.7777e+00,    1.0187e-01,    1.2500e-01
9.8682e+00,    1.0141e-01,    1.2500e-01
9.9596e+00,    1.0096e-01,    1.2500e-01
1.0052e+01,    1.0050e-01,    1.2500e-01
1.0145e+01,    1.0005e-01,    1.2500e-01
1.0239e+01,    9.9588e-02,    1.2500e-01
1.0334e+01,    9.9128e-02,    1.2500e-01
1.0429e+01,    9.8667e-02,    1.2500e-01
1.0526e+01,    9.8204e-02,    1.2500e-01
1.0623e+01,    9.7741e-02,    1.2500e-01
1.0722e+01,    9.7276e-02,    1.2500e-01
1.0821e+01,    9.6811e-02,    1.2500e-01
1.0921e+01,    9.6344e-02,    1.2500e-01
1.1022e+01,    9.5876e-02,    1.2500e-01
1.1124e+01,    9.5408e-02,    1.2500e-01
1.1227e+01,    9.4939e-02,    1.2500e-01
1.1331e+01,    9.4468e-02,    1.2500e-01
1.1436e+01,    9.3998e-02,    1.2500e-01
1.1542e+01,    9.3526e-02,    1.2500e-01
1.1649e+01,    9.3054e-02,    1.2500e-01
1.1757e+01,    9.2581e-02,    1.2500e-01
1.1866e+01,    9.2108e-02,    1.2500e-01
1.1975e+01,    9.1634e-02,    1.2500e-01
1.2086e+01,    9.1159e-02,    1.2500e-01
1.2198e+01,    9.0685e-02,    1.2500e-01
1.2311e+01,    9.0209e-02,    1.2500e-01
1.2425e+01,    8.9734e-02,    1.2500e-01
1.2540e+01,    8.9258e-02,    1.2500e-01
1.2656e+01,    8.8782e-02,    1.2500e-01
1.2774e+01,    8.8306e-02,    1.2500e-01
1.2892e+01,    8.7830e-02,    1.2500e-01
1.3011e+01,    8.7354e-02,    1.2500e-01
1.3132e+01,    8.6877e-02,    1.2500e-01
1.3253e+01,    8.6401e-02,    1.2500e-01
1.3376e+01,    8.5925e-02,    1.2500e-01
1.3500e+01,    8.5449e-02,    1.2500e-01
1.3625e+01,    8.4973e-02,    1.2500e-01
1.3751e+01,    8.4497e-02,    1.2500e-01
1.3878e+01,    8.4021e-02,    1.2500e-01
1.4007e+01,    8.3546e-02,    1.2500e-01
1.4136e+01,    8.3071e-02,    1.2500e-01
1.4267e+01,    8.2597e-02,    1.2500e-01
1.4399e+01,    8.2122e-02,    1.2500e-01
1.4533e+01,    8.1649e-02,    1.2500e-01
1.4667e+01,    8.1176e-02,    1.2500e-01
1.4803e+01,    8.0703e-02,    1.2500e-01
1.4940e+01,    8.0231e-02,    1.2500e-01
1.5078e+01,    7.9759e-02,    1.2500e-01
1.5218e+01,    7.9288e-02,    1.2500e-01
1.5359e+01,    7.8818e-02,    1.2500e-01
1.5501e+01,    7.8349e-02,    1.2500e-01
1.5645e+01,    7.7880e-02,    1.2500e-01
1.5789e+01,    7.7412e-02,    1.2500e-01
1.5936e+01,    7.6945e-02,    1.2500e-01
1.6083e+01,    7.6479e-02,    1.2500e-01
1.6232e+01,    7.6014e-02,    1.2500e-01
1.6382e+01,    7.5550e-02,    1.2500e-01
1.6534e+01,    7.5086e-02,    1.2500e-01
1.6687e+01,    7.4624e-02,    1.2500e-01
1.6842e+01,    7.4163e-02,    1.2500e-01
1.6998e+01,    7.3703e-02,    1.2500e-01
1.7155e+01,    7.3244e-02,    1.2500e-01
1.7314e+01,    7.2786e-02,    1.2500e-01
1.7474e+01,    7.2329e-02,    1.2500e-01
1.7636e+01,    7.1873e-02,    1.2500e-01
1.7799e+01,    7.1419e-02,    1.2500e-01
1.7964e+01,    7.0966e-02,    1.2500e-01
1.8130e+01,    7.0514e-02,    1.2500e-01
1.8298e+01,    7.0063e-02,    1.2500e-01
1.8468e+01,    6.9614e-02,    1.2500e-01
1.8639e+01,    6.9166e-02,    1.2500e-01
1.8811e+01,    6.8720e-02,    1.2500e-01
1.8985e+01,    6.8275e-02,    1.2500e-01
1.9161e+01,    6.7831e-02,    1.2500e-01
1.9338e+01,    6.7389e-02,    1.2500e-01
1.9518e+01,    6.6948e-02,    1.2500e-01
1.9698e+01,    6.6509e-02,    1.2500e-01
1.9881e+01,    6.6072e-02,    1.2500e-01
2.0065e+01,    6.5635e-02,    1.2500e-01
2.0250e+01,    6.5201e-02,    1.2500e-01
2.0438e+01,    6.4768e-02,    1.2500e-01
2.0627e+01,    6.4336e-02,    1.2500e-01
2.0818e+01,    6.3907e-02,    1.2500e-01
2.1011e+01,    6.3479e-02,    1.2500e-01
2.1205e+01,    6.3052e-02,    1.2500e-01
2.1402e+01,    6.2627e-02,    1.2500e-01
2.1600e+01,    6.2204e-02,    1.2500e-01
2.1800e+01,    6.1783e-02,    1.2500e-01
2.2002e+01,    6.1363e-02,    1.2500e-01
2.2205e+01,    6.0945e-02,    1.2500e-01
2.2411e+01,    6.0529e-02,    1.2500e-01
2.2619e+01,    6.0114e-02,    1.2500e-01
2.2828e+01,    5.9702e-02,    1.2500e-01
2.3039e+01,    5.9291e-02,    1.2500e-01
2.3253e+01,    5.8882e-02,    1.2500e-01
2.3468e+01,    5.8474e-02,    1.2500e-01
2.3685e+01,    5.8069e-02,    1.2500e-01
2.3905e+01,    5.7665e-02,    1.2500e-01
2.4126e+01,    5.7264e-02,    1.2500e-01
2.4349e+01,    5.6864e-02,    1.2500e-01
2.4575e+01,    5.6466e-02,    1.2500e-01
2.4802e+01,    5.6069e-02,    1.2500e-01
2.5032e+01,    5.5675e-02,    1.2500e-01
2.5264e+01,    5.5283e-02,    1.2500e-01
2.5498e+01,    5.4892e-02,    1.2500e-01
2.5734e+01,    5.4503e-02,    1.2500e-01
2.5972e+01,    5.4117e-02,    1.2500e-01
2.6212e+01,    5.3732e-02,    1.2500e-01
2.6455e+01,    5.3349e-02,    1.2500e-01
2.6700e+01,    5.2968e-02,    1.2500e-01
2.6947e+01,    5.2589e-02,    1.2500e-01
2.7197e+01,    5.2212e-02,    1.2500e-01
2.7448e+01,    5.1837e-02,    1.2500e-01
2.7703e+01,    5.1464e-02,    1.2500e-01
2.7959e+01,    5.1092e-02,    1.2500e-01
2.8218e+01,    5.0723e-02,    1.2500e-01
2.8479e+01,    5.0356e-02,    1.2500e-01
2.8743e+01,    4.9991e-02,    1.2500e-01
2.9009e+01,    4.9627e-02,    1.2500e-01
2.9278e+01,    4.9266e-02,    1.2500e-01
2.9549e+01,    4.8906e-02,    1.2500e-01
2.9822e+01,    4.8549e-02,    1.2500e-01
3.0098e+01,    4.8193e-02,    1.2500e-01
3.0377e+01,    4.7840e-02,    1.2500e-01
3.0658e+01,    4.7488e-02,    1.2500e-01
3.0942e+01,    4.7139e-02,    1.2500e-01
3.1229e+01,    4.6791e-02,    1.2500e-01
3.1518e+01,    4.6445e-02,    1.2500e-01
3.1810e+01,    4.6102e-02,    1.2500e-01
3.2104e+01,    4.5760e-02,    1.2500e-01
3.2401e+01,    4.5420e-02,    1.2500e-01
3.2701e+01,    4.5082e-02,    1.2500e-01
3.3004e+01,    4.4747e-02,    1.2500e-01
3.3310e+01,    4.4413e-02,    1.2500e-01
3.3618e+01,    4.4081e-02,    1.2500e-01
3.3929e+01,    4.3751e-02,    1.2500e-01
3.4243e+01,    4.3423e-02,    1.2500e-01
3.4561e+01,    4.3097e-02,    1.2500e-01
3.4881e+01,    4.2773e-02,    1.2500e-01
3.5203e+01,    4.2451e-02,    1.2500e-01
3.5529e+01,    4.2131e-02,    1.2500e-01
3.5858e+01,    4.1813e-02,    1.2500e-01
3.6190e+01,    4.1496e-02,    1.2500e-01
3.6525e+01,    4.1182e-02,    1.2500e-01
3.6864e+01,    4.0870e-02,    1.2500e-01
3.7205e+01,    4.0559e-02,    1.2500e-01
3.7549e+01,    4.0251e-02,    1.2500e-01
3.7897e+01,    3.9944e-02,    1.2500e-01
3.8248e+01,    3.9639e-02,    1.2500e-01
3.8602e+01,    3.9337e-02,    1.2500e-01
3.8959e+01,    3.9036e-02,    1.2500e-01
3.9320e+01,    3.8737e-02,    1.2500e-01
3.9684e+01,    3.8440e-02,    1.2500e-01
4.0052e+01,    3.8145e-02,    1.2500e-01
4.0422e+01,    3.7852e-02,    1.2500e-01
4.0797e+01,    3.7560e-02,    1.2500e-01
4.1174e+01,    3.7271e-02,    1.2500e-01
4.1556e+01,    3.6983e-02,    1.2500e-01
4.1940e+01,    3.6697e-02,    1.2500e-01
4.2329e+01,    3.6413e-02,    1.2500e-01
4.2721e+01,    3.6131e-02,    1.2500e-01
4.3116e+01,    3.5851e-02,    1.2500e-01
4.3515e+01,    3.5573e-02,    1.2500e-01
4.3918e+01,    3.5296e-02,    1.2500e-01
4.4325e+01,    3.5022e-02,    1.2500e-01
4.4735e+01,    3.4749e-02,    1.2500e-01
4.5149e+01,    3.4478e-02,    1.2500e-01
4.5568e+01,    3.4208e-02,    1.2500e-01
4.5989e+01,    3.3941e-02,    1.2500e-01
4.6415e+01,    3.3675e-02,    1.2500e-01
4.6845e+01,    3.3411e-02,    1.2500e-01
4.7279e+01,    3.3149e-02,    1.2500e-01
4.7716e+01,    3.2889e-02,    1.2500e-01
4.8158e+01,    3.2630e-02,    1.2500e-01
4.8604e+01,    3.2374e-02,    1.2500e-01
4.9054e+01,    3.2119e-02,    1.2500e-01
4.9508e+01,    3.1865e-02,    1.2500e-01
4.9967e+01,    3.1614e-02,    1.2500e-01
5.0429e+01,    3.1364e-02,    1.2500e-01
5.0896e+01,    3.1116e-02,    1.2500e-01
5.1367e+01,    3.0869e-02,    1.2500e-01
5.1843e+01,    3.0625e-02,    1.2500e-01
5.2323e+01,    3.0382e-02,    1.2500e-01
5.2807e+01,    3.0141e-02,    1.2500e-01
5.3296e+01,    2.9901e-02,    1.2500e-01
5.3790e+01,    2.9663e-02,    1.2500e-01
5.4288e+01,    2.9427e-02,    1.2500e-01
5.4791e+01,    2.9192e-02,    1.2500e-01
5.5298e+01,    2.8959e-02,    1.2500e-01
5.5810e+01,    2.8728e-02,    1.2500e-01
5.6327e+01,    2.8498e-02,    1.2500e-01
5.6848e+01,    2.8270e-02,    1.2500e-01
5.7374e+01,    2.8044e-02,    1.2500e-01
5.7906e+01,    2.7819e-02,    1.2500e-01
5.8442e+01,    2.7596e-02,    1.2500e-01
5.8983e+01,    2.7374e-02,    1.2500e-01
5.9529e+01,    2.7154e-02,    1.2500e-01
6.0080e+01,    2.6936e-02,    1.2500e-01
6.0636e+01,    2.6719e-02,    1.2500e-01
6.1198e+01,    2.6503e-02,    1.2500e-01
6.1764e+01,    2.6290e-02,    1.2500e-01
6.2336e+01,    2.6077e-02,    1.2500e-01
6.2913e+01,    2.5867e-02,    1.2500e-01
6.3496e+01,    2.5658e-02,    1.2500e-01
6.4084e+01,    2.5450e-02,    1.2500e-01
6.4677e+01,    2.5244e-02,    1.2500e-01
6.5276e+01,    2.5039e-02,    1.2500e-01
6.5880e+01,    2.4836e-02,    1.2500e-01
6.6490e+01,    2.4635e-02,    1.2500e-01
6.7106e+01,    2.4434e-02,    1.2500e-01
6.7727e+01,    2.4236e-02,    1.2500e-01
6.8354e+01,    2.4038e-02,    1.2500e-01
6.8987e+01,    2.3843e-02,    1.2500e-01
6.9626e+01,    2.3648e-02,    1.2500e-01
7.0270e+01,    2.3456e-02,    1.2500e-01
7.0921e+01,    2.3264e-02,    1.2500e-01
7.1578e+01,    2.3074e-02,    1.2500e-01
7.2240e+01,    2.2885e-02,    1.2500e-01
7.2909e+01,    2.2698e-02,    1.2500e-01
7.3584e+01,    2.2512e-02,    1.2500e-01
7.4266e+01,    2.2328e-02,    1.2500e-01
7.4953e+01,    2.2145e-02,    1.2500e-01
7.5647e+01,    2.1963e-02,    1.2500e-01
7.6348e+01,    2.1783e-02,    1.2500e-01
7.7054e+01,    2.1604e-02,    1.2500e-01
7.7768e+01,    2.1427e-02,    1.2500e-01
7.8488e+01,    2.1250e-02,    1.2500e-01
7.9215e+01,    2.1075e-02,    1.2500e-01
7.9948e+01,    2.0902e-02,    1.2500e-01
8.0688e+01,    2.0729e-02,    1.2500e-01
8.1435e+01,    2.0558e-02,    1.2500e-01
8.2189e+01,    2.0389e-02,    1.2500e-01
8.2950e+01,    2.0220e-02,    1.2500e-01
8.3718e+01,    2.0053e-02,    1.2500e-01
8.4493e+01,    1.9887e-02,    1.2500e-01
8.5276e+01,    1.9723e-02,    1.2500e-01
8.6065e+01,    1.9560e-02,    1.2500e-01
8.6862e+01,    1.9397e-02,    1.2500e-01
8.7666e+01,    1.9237e-02,    1.2500e-01
8.8478e+01,    1.9077e-02,    1.2500e-01
8.9297e+01,    1.8919e-02,    1.2500e-01
9.0124e+01,    1.8762e-02,    1.2500e-01
9.0958e+01,    1.8606e-02,    1.2500e-01
9.1801e+01,    1.8451e-02,    1.2500e-01
9.2651e+01,    1.8297e-02,    1.2500e-01
9.3508e+01,    1.8145e-02,    1.2500e-01
9.4374e+01,    1.7994e-02,    1.2500e-01
9.5248e+01,    1.7844e-02,    1.2500e-01
9.6130e+01,    1.7695e-02,    1.2500e-01
9.7020e+01,    1.7547e-02,    1.2500e-01
9.7918e+01,    1.7401e-02,    1.2500e-01
9.8825e+01,    1.7255e-02,    1.2500e-01
9.9740e+01,    1.7111e-02,    1.2500e-01
1.0066e+02,    1.6968e-02,    1.2500e-01
1.0160e+02,    1.6826e-02,    1.2500e-01
1.0254e+02,    1.6685e-02,    1.2500e-01
1.0349e+02,    1.6545e-02,    1.2500e-01
1.0444e+02,    1.6407e-02,    1.2500e-01
1.0541e+02,    1.6269e-02,    1.2500e-01
1.0639e+02,    1.6133e-02,    1.2500e-01
1.0737e+02,    1.5997e-02,    1.2500e-01
1.0837e+02,    1.5863e-02,    1.2500e-01
1.0937e+02,    1.5729e-02,    1.2500e-01
1.1038e+02,    1.5597e-02,    1.2500e-01
1.1140e+02,    1.5466e-02,    1.2500e-01
1.1243e+02,    1.5336e-02,    1.2500e-01
1.1348e+02,    1.5207e-02,    1.2500e-01
1.1453e+02,    1.5078e-02,    1.2500e-01
1.1559e+02,    1.4951e-02,    1.2500e-01
1.1666e+02,    1.4825e-02,    1.2500e-01
1.1774e+02,    1.4700e-02,    1.2500e-01
1.1883e+02,    1.4576e-02,    1.2500e-01
1.1993e+02,    1.4453e-02,    1.2500e-01
1.2104e+02,    1.4331e-02,    1.2500e-01
1.2216e+02,    1.4210e-02,    1.2500e-01
1.2329e+02,    1.4089e-02,    1.2500e-01
1.2443e+02,    1.3970e-02,    1.2500e-01
1.2558e+02,    1.3852e-02,    1.2500e-01
1.2675e+02,    1.3735e-02,    1.2500e-01
1.2792e+02,    1.3618e-02,    1.2500e-01
1.2910e+02,    1.3503e-02,    1.2500e-01
1.3030e+02,    1.3388e-02,    1.2500e-01
1.3151e+02,    1.3274e-02,    1.2500e-01
1.3272e+02,    1.3162e-02,    1.2500e-01
1.3395e+02,    1.3050e-02,    1.2500e-01
1.3519e+02,    1.2939e-02,    1.2500e-01
1.3644e+02,    1.2829e-02,    1.2500e-01
1.3771e+02,    1.2720e-02,    1.2500e-01
1.3898e+02,    1.2612e-02,    1.2500e-01
1.4027e+02,    1.2504e-02,    1.2500e-01
1.4157e+02,    1.2398e-02,    1.2500e-01
1.4288e+02,    1.2292e-02,    1.2500e-01
1.4420e+02,    1.2187e-02,    1.2500e-01
1.4554e+02,    1.2084e-02,    1.2500e-01
1.4688e+02,    1.1980e-02,    1.2500e-01
1.4824e+02,    1.1878e-02,    1.2500e-01
1.4962e+02,    1.1777e-02,    1.2500e-01
1.5100e+02,    1.1676e-02,    1.2500e-01
1.5240e+02,    1.1576e-02,    1.2500e-01
1.5381e+02,    1.1477e-02,    1.2500e-01
1.5523e+02,    1.1379e-02,    1.2500e-01
1.5667e+02,    1.1282e-02,    1.2500e-01
1.5812e+02,    1.1185e-02,    1.2500e-01
1.5959e+02,    1.1090e-02,    1.2500e-01
1.6106e+02,    1.0995e-02,    1.2500e-01
1.6256e+02,    1.0900e-02,    1.2500e-01
1.6406e+02,    1.0807e-02,    1.2500e-01
1.6558e+02,    1.0714e-02,    1.2500e-01
1.6711e+02,    1.0622e-02,    1.2500e-01
1.6866e+02,    1.0531e-02,    1.2500e-01
1.7022e+02,    1.0441e-02,    1.2500e-01
1.7180e+02,    1.0351e-02,    1.2500e-01
1.7339e+02,    1.0262e-02,    1.2500e-01
1.7499e+02,    1.0174e-02,    1.2500e-01
1.7661e+02,    1.0087e-02,    1.2500e-01
1.7825e+02,    9.9998e-03,    1.2500e-01
1.7990e+02,    9.9138e-03,    1.2500e-01
1.8156e+02,    9.8284e-03,    1.2500e-01
1.8325e+02,    9.7438e-03,    1.2500e-01
1.8494e+02,    9.6599e-03,    1.2500e-01
1.8665e+02,    9.5767e-03,    1.2500e-01
1.8838e+02,    9.4941e-03,    1.2500e-01
1.9013e+02,    9.4123e-03,    1.2500e-01
1.9189e+02,    9.3311e-03,    1.2500e-01
1.9366e+02,    9.2506e-03,    1.2500e-01
1.9546e+02,    9.1707e-03,    1.2500e-01
1.9727e+02,    9.0915e-03,    1.2500e-01
1.9909e+02,    9.0130e-03,    1.2500e-01
2.0094e+02,    8.9352e-03,    1.2500e-01
2.0280e+02,    8.8579e-03,    1.2500e-01
2.0467e+02,    8.7814e-03,    1.2500e-01
2.0657e+02,    8.7054e-03,    1.2500e-01
2.0848e+02,    8.6301e-03,    1.2500e-01
2.1041e+02,    8.5554e-03,    1.2500e-01
2.1236e+02,    8.4814e-03,    1.2500e-01
2.1433e+02,    8.4079e-03,    1.2500e-01
2.1631e+02,    8.3351e-03,    1.2500e-01
2.1831e+02,    8.2629e-03,    1.2500e-01
2.2033e+02,    8.1912e-03,    1.2500e-01
2.2237e+02,    8.1202e-03,    1.2500e-01
2.2443e+02,    8.0498e-03,    1.2500e-01
2.2651e+02,    7.9800e-03,    1.2500e-01
2.2861e+02,    7.9107e-03,    1.2500e-01
2.3073e+02,    7.8420e-03,    1.2500e-01
2.3286e+02,    7.7739e-03,    1.2500e-01
2.3502e+02,    7.7064e-03,    1.2500e-01
2.3719e+02,    7.6395e-03,    1.2500e-01
2.3939e+02,    7.5731e-03,    1.2500e-01
2.4161e+02,    7.5072e-03,    1.2500e-01
2.4384e+02,    7.4419e-03,    1.2500e-01
2.4610e+02,    7.3772e-03,    1.2500e-01
2.4838e+02,    7.3130e-03,    1.2500e-01
2.5068e+02,    7.2494e-03,    1.2500e-01
2.5300e+02,    7.1863e-03,    1.2500e-01
2.5534e+02,    7.1237e-03,    1.2500e-01
2.5771e+02,    7.0616e-03,    1.2500e-01
2.6009e+02,    7.0001e-03,    1.2500e-01
2.6250e+02,    6.9391e-03,    1.2500e-01
2.6493e+02,    6.8786e-03,    1.2500e-01
2.6738e+02,    6.8186e-03,    1.2500e-01
2.6986e+02,    6.7591e-03,    1.2500e-01
2.7236e+02,    6.7001e-03,    1.2500e-01
2.7488e+02,    6.6417e-03,    1.2500e-01
2.7742e+02,    6.5837e-03,    1.2500e-01
2.7999e+02,    6.5262e-03,    1.2500e-01
2.8259e+02,    6.4692e-03,    1.2500e-01
2.8520e+02,    6.4127e-03,    1.2500e-01
2.8784e+02,    6.3566e-03,    1.2500e-01
2.9051e+02,    6.3010e-03,    1.2500e-01
2.9320e+02,    6.2459e-03,    1.2500e-01
2.9591e+02,    6.1913e-03,    1.2500e-01
2.9865e+02,    6.1372e-03,    1.2500e-01
3.0142e+02,    6.0834e-03,    1.2500e-01
3.0421e+02,    6.0302e-03,    1.2500e-01
3.0702e+02,    5.9774e-03,    1.2500e-01
3.0987e+02,    5.9251e-03,    1.2500e-01
3.1274e+02,    5.8732e-03,    1.2500e-01
3.1563e+02,    5.8217e-03,    1.2500e-01
3.1855e+02,    5.7707e-03,    1.2500e-01
3.2150e+02,    5.7201e-03,    1.2500e-01
3.2448e+02,    5.6699e-03,    1.2500e-01
3.2748e+02,    5.6202e-03,    1.2500e-01
3.3052e+02,    5.5709e-03,    1.2500e-01
3.3358e+02,    5.5220e-03,    1.2500e-01
3.3667e+02,    5.4736e-03,    1.2500e-01
3.3978e+02,    5.4255e-03,    1.2500e-01
3.4293e+02,    5.3779e-03,    1.2500e-01
3.4610e+02,    5.3307e-03,    1.2500e-01
3.4931e+02,    5.2838e-03,    1.2500e-01
3.5254e+02,    5.2374e-03,    1.2500e-01
3.5581e+02,    5.1914e-03,    1.2500e-01
3.5910e+02,    5.1457e-03,    1.2500e-01
3.6242e+02,    5.1005e-03,    1.2500e-01
3.6578e+02,    5.0556e-03,    1.2500e-01
3.6917e+02,    5.0112e-03,    1.2500e-01
3.7259e+02,    4.9671e-03,    1.2500e-01
3.7603e+02,    4.9234e-03,    1.2500e-01
3.7952e+02,    4.8800e-03,    1.2500e-01
3.8303e+02,    4.8371e-03,    1.2500e-01
3.8658e+02,    4.7945e-03,    1.2500e-01
3.9016e+02,    4.7522e-03,    1.2500e-01
3.9377e+02,    4.7104e-03,    1.2500e-01
3.9741e+02,    4.6689e-03,    1.2500e-01
4.0109e+02,    4.6277e-03,    1.2500e-01
4.0481e+02,    4.5869e-03,    1.2500e-01
4.0856e+02,    4.5465e-03,    1.2500e-01
4.1234e+02,    4.5064e-03,    1.2500e-01
4.1616e+02,    4.4666e-03,    1.2500e-01
4.2001e+02,    4.4272e-03,    1.2500e-01
4.2390e+02,    4.3882e-03,    1.2500e-01
4.2782e+02,    4.3494e-03,    1.2500e-01
4.3178e+02,    4.3110e-03,    1.2500e-01
4.3578e+02,    4.2730e-03,    1.2500e-01
4.3982e+02,    4.2352e-03,    1.2500e-01
4.4389e+02,    4.1978e-03,    1.2500e-01
4.4800e+02,    4.1607e-03,    1.2500e-01
4.5215e+02,    4.1240e-03,    1.2500e-01
4.5633e+02,    4.0875e-03,    1.2500e-01
4.6056e+02,    4.0514e-03,    1.2500e-01
