# Force βfL, Rxyy^2, Persistence Length λ
1.1646e-02,    5.6816e-01,    2.0000e+00
1.1754e-02,    5.6816e-01,    2.0000e+00
1.1863e-02,    5.6816e-01,    2.0000e+00
1.1973e-02,    5.6816e-01,    2.0000e+00
1.2084e-02,    5.6815e-01,    2.0000e+00
1.2195e-02,    5.6815e-01,    2.0000e+00
1.2308e-02,    5.6815e-01,    2.0000e+00
1.2422e-02,    5.6815e-01,    2.0000e+00
1.2537e-02,    5.6815e-01,    2.0000e+00
1.2653e-02,    5.6815e-01,    2.0000e+00
1.2771e-02,    5.6815e-01,    2.0000e+00
1.2889e-02,    5.6815e-01,    2.0000e+00
1.3008e-02,    5.6815e-01,    2.0000e+00
1.3129e-02,    5.6815e-01,    2.0000e+00
1.3250e-02,    5.6815e-01,    2.0000e+00
1.3373e-02,    5.6815e-01,    2.0000e+00
1.3497e-02,    5.6815e-01,    2.0000e+00
1.3622e-02,    5.6815e-01,    2.0000e+00
1.3748e-02,    5.6815e-01,    2.0000e+00
1.3875e-02,    5.6815e-01,    2.0000e+00
1.4003e-02,    5.6815e-01,    2.0000e+00
1.4133e-02,    5.6815e-01,    2.0000e+00
1.4264e-02,    5.6815e-01,    2.0000e+00
1.4396e-02,    5.6815e-01,    2.0000e+00
1.4529e-02,    5.6815e-01,    2.0000e+00
1.4664e-02,    5.6815e-01,    2.0000e+00
1.4800e-02,    5.6815e-01,    2.0000e+00
1.4937e-02,    5.6815e-01,    2.0000e+00
1.5075e-02,    5.6815e-01,    2.0000e+00
1.5214e-02,    5.6815e-01,    2.0000e+00
1.5355e-02,    5.6815e-01,    2.0000e+00
1.5497e-02,    5.6815e-01,    2.0000e+00
1.5641e-02,    5.6815e-01,    2.0000e+00
1.5786e-02,    5.6815e-01,    2.0000e+00
1.5932e-02,    5.6815e-01,    2.0000e+00
1.6079e-02,    5.6815e-01,    2.0000e+00
1.6228e-02,    5.6815e-01,    2.0000e+00
1.6379e-02,    5.6815e-01,    2.0000e+00
1.6530e-02,    5.6815e-01,    2.0000e+00
1.6683e-02,    5.6815e-01,    2.0000e+00
1.6838e-02,    5.6815e-01,    2.0000e+00
1.6994e-02,    5.6815e-01,    2.0000e+00
1.7151e-02,    5.6815e-01,    2.0000e+00
1.7310e-02,    5.6815e-01,    2.0000e+00
1.7470e-02,    5.6815e-01,    2.0000e+00
1.7632e-02,    5.6815e-01,    2.0000e+00
1.7795e-02,    5.6815e-01,    2.0000e+00
1.7960e-02,    5.6815e-01,    2.0000e+00
1.8126e-02,    5.6815e-01,    2.0000e+00
1.8294e-02,    5.6815e-01,    2.0000e+00
1.8463e-02,    5.6815e-01,    2.0000e+00
1.8634e-02,    5.6815e-01,    2.0000e+00
1.8807e-02,    5.6815e-01,    2.0000e+00
1.8981e-02,    5.6815e-01,    2.0000e+00
1.9157e-02,    5.6815e-01,    2.0000e+00
1.9334e-02,    5.6815e-01,    2.0000e+00
1.9513e-02,    5.6815e-01,    2.0000e+00
1.9694e-02,    5.6815e-01,    2.0000e+00
1.9876e-02,    5.6815e-01,    2.0000e+00
2.0060e-02,    5.6815e-01,    2.0000e+00
2.0246e-02,    5.6815e-01,    2.0000e+00
2.0433e-02,    5.6815e-01,    2.0000e+00
2.0622e-02,    5.6815e-01,    2.0000e+00
2.0813e-02,    5.6815e-01,    2.0000e+00
2.1006e-02,    5.6815e-01,    2.0000e+00
2.1200e-02,    5.6815e-01,    2.0000e+00
2.1397e-02,    5.6815e-01,    2.0000e+00
2.1595e-02,    5.6814e-01,    2.0000e+00
2.1795e-02,    5.6814e-01,    2.0000e+00
2.1997e-02,    5.6814e-01,    2.0000e+00
2.2200e-02,    5.6814e-01,    2.0000e+00
2.2406e-02,    5.6814e-01,    2.0000e+00
2.2613e-02,    5.6814e-01,    2.0000e+00
2.2823e-02,    5.6814e-01,    2.0000e+00
2.3034e-02,    5.6814e-01,    2.0000e+00
2.3247e-02,    5.6814e-01,    2.0000e+00
2.3462e-02,    5.6814e-01,    2.0000e+00
2.3680e-02,    5.6814e-01,    2.0000e+00
2.3899e-02,    5.6814e-01,    2.0000e+00
2.4120e-02,    5.6814e-01,    2.0000e+00
2.4344e-02,    5.6814e-01,    2.0000e+00
2.4569e-02,    5.6814e-01,    2.0000e+00
2.4796e-02,    5.6814e-01,    2.0000e+00
2.5026e-02,    5.6814e-01,    2.0000e+00
2.5258e-02,    5.6814e-01,    2.0000e+00
2.5492e-02,    5.6814e-01,    2.0000e+00
2.5728e-02,    5.6814e-01,    2.0000e+00
2.5966e-02,    5.6814e-01,    2.0000e+00
2.6206e-02,    5.6814e-01,    2.0000e+00
2.6449e-02,    5.6814e-01,    2.0000e+00
2.6694e-02,    5.6814e-01,    2.0000e+00
2.6941e-02,    5.6814e-01,    2.0000e+00
2.7190e-02,    5.6814e-01,    2.0000e+00
2.7442e-02,    5.6814e-01,    2.0000e+00
2.7696e-02,    5.6814e-01,    2.0000e+00
2.7953e-02,    5.6813e-01,    2.0000e+00
2.8211e-02,    5.6813e-01,    2.0000e+00
2.8473e-02,    5.6813e-01,    2.0000e+00
2.8736e-02,    5.6813e-01,    2.0000e+00
2.9002e-02,    5.6813e-01,    2.0000e+00
2.9271e-02,    5.6813e-01,    2.0000e+00
2.9542e-02,    5.6813e-01,    2.0000e+00
2.9815e-02,    5.6813e-01,    2.0000e+00
3.0091e-02,    5.6813e-01,    2.0000e+00
3.0370e-02,    5.6813e-01,    2.0000e+00
3.0651e-02,    5.6813e-01,    2.0000e+00
3.0935e-02,    5.6813e-01,    2.0000e+00
3.1221e-02,    5.6813e-01,    2.0000e+00
3.1510e-02,    5.6813e-01,    2.0000e+00
3.1802e-02,    5.6813e-01,    2.0000e+00
3.2097e-02,    5.6813e-01,    2.0000e+00
3.2394e-02,    5.6813e-01,    2.0000e+00
3.2694e-02,    5.6813e-01,    2.0000e+00
3.2996e-02,    5.6812e-01,    2.0000e+00
3.3302e-02,    5.6812e-01,    2.0000e+00
3.3610e-02,    5.6812e-01,    2.0000e+00
3.3921e-02,    5.6812e-01,    2.0000e+00
3.4235e-02,    5.6812e-01,    2.0000e+00
3.4552e-02,    5.6812e-01,    2.0000e+00
3.4872e-02,    5.6812e-01,    2.0000e+00
3.5195e-02,    5.6812e-01,    2.0000e+00
3.5521e-02,    5.6812e-01,    2.0000e+00
3.5850e-02,    5.6812e-01,    2.0000e+00
3.6182e-02,    5.6812e-01,    2.0000e+00
3.6517e-02,    5.6812e-01,    2.0000e+00
3.6855e-02,    5.6812e-01,    2.0000e+00
3.7196e-02,    5.6812e-01,    2.0000e+00
3.7541e-02,    5.6811e-01,    2.0000e+00
3.7888e-02,    5.6811e-01,    2.0000e+00
3.8239e-02,    5.6811e-01,    2.0000e+00
3.8593e-02,    5.6811e-01,    2.0000e+00
3.8950e-02,    5.6811e-01,    2.0000e+00
3.9311e-02,    5.6811e-01,    2.0000e+00
3.9675e-02,    5.6811e-01,    2.0000e+00
4.0042e-02,    5.6811e-01,    2.0000e+00
4.0413e-02,    5.6811e-01,    2.0000e+00
4.0787e-02,    5.6811e-01,    2.0000e+00
4.1165e-02,    5.6811e-01,    2.0000e+00
4.1546e-02,    5.6810e-01,    2.0000e+00
4.1931e-02,    5.6810e-01,    2.0000e+00
4.2319e-02,    5.6810e-01,    2.0000e+00
4.2711e-02,    5.6810e-01,    2.0000e+00
4.3106e-02,    5.6810e-01,    2.0000e+00
4.3505e-02,    5.6810e-01,    2.0000e+00
4.3908e-02,    5.6810e-01,    2.0000e+00
4.4315e-02,    5.6810e-01,    2.0000e+00
4.4725e-02,    5.6810e-01,    2.0000e+00
4.5139e-02,    5.6809e-01,    2.0000e+00
4.5557e-02,    5.6809e-01,    2.0000e+00
4.5979e-02,    5.6809e-01,    2.0000e+00
4.6404e-02,    5.6809e-01,    2.0000e+00
4.6834e-02,    5.6809e-01,    2.0000e+00
4.7268e-02,    5.6809e-01,    2.0000e+00
4.7705e-02,    5.6809e-01,    2.0000e+00
4.8147e-02,    5.6809e-01,    2.0000e+00
4.8593e-02,    5.6808e-01,    2.0000e+00
4.9043e-02,    5.6808e-01,    2.0000e+00
4.9497e-02,    5.6808e-01,    2.0000e+00
4.9955e-02,    5.6808e-01,    2.0000e+00
5.0417e-02,    5.6808e-01,    2.0000e+00
5.0884e-02,    5.6808e-01,    2.0000e+00
5.1355e-02,    5.6808e-01,    2.0000e+00
5.1831e-02,    5.6807e-01,    2.0000e+00
5.2311e-02,    5.6807e-01,    2.0000e+00
5.2795e-02,    5.6807e-01,    2.0000e+00
5.3284e-02,    5.6807e-01,    2.0000e+00
5.3777e-02,    5.6807e-01,    2.0000e+00
5.4275e-02,    5.6807e-01,    2.0000e+00
5.4778e-02,    5.6806e-01,    2.0000e+00
5.5285e-02,    5.6806e-01,    2.0000e+00
5.5797e-02,    5.6806e-01,    2.0000e+00
5.6313e-02,    5.6806e-01,    2.0000e+00
5.6835e-02,    5.6806e-01,    2.0000e+00
5.7361e-02,    5.6805e-01,    2.0000e+00
5.7892e-02,    5.6805e-01,    2.0000e+00
5.8428e-02,    5.6805e-01,    2.0000e+00
5.8969e-02,    5.6805e-01,    2.0000e+00
5.9515e-02,    5.6805e-01,    2.0000e+00
6.0066e-02,    5.6804e-01,    2.0000e+00
6.0622e-02,    5.6804e-01,    2.0000e+00
6.1183e-02,    5.6804e-01,    2.0000e+00
6.1750e-02,    5.6804e-01,    2.0000e+00
6.2322e-02,    5.6804e-01,    2.0000e+00
6.2899e-02,    5.6803e-01,    2.0000e+00
6.3481e-02,    5.6803e-01,    2.0000e+00
6.4069e-02,    5.6803e-01,    2.0000e+00
6.4662e-02,    5.6803e-01,    2.0000e+00
6.5261e-02,    5.6802e-01,    2.0000e+00
6.5865e-02,    5.6802e-01,    2.0000e+00
6.6475e-02,    5.6802e-01,    2.0000e+00
6.7090e-02,    5.6802e-01,    2.0000e+00
6.7711e-02,    5.6801e-01,    2.0000e+00
6.8338e-02,    5.6801e-01,    2.0000e+00
6.8971e-02,    5.6801e-01,    2.0000e+00
6.9610e-02,    5.6801e-01,    2.0000e+00
7.0254e-02,    5.6800e-01,    2.0000e+00
7.0904e-02,    5.6800e-01,    2.0000e+00
7.1561e-02,    5.6800e-01,    2.0000e+00
7.2224e-02,    5.6799e-01,    2.0000e+00
7.2892e-02,    5.6799e-01,    2.0000e+00
7.3567e-02,    5.6799e-01,    2.0000e+00
7.4248e-02,    5.6798e-01,    2.0000e+00
7.4936e-02,    5.6798e-01,    2.0000e+00
7.5629e-02,    5.6798e-01,    2.0000e+00
7.6330e-02,    5.6797e-01,    2.0000e+00
7.7036e-02,    5.6797e-01,    2.0000e+00
7.7750e-02,    5.6797e-01,    2.0000e+00
7.8470e-02,    5.6796e-01,    2.0000e+00
7.9196e-02,    5.6796e-01,    2.0000e+00
7.9929e-02,    5.6796e-01,    2.0000e+00
8.0669e-02,    5.6795e-01,    2.0000e+00
8.1416e-02,    5.6795e-01,    2.0000e+00
8.2170e-02,    5.6794e-01,    2.0000e+00
8.2931e-02,    5.6794e-01,    2.0000e+00
8.3699e-02,    5.6794e-01,    2.0000e+00
8.4474e-02,    5.6793e-01,    2.0000e+00
8.5256e-02,    5.6793e-01,    2.0000e+00
8.6045e-02,    5.6792e-01,    2.0000e+00
8.6842e-02,    5.6792e-01,    2.0000e+00
8.7646e-02,    5.6792e-01,    2.0000e+00
8.8457e-02,    5.6791e-01,    2.0000e+00
8.9276e-02,    5.6791e-01,    2.0000e+00
9.0103e-02,    5.6790e-01,    2.0000e+00
9.0937e-02,    5.6790e-01,    2.0000e+00
9.1779e-02,    5.6789e-01,    2.0000e+00
9.2629e-02,    5.6789e-01,    2.0000e+00
9.3486e-02,    5.6788e-01,    2.0000e+00
9.4352e-02,    5.6788e-01,    2.0000e+00
9.5226e-02,    5.6787e-01,    2.0000e+00
9.6107e-02,    5.6787e-01,    2.0000e+00
9.6997e-02,    5.6786e-01,    2.0000e+00
9.7895e-02,    5.6785e-01,    2.0000e+00
9.8802e-02,    5.6785e-01,    2.0000e+00
9.9716e-02,    5.6784e-01,    2.0000e+00
1.0064e-01,    5.6784e-01,    2.0000e+00
1.0157e-01,    5.6783e-01,    2.0000e+00
1.0251e-01,    5.6783e-01,    2.0000e+00
1.0346e-01,    5.6782e-01,    2.0000e+00
1.0442e-01,    5.6781e-01,    2.0000e+00
1.0539e-01,    5.6781e-01,    2.0000e+00
1.0636e-01,    5.6780e-01,    2.0000e+00
1.0735e-01,    5.6779e-01,    2.0000e+00
1.0834e-01,    5.6779e-01,    2.0000e+00
1.0934e-01,    5.6778e-01,    2.0000e+00
1.1036e-01,    5.6777e-01,    2.0000e+00
1.1138e-01,    5.6777e-01,    2.0000e+00
1.1241e-01,    5.6776e-01,    2.0000e+00
1.1345e-01,    5.6775e-01,    2.0000e+00
1.1450e-01,    5.6774e-01,    2.0000e+00
1.1556e-01,    5.6774e-01,    2.0000e+00
1.1663e-01,    5.6773e-01,    2.0000e+00
1.1771e-01,    5.6772e-01,    2.0000e+00
1.1880e-01,    5.6771e-01,    2.0000e+00
1.1990e-01,    5.6770e-01,    2.0000e+00
1.2101e-01,    5.6769e-01,    2.0000e+00
1.2213e-01,    5.6769e-01,    2.0000e+00
1.2326e-01,    5.6768e-01,    2.0000e+00
1.2440e-01,    5.6767e-01,    2.0000e+00
1.2555e-01,    5.6766e-01,    2.0000e+00
1.2672e-01,    5.6765e-01,    2.0000e+00
1.2789e-01,    5.6764e-01,    2.0000e+00
1.2907e-01,    5.6763e-01,    2.0000e+00
1.3027e-01,    5.6762e-01,    2.0000e+00
1.3147e-01,    5.6761e-01,    2.0000e+00
1.3269e-01,    5.6760e-01,    2.0000e+00
1.3392e-01,    5.6759e-01,    2.0000e+00
1.3516e-01,    5.6758e-01,    2.0000e+00
1.3641e-01,    5.6757e-01,    2.0000e+00
1.3767e-01,    5.6756e-01,    2.0000e+00
1.3895e-01,    5.6755e-01,    2.0000e+00
1.4024e-01,    5.6753e-01,    2.0000e+00
1.4153e-01,    5.6752e-01,    2.0000e+00
1.4284e-01,    5.6751e-01,    2.0000e+00
1.4417e-01,    5.6750e-01,    2.0000e+00
1.4550e-01,    5.6749e-01,    2.0000e+00
1.4685e-01,    5.6747e-01,    2.0000e+00
1.4821e-01,    5.6746e-01,    2.0000e+00
1.4958e-01,    5.6745e-01,    2.0000e+00
1.5097e-01,    5.6744e-01,    2.0000e+00
1.5236e-01,    5.6742e-01,    2.0000e+00
1.5377e-01,    5.6741e-01,    2.0000e+00
1.5520e-01,    5.6739e-01,    2.0000e+00
1.5663e-01,    5.6738e-01,    2.0000e+00
1.5809e-01,    5.6737e-01,    2.0000e+00
1.5955e-01,    5.6735e-01,    2.0000e+00
1.6103e-01,    5.6734e-01,    2.0000e+00
1.6252e-01,    5.6732e-01,    2.0000e+00
1.6402e-01,    5.6731e-01,    2.0000e+00
1.6554e-01,    5.6729e-01,    2.0000e+00
1.6707e-01,    5.6727e-01,    2.0000e+00
1.6862e-01,    5.6726e-01,    2.0000e+00
1.7018e-01,    5.6724e-01,    2.0000e+00
1.7176e-01,    5.6722e-01,    2.0000e+00
1.7335e-01,    5.6721e-01,    2.0000e+00
1.7495e-01,    5.6719e-01,    2.0000e+00
1.7657e-01,    5.6717e-01,    2.0000e+00
1.7821e-01,    5.6715e-01,    2.0000e+00
1.7986e-01,    5.6713e-01,    2.0000e+00
1.8152e-01,    5.6711e-01,    2.0000e+00
1.8320e-01,    5.6709e-01,    2.0000e+00
1.8490e-01,    5.6707e-01,    2.0000e+00
1.8661e-01,    5.6705e-01,    2.0000e+00
1.8834e-01,    5.6703e-01,    2.0000e+00
1.9008e-01,    5.6701e-01,    2.0000e+00
1.9184e-01,    5.6699e-01,    2.0000e+00
1.9362e-01,    5.6697e-01,    2.0000e+00
1.9541e-01,    5.6695e-01,    2.0000e+00
1.9722e-01,    5.6693e-01,    2.0000e+00
1.9905e-01,    5.6690e-01,    2.0000e+00
2.0089e-01,    5.6688e-01,    2.0000e+00
2.0275e-01,    5.6686e-01,    2.0000e+00
2.0463e-01,    5.6683e-01,    2.0000e+00
2.0652e-01,    5.6681e-01,    2.0000e+00
2.0843e-01,    5.6678e-01,    2.0000e+00
2.1036e-01,    5.6676e-01,    2.0000e+00
2.1231e-01,    5.6673e-01,    2.0000e+00
2.1428e-01,    5.6670e-01,    2.0000e+00
2.1626e-01,    5.6668e-01,    2.0000e+00
2.1826e-01,    5.6665e-01,    2.0000e+00
2.2028e-01,    5.6662e-01,    2.0000e+00
2.2232e-01,    5.6659e-01,    2.0000e+00
2.2438e-01,    5.6656e-01,    2.0000e+00
2.2646e-01,    5.6653e-01,    2.0000e+00
2.2856e-01,    5.6650e-01,    2.0000e+00
2.3067e-01,    5.6647e-01,    2.0000e+00
2.3281e-01,    5.6644e-01,    2.0000e+00
2.3496e-01,    5.6641e-01,    2.0000e+00
2.3714e-01,    5.6638e-01,    2.0000e+00
2.3933e-01,    5.6635e-01,    2.0000e+00
2.4155e-01,    5.6631e-01,    2.0000e+00
2.4379e-01,    5.6628e-01,    2.0000e+00
2.4604e-01,    5.6624e-01,    2.0000e+00
2.4832e-01,    5.6621e-01,    2.0000e+00
2.5062e-01,    5.6617e-01,    2.0000e+00
2.5294e-01,    5.6613e-01,    2.0000e+00
2.5528e-01,    5.6610e-01,    2.0000e+00
2.5765e-01,    5.6606e-01,    2.0000e+00
2.6003e-01,    5.6602e-01,    2.0000e+00
2.6244e-01,    5.6598e-01,    2.0000e+00
2.6487e-01,    5.6594e-01,    2.0000e+00
2.6732e-01,    5.6590e-01,    2.0000e+00
2.6980e-01,    5.6586e-01,    2.0000e+00
2.7229e-01,    5.6581e-01,    2.0000e+00
2.7482e-01,    5.6577e-01,    2.0000e+00
2.7736e-01,    5.6573e-01,    2.0000e+00
2.7993e-01,    5.6568e-01,    2.0000e+00
2.8252e-01,    5.6564e-01,    2.0000e+00
2.8514e-01,    5.6559e-01,    2.0000e+00
2.8778e-01,    5.6554e-01,    2.0000e+00
2.9044e-01,    5.6549e-01,    2.0000e+00
2.9313e-01,    5.6544e-01,    2.0000e+00
2.9584e-01,    5.6539e-01,    2.0000e+00
2.9858e-01,    5.6534e-01,    2.0000e+00
3.0135e-01,    5.6529e-01,    2.0000e+00
3.0414e-01,    5.6524e-01,    2.0000e+00
3.0695e-01,    5.6518e-01,    2.0000e+00
3.0979e-01,    5.6513e-01,    2.0000e+00
3.1266e-01,    5.6507e-01,    2.0000e+00
3.1556e-01,    5.6502e-01,    2.0000e+00
3.1848e-01,    5.6496e-01,    2.0000e+00
3.2143e-01,    5.6490e-01,    2.0000e+00
3.2440e-01,    5.6484e-01,    2.0000e+00
3.2741e-01,    5.6478e-01,    2.0000e+00
3.3044e-01,    5.6472e-01,    2.0000e+00
3.3350e-01,    5.6465e-01,    2.0000e+00
3.3659e-01,    5.6459e-01,    2.0000e+00
3.3970e-01,    5.6452e-01,    2.0000e+00
3.4285e-01,    5.6445e-01,    2.0000e+00
3.4602e-01,    5.6439e-01,    2.0000e+00
3.4923e-01,    5.6432e-01,    2.0000e+00
3.5246e-01,    5.6425e-01,    2.0000e+00
3.5572e-01,    5.6417e-01,    2.0000e+00
3.5902e-01,    5.6410e-01,    2.0000e+00
3.6234e-01,    5.6403e-01,    2.0000e+00
3.6569e-01,    5.6395e-01,    2.0000e+00
3.6908e-01,    5.6387e-01,    2.0000e+00
3.7250e-01,    5.6379e-01,    2.0000e+00
3.7595e-01,    5.6371e-01,    2.0000e+00
3.7943e-01,    5.6363e-01,    2.0000e+00
3.8294e-01,    5.6355e-01,    2.0000e+00
3.8649e-01,    5.6346e-01,    2.0000e+00
3.9006e-01,    5.6338e-01,    2.0000e+00
3.9368e-01,    5.6329e-01,    2.0000e+00
3.9732e-01,    5.6320e-01,    2.0000e+00
4.0100e-01,    5.6311e-01,    2.0000e+00
4.0471e-01,    5.6302e-01,    2.0000e+00
4.0846e-01,    5.6292e-01,    2.0000e+00
4.1224e-01,    5.6282e-01,    2.0000e+00
4.1606e-01,    5.6273e-01,    2.0000e+00
4.1991e-01,    5.6263e-01,    2.0000e+00
4.2380e-01,    5.6253e-01,    2.0000e+00
4.2772e-01,    5.6242e-01,    2.0000e+00
4.3168e-01,    5.6232e-01,    2.0000e+00
4.3568e-01,    5.6221e-01,    2.0000e+00
4.3971e-01,    5.6210e-01,    2.0000e+00
4.4378e-01,    5.6199e-01,    2.0000e+00
4.4789e-01,    5.6188e-01,    2.0000e+00
4.5204e-01,    5.6176e-01,    2.0000e+00
4.5622e-01,    5.6164e-01,    2.0000e+00
4.6045e-01,    5.6153e-01,    2.0000e+00
4.6471e-01,    5.6140e-01,    2.0000e+00
4.6901e-01,    5.6128e-01,    2.0000e+00
4.7336e-01,    5.6116e-01,    2.0000e+00
4.7774e-01,    5.6103e-01,    2.0000e+00
4.8216e-01,    5.6090e-01,    2.0000e+00
4.8663e-01,    5.6076e-01,    2.0000e+00
4.9113e-01,    5.6063e-01,    2.0000e+00
4.9568e-01,    5.6049e-01,    2.0000e+00
5.0027e-01,    5.6035e-01,    2.0000e+00
5.0490e-01,    5.6021e-01,    2.0000e+00
5.0958e-01,    5.6007e-01,    2.0000e+00
5.1429e-01,    5.5992e-01,    2.0000e+00
5.1906e-01,    5.5977e-01,    2.0000e+00
5.2386e-01,    5.5961e-01,    2.0000e+00
5.2871e-01,    5.5946e-01,    2.0000e+00
5.3361e-01,    5.5930e-01,    2.0000e+00
5.3855e-01,    5.5914e-01,    2.0000e+00
5.4353e-01,    5.5898e-01,    2.0000e+00
5.4857e-01,    5.5881e-01,    2.0000e+00
5.5365e-01,    5.5864e-01,    2.0000e+00
5.5877e-01,    5.5847e-01,    2.0000e+00
5.6394e-01,    5.5829e-01,    2.0000e+00
5.6917e-01,    5.5811e-01,    2.0000e+00
5.7444e-01,    5.5793e-01,    2.0000e+00
5.7975e-01,    5.5774e-01,    2.0000e+00
5.8512e-01,    5.5756e-01,    2.0000e+00
5.9054e-01,    5.5736e-01,    2.0000e+00
5.9601e-01,    5.5717e-01,    2.0000e+00
6.0153e-01,    5.5697e-01,    2.0000e+00
6.0709e-01,    5.5677e-01,    2.0000e+00
6.1272e-01,    5.5656e-01,    2.0000e+00
6.1839e-01,    5.5635e-01,    2.0000e+00
6.2411e-01,    5.5614e-01,    2.0000e+00
6.2989e-01,    5.5592e-01,    2.0000e+00
6.3572e-01,    5.5570e-01,    2.0000e+00
6.4161e-01,    5.5548e-01,    2.0000e+00
6.4755e-01,    5.5525e-01,    2.0000e+00
6.5355e-01,    5.5502e-01,    2.0000e+00
6.5960e-01,    5.5478e-01,    2.0000e+00
6.6570e-01,    5.5454e-01,    2.0000e+00
6.7187e-01,    5.5430e-01,    2.0000e+00
6.7809e-01,    5.5405e-01,    2.0000e+00
6.8437e-01,    5.5380e-01,    2.0000e+00
6.9070e-01,    5.5354e-01,    2.0000e+00
6.9710e-01,    5.5328e-01,    2.0000e+00
7.0355e-01,    5.5301e-01,    2.0000e+00
7.1007e-01,    5.5274e-01,    2.0000e+00
7.1664e-01,    5.5246e-01,    2.0000e+00
7.2328e-01,    5.5218e-01,    2.0000e+00
7.2997e-01,    5.5190e-01,    2.0000e+00
7.3673e-01,    5.5161e-01,    2.0000e+00
7.4355e-01,    5.5131e-01,    2.0000e+00
7.5044e-01,    5.5101e-01,    2.0000e+00
7.5738e-01,    5.5071e-01,    2.0000e+00
7.6440e-01,    5.5040e-01,    2.0000e+00
7.7147e-01,    5.5008e-01,    2.0000e+00
7.7862e-01,    5.4976e-01,    2.0000e+00
7.8583e-01,    5.4944e-01,    2.0000e+00
7.9310e-01,    5.4911e-01,    2.0000e+00
8.0045e-01,    5.4877e-01,    2.0000e+00
8.0786e-01,    5.4843e-01,    2.0000e+00
8.1534e-01,    5.4808e-01,    2.0000e+00
8.2288e-01,    5.4772e-01,    2.0000e+00
8.3050e-01,    5.4736e-01,    2.0000e+00
8.3819e-01,    5.4700e-01,    2.0000e+00
8.4595e-01,    5.4662e-01,    2.0000e+00
8.5379e-01,    5.4624e-01,    2.0000e+00
8.6169e-01,    5.4586e-01,    2.0000e+00
8.6967e-01,    5.4547e-01,    2.0000e+00
8.7772e-01,    5.4507e-01,    2.0000e+00
8.8585e-01,    5.4467e-01,    2.0000e+00
8.9405e-01,    5.4426e-01,    2.0000e+00
9.0233e-01,    5.4384e-01,    2.0000e+00
9.1068e-01,    5.4341e-01,    2.0000e+00
9.1911e-01,    5.4298e-01,    2.0000e+00
9.2762e-01,    5.4254e-01,    2.0000e+00
9.3621e-01,    5.4210e-01,    2.0000e+00
9.4488e-01,    5.4165e-01,    2.0000e+00
9.5363e-01,    5.4119e-01,    2.0000e+00
9.6246e-01,    5.4072e-01,    2.0000e+00
9.7137e-01,    5.4025e-01,    2.0000e+00
9.8036e-01,    5.3976e-01,    2.0000e+00
9.8944e-01,    5.3927e-01,    2.0000e+00
9.9860e-01,    5.3878e-01,    2.0000e+00
1.0078e+00,    5.3827e-01,    2.0000e+00
1.0172e+00,    5.3776e-01,    2.0000e+00
1.0266e+00,    5.3723e-01,    2.0000e+00
1.0361e+00,    5.3670e-01,    2.0000e+00
1.0457e+00,    5.3617e-01,    2.0000e+00
1.0554e+00,    5.3562e-01,    2.0000e+00
1.0651e+00,    5.3506e-01,    2.0000e+00
1.0750e+00,    5.3450e-01,    2.0000e+00
1.0850e+00,    5.3393e-01,    2.0000e+00
1.0950e+00,    5.3335e-01,    2.0000e+00
1.1051e+00,    5.3276e-01,    2.0000e+00
1.1154e+00,    5.3216e-01,    2.0000e+00
1.1257e+00,    5.3155e-01,    2.0000e+00
1.1361e+00,    5.3093e-01,    2.0000e+00
1.1466e+00,    5.3031e-01,    2.0000e+00
1.1573e+00,    5.2967e-01,    2.0000e+00
1.1680e+00,    5.2902e-01,    2.0000e+00
1.1788e+00,    5.2837e-01,    2.0000e+00
1.1897e+00,    5.2770e-01,    2.0000e+00
1.2007e+00,    5.2703e-01,    2.0000e+00
1.2118e+00,    5.2634e-01,    2.0000e+00
1.2231e+00,    5.2565e-01,    2.0000e+00
1.2344e+00,    5.2494e-01,    2.0000e+00
1.2458e+00,    5.2423e-01,    2.0000e+00
1.2573e+00,    5.2350e-01,    2.0000e+00
1.2690e+00,    5.2276e-01,    2.0000e+00
1.2807e+00,    5.2202e-01,    2.0000e+00
1.2926e+00,    5.2126e-01,    2.0000e+00
1.3046e+00,    5.2049e-01,    2.0000e+00
1.3166e+00,    5.1971e-01,    2.0000e+00
1.3288e+00,    5.1892e-01,    2.0000e+00
1.3411e+00,    5.1812e-01,    2.0000e+00
1.3535e+00,    5.1730e-01,    2.0000e+00
1.3661e+00,    5.1648e-01,    2.0000e+00
1.3787e+00,    5.1565e-01,    2.0000e+00
1.3915e+00,    5.1480e-01,    2.0000e+00
1.4044e+00,    5.1394e-01,    2.0000e+00
1.4174e+00,    5.1307e-01,    2.0000e+00
1.4305e+00,    5.1219e-01,    2.0000e+00
1.4437e+00,    5.1129e-01,    2.0000e+00
1.4571e+00,    5.1039e-01,    2.0000e+00
1.4706e+00,    5.0947e-01,    2.0000e+00
1.4842e+00,    5.0854e-01,    2.0000e+00
1.4980e+00,    5.0760e-01,    2.0000e+00
1.5118e+00,    5.0664e-01,    2.0000e+00
1.5258e+00,    5.0568e-01,    2.0000e+00
1.5400e+00,    5.0470e-01,    2.0000e+00
1.5542e+00,    5.0371e-01,    2.0000e+00
1.5686e+00,    5.0270e-01,    2.0000e+00
1.5831e+00,    5.0169e-01,    2.0000e+00
1.5978e+00,    5.0066e-01,    2.0000e+00
1.6126e+00,    4.9961e-01,    2.0000e+00
1.6275e+00,    4.9856e-01,    2.0000e+00
1.6426e+00,    4.9749e-01,    2.0000e+00
1.6578e+00,    4.9641e-01,    2.0000e+00
1.6731e+00,    4.9532e-01,    2.0000e+00
1.6886e+00,    4.9421e-01,    2.0000e+00
1.7043e+00,    4.9309e-01,    2.0000e+00
1.7200e+00,    4.9196e-01,    2.0000e+00
1.7360e+00,    4.9081e-01,    2.0000e+00
1.7520e+00,    4.8965e-01,    2.0000e+00
1.7683e+00,    4.8848e-01,    2.0000e+00
1.7846e+00,    4.8729e-01,    2.0000e+00
1.8012e+00,    4.8609e-01,    2.0000e+00
1.8178e+00,    4.8488e-01,    2.0000e+00
1.8347e+00,    4.8365e-01,    2.0000e+00
1.8517e+00,    4.8242e-01,    2.0000e+00
1.8688e+00,    4.8116e-01,    2.0000e+00
1.8861e+00,    4.7990e-01,    2.0000e+00
1.9036e+00,    4.7862e-01,    2.0000e+00
1.9212e+00,    4.7732e-01,    2.0000e+00
1.9390e+00,    4.7602e-01,    2.0000e+00
1.9569e+00,    4.7470e-01,    2.0000e+00
1.9750e+00,    4.7336e-01,    2.0000e+00
1.9933e+00,    4.7202e-01,    2.0000e+00
2.0118e+00,    4.7066e-01,    2.0000e+00
2.0304e+00,    4.6928e-01,    2.0000e+00
2.0492e+00,    4.6790e-01,    2.0000e+00
2.0682e+00,    4.6650e-01,    2.0000e+00
2.0873e+00,    4.6508e-01,    2.0000e+00
2.1067e+00,    4.6366e-01,    2.0000e+00
2.1262e+00,    4.6222e-01,    2.0000e+00
2.1458e+00,    4.6077e-01,    2.0000e+00
2.1657e+00,    4.5930e-01,    2.0000e+00
2.1858e+00,    4.5782e-01,    2.0000e+00
2.2060e+00,    4.5633e-01,    2.0000e+00
2.2264e+00,    4.5483e-01,    2.0000e+00
2.2470e+00,    4.5331e-01,    2.0000e+00
2.2678e+00,    4.5178e-01,    2.0000e+00
2.2888e+00,    4.5024e-01,    2.0000e+00
2.3100e+00,    4.4868e-01,    2.0000e+00
2.3314e+00,    4.4712e-01,    2.0000e+00
2.3530e+00,    4.4554e-01,    2.0000e+00
2.3748e+00,    4.4394e-01,    2.0000e+00
2.3968e+00,    4.4234e-01,    2.0000e+00
2.4190e+00,    4.4073e-01,    2.0000e+00
2.4414e+00,    4.3910e-01,    2.0000e+00
2.4640e+00,    4.3746e-01,    2.0000e+00
2.4868e+00,    4.3581e-01,    2.0000e+00
2.5098e+00,    4.3415e-01,    2.0000e+00
2.5331e+00,    4.3247e-01,    2.0000e+00
2.5565e+00,    4.3079e-01,    2.0000e+00
2.5802e+00,    4.2909e-01,    2.0000e+00
2.6041e+00,    4.2738e-01,    2.0000e+00
2.6282e+00,    4.2567e-01,    2.0000e+00
2.6525e+00,    4.2394e-01,    2.0000e+00
2.6771e+00,    4.2220e-01,    2.0000e+00
2.7019e+00,    4.2045e-01,    2.0000e+00
2.7269e+00,    4.1869e-01,    2.0000e+00
2.7521e+00,    4.1693e-01,    2.0000e+00
2.7776e+00,    4.1515e-01,    2.0000e+00
2.8033e+00,    4.1336e-01,    2.0000e+00
2.8293e+00,    4.1156e-01,    2.0000e+00
2.8555e+00,    4.0976e-01,    2.0000e+00
2.8819e+00,    4.0794e-01,    2.0000e+00
2.9086e+00,    4.0612e-01,    2.0000e+00
2.9355e+00,    4.0429e-01,    2.0000e+00
2.9627e+00,    4.0245e-01,    2.0000e+00
2.9901e+00,    4.0060e-01,    2.0000e+00
3.0178e+00,    3.9874e-01,    2.0000e+00
3.0458e+00,    3.9688e-01,    2.0000e+00
3.0740e+00,    3.9501e-01,    2.0000e+00
3.1024e+00,    3.9313e-01,    2.0000e+00
3.1311e+00,    3.9124e-01,    2.0000e+00
3.1601e+00,    3.8935e-01,    2.0000e+00
3.1894e+00,    3.8745e-01,    2.0000e+00
3.2189e+00,    3.8555e-01,    2.0000e+00
3.2487e+00,    3.8363e-01,    2.0000e+00
3.2788e+00,    3.8172e-01,    2.0000e+00
3.3092e+00,    3.7980e-01,    2.0000e+00
3.3398e+00,    3.7787e-01,    2.0000e+00
3.3707e+00,    3.7593e-01,    2.0000e+00
3.4019e+00,    3.7400e-01,    2.0000e+00
3.4334e+00,    3.7205e-01,    2.0000e+00
3.4652e+00,    3.7011e-01,    2.0000e+00
3.4973e+00,    3.6816e-01,    2.0000e+00
3.5297e+00,    3.6620e-01,    2.0000e+00
3.5624e+00,    3.6424e-01,    2.0000e+00
3.5953e+00,    3.6228e-01,    2.0000e+00
3.6286e+00,    3.6032e-01,    2.0000e+00
3.6622e+00,    3.5835e-01,    2.0000e+00
3.6961e+00,    3.5638e-01,    2.0000e+00
3.7303e+00,    3.5441e-01,    2.0000e+00
3.7649e+00,    3.5243e-01,    2.0000e+00
3.7997e+00,    3.5046e-01,    2.0000e+00
3.8349e+00,    3.4848e-01,    2.0000e+00
3.8704e+00,    3.4650e-01,    2.0000e+00
3.9063e+00,    3.4452e-01,    2.0000e+00
3.9424e+00,    3.4253e-01,    2.0000e+00
3.9789e+00,    3.4055e-01,    2.0000e+00
4.0158e+00,    3.3857e-01,    2.0000e+00
4.0530e+00,    3.3659e-01,    2.0000e+00
4.0905e+00,    3.3460e-01,    2.0000e+00
4.1284e+00,    3.3262e-01,    2.0000e+00
4.1666e+00,    3.3064e-01,    2.0000e+00
4.2052e+00,    3.2865e-01,    2.0000e+00
4.2441e+00,    3.2667e-01,    2.0000e+00
4.2834e+00,    3.2469e-01,    2.0000e+00
4.3230e+00,    3.2271e-01,    2.0000e+00
4.3631e+00,    3.2074e-01,    2.0000e+00
4.4035e+00,    3.1876e-01,    2.0000e+00
4.4442e+00,    3.1679e-01,    2.0000e+00
4.4854e+00,    3.1482e-01,    2.0000e+00
4.5269e+00,    3.1285e-01,    2.0000e+00
4.5688e+00,    3.1088e-01,    2.0000e+00
4.6111e+00,    3.0892e-01,    2.0000e+00
4.6538e+00,    3.0696e-01,    2.0000e+00
4.6969e+00,    3.0500e-01,    2.0000e+00
4.7404e+00,    3.0305e-01,    2.0000e+00
4.7843e+00,    3.0110e-01,    2.0000e+00
4.8286e+00,    2.9915e-01,    2.0000e+00
4.8733e+00,    2.9721e-01,    2.0000e+00
4.9184e+00,    2.9527e-01,    2.0000e+00
4.9639e+00,    2.9334e-01,    2.0000e+00
5.0099e+00,    2.9141e-01,    2.0000e+00
5.0563e+00,    2.8949e-01,    2.0000e+00
5.1031e+00,    2.8757e-01,    2.0000e+00
5.1504e+00,    2.8565e-01,    2.0000e+00
5.1980e+00,    2.8374e-01,    2.0000e+00
5.2462e+00,    2.8184e-01,    2.0000e+00
5.2947e+00,    2.7994e-01,    2.0000e+00
5.3438e+00,    2.7805e-01,    2.0000e+00
5.3932e+00,    2.7616e-01,    2.0000e+00
5.4432e+00,    2.7428e-01,    2.0000e+00
5.4936e+00,    2.7240e-01,    2.0000e+00
5.5444e+00,    2.7053e-01,    2.0000e+00
5.5958e+00,    2.6867e-01,    2.0000e+00
5.6476e+00,    2.6681e-01,    2.0000e+00
5.6999e+00,    2.6496e-01,    2.0000e+00
5.7526e+00,    2.6312e-01,    2.0000e+00
5.8059e+00,    2.6128e-01,    2.0000e+00
5.8597e+00,    2.5945e-01,    2.0000e+00
5.9139e+00,    2.5763e-01,    2.0000e+00
5.9687e+00,    2.5581e-01,    2.0000e+00
6.0239e+00,    2.5400e-01,    2.0000e+00
6.0797e+00,    2.5220e-01,    2.0000e+00
6.1360e+00,    2.5041e-01,    2.0000e+00
6.1928e+00,    2.4862e-01,    2.0000e+00
6.2501e+00,    2.4684e-01,    2.0000e+00
6.3080e+00,    2.4507e-01,    2.0000e+00
6.3664e+00,    2.4331e-01,    2.0000e+00
6.4254e+00,    2.4155e-01,    2.0000e+00
6.4848e+00,    2.3980e-01,    2.0000e+00
6.5449e+00,    2.3806e-01,    2.0000e+00
6.6055e+00,    2.3633e-01,    2.0000e+00
6.6666e+00,    2.3460e-01,    2.0000e+00
6.7284e+00,    2.3289e-01,    2.0000e+00
6.7907e+00,    2.3118e-01,    2.0000e+00
6.8535e+00,    2.2948e-01,    2.0000e+00
6.9170e+00,    2.2779e-01,    2.0000e+00
6.9810e+00,    2.2611e-01,    2.0000e+00
7.0457e+00,    2.2443e-01,    2.0000e+00
7.1109e+00,    2.2277e-01,    2.0000e+00
7.1767e+00,    2.2111e-01,    2.0000e+00
7.2432e+00,    2.1946e-01,    2.0000e+00
7.3102e+00,    2.1782e-01,    2.0000e+00
7.3779e+00,    2.1619e-01,    2.0000e+00
7.4462e+00,    2.1456e-01,    2.0000e+00
7.5152e+00,    2.1295e-01,    2.0000e+00
7.5848e+00,    2.1134e-01,    2.0000e+00
7.6550e+00,    2.0975e-01,    2.0000e+00
7.7259e+00,    2.0816e-01,    2.0000e+00
7.7974e+00,    2.0658e-01,    2.0000e+00
7.8696e+00,    2.0501e-01,    2.0000e+00
7.9424e+00,    2.0345e-01,    2.0000e+00
8.0160e+00,    2.0189e-01,    2.0000e+00
8.0902e+00,    2.0035e-01,    2.0000e+00
8.1651e+00,    1.9881e-01,    2.0000e+00
8.2407e+00,    1.9729e-01,    2.0000e+00
8.3170e+00,    1.9577e-01,    2.0000e+00
8.3940e+00,    1.9426e-01,    2.0000e+00
8.4717e+00,    1.9276e-01,    2.0000e+00
8.5502e+00,    1.9127e-01,    2.0000e+00
8.6293e+00,    1.8979e-01,    2.0000e+00
8.7092e+00,    1.8832e-01,    2.0000e+00
8.7899e+00,    1.8685e-01,    2.0000e+00
8.8712e+00,    1.8540e-01,    2.0000e+00
8.9534e+00,    1.8395e-01,    2.0000e+00
9.0363e+00,    1.8252e-01,    2.0000e+00
9.1199e+00,    1.8109e-01,    2.0000e+00
9.2044e+00,    1.7967e-01,    2.0000e+00
9.2896e+00,    1.7826e-01,    2.0000e+00
9.3756e+00,    1.7686e-01,    2.0000e+00
9.4624e+00,    1.7546e-01,    2.0000e+00
9.5500e+00,    1.7408e-01,    2.0000e+00
9.6384e+00,    1.7271e-01,    2.0000e+00
9.7277e+00,    1.7134e-01,    2.0000e+00
9.8178e+00,    1.6998e-01,    2.0000e+00
9.9087e+00,    1.6863e-01,    2.0000e+00
1.0000e+01,    1.6730e-01,    2.0000e+00
1.0093e+01,    1.6597e-01,    2.0000e+00
1.0186e+01,    1.6464e-01,    2.0000e+00
1.0281e+01,    1.6333e-01,    2.0000e+00
1.0376e+01,    1.6203e-01,    2.0000e+00
1.0472e+01,    1.6073e-01,    2.0000e+00
1.0569e+01,    1.5944e-01,    2.0000e+00
1.0667e+01,    1.5817e-01,    2.0000e+00
1.0766e+01,    1.5690e-01,    2.0000e+00
1.0865e+01,    1.5563e-01,    2.0000e+00
1.0966e+01,    1.5438e-01,    2.0000e+00
1.1067e+01,    1.5314e-01,    2.0000e+00
1.1170e+01,    1.5190e-01,    2.0000e+00
1.1273e+01,    1.5068e-01,    2.0000e+00
1.1378e+01,    1.4946e-01,    2.0000e+00
1.1483e+01,    1.4825e-01,    2.0000e+00
1.1589e+01,    1.4705e-01,    2.0000e+00
1.1697e+01,    1.4585e-01,    2.0000e+00
1.1805e+01,    1.4467e-01,    2.0000e+00
1.1914e+01,    1.4349e-01,    2.0000e+00
1.2025e+01,    1.4232e-01,    2.0000e+00
1.2136e+01,    1.4116e-01,    2.0000e+00
1.2248e+01,    1.4001e-01,    2.0000e+00
1.2362e+01,    1.3887e-01,    2.0000e+00
1.2476e+01,    1.3773e-01,    2.0000e+00
1.2592e+01,    1.3661e-01,    2.0000e+00
1.2708e+01,    1.3549e-01,    2.0000e+00
1.2826e+01,    1.3438e-01,    2.0000e+00
1.2945e+01,    1.3327e-01,    2.0000e+00
1.3064e+01,    1.3218e-01,    2.0000e+00
1.3185e+01,    1.3109e-01,    2.0000e+00
1.3307e+01,    1.3001e-01,    2.0000e+00
1.3431e+01,    1.2894e-01,    2.0000e+00
1.3555e+01,    1.2788e-01,    2.0000e+00
1.3681e+01,    1.2682e-01,    2.0000e+00
1.3807e+01,    1.2577e-01,    2.0000e+00
1.3935e+01,    1.2473e-01,    2.0000e+00
1.4064e+01,    1.2370e-01,    2.0000e+00
1.4194e+01,    1.2268e-01,    2.0000e+00
1.4326e+01,    1.2166e-01,    2.0000e+00
1.4458e+01,    1.2065e-01,    2.0000e+00
1.4592e+01,    1.1965e-01,    2.0000e+00
1.4727e+01,    1.1865e-01,    2.0000e+00
1.4864e+01,    1.1766e-01,    2.0000e+00
1.5001e+01,    1.1668e-01,    2.0000e+00
1.5140e+01,    1.1571e-01,    2.0000e+00
1.5280e+01,    1.1475e-01,    2.0000e+00
1.5422e+01,    1.1379e-01,    2.0000e+00
1.5565e+01,    1.1284e-01,    2.0000e+00
1.5709e+01,    1.1190e-01,    2.0000e+00
1.5854e+01,    1.1096e-01,    2.0000e+00
1.6001e+01,    1.1003e-01,    2.0000e+00
1.6149e+01,    1.0911e-01,    2.0000e+00
1.6299e+01,    1.0819e-01,    2.0000e+00
1.6449e+01,    1.0729e-01,    2.0000e+00
1.6602e+01,    1.0638e-01,    2.0000e+00
1.6755e+01,    1.0549e-01,    2.0000e+00
1.6911e+01,    1.0460e-01,    2.0000e+00
1.7067e+01,    1.0372e-01,    2.0000e+00
1.7225e+01,    1.0285e-01,    2.0000e+00
1.7385e+01,    1.0198e-01,    2.0000e+00
1.7546e+01,    1.0112e-01,    2.0000e+00
1.7708e+01,    1.0027e-01,    2.0000e+00
1.7872e+01,    9.9422e-02,    2.0000e+00
1.8038e+01,    9.8582e-02,    2.0000e+00
1.8205e+01,    9.7749e-02,    2.0000e+00
1.8373e+01,    9.6922e-02,    2.0000e+00
1.8543e+01,    9.6101e-02,    2.0000e+00
1.8715e+01,    9.5287e-02,    2.0000e+00
1.8888e+01,    9.4479e-02,    2.0000e+00
1.9063e+01,    9.3678e-02,    2.0000e+00
1.9240e+01,    9.2883e-02,    2.0000e+00
1.9418e+01,    9.2094e-02,    2.0000e+00
1.9597e+01,    9.1311e-02,    2.0000e+00
1.9779e+01,    9.0535e-02,    2.0000e+00
1.9962e+01,    8.9765e-02,    2.0000e+00
2.0147e+01,    8.9001e-02,    2.0000e+00
2.0333e+01,    8.8243e-02,    2.0000e+00
2.0522e+01,    8.7491e-02,    2.0000e+00
2.0712e+01,    8.6744e-02,    2.0000e+00
2.0903e+01,    8.6004e-02,    2.0000e+00
2.1097e+01,    8.5270e-02,    2.0000e+00
2.1292e+01,    8.4542e-02,    2.0000e+00
2.1489e+01,    8.3819e-02,    2.0000e+00
2.1688e+01,    8.3103e-02,    2.0000e+00
2.1889e+01,    8.2392e-02,    2.0000e+00
2.2092e+01,    8.1687e-02,    2.0000e+00
2.2296e+01,    8.0987e-02,    2.0000e+00
2.2503e+01,    8.0293e-02,    2.0000e+00
2.2711e+01,    7.9605e-02,    2.0000e+00
2.2921e+01,    7.8922e-02,    2.0000e+00
2.3134e+01,    7.8245e-02,    2.0000e+00
2.3348e+01,    7.7573e-02,    2.0000e+00
2.3564e+01,    7.6907e-02,    2.0000e+00
2.3782e+01,    7.6246e-02,    2.0000e+00
2.4002e+01,    7.5590e-02,    2.0000e+00
2.4225e+01,    7.4940e-02,    2.0000e+00
2.4449e+01,    7.4295e-02,    2.0000e+00
2.4675e+01,    7.3655e-02,    2.0000e+00
2.4904e+01,    7.3021e-02,    2.0000e+00
2.5134e+01,    7.2392e-02,    2.0000e+00
2.5367e+01,    7.1768e-02,    2.0000e+00
2.5602e+01,    7.1148e-02,    2.0000e+00
2.5839e+01,    7.0535e-02,    2.0000e+00
2.6078e+01,    6.9926e-02,    2.0000e+00
2.6320e+01,    6.9322e-02,    2.0000e+00
2.6563e+01,    6.8723e-02,    2.0000e+00
2.6809e+01,    6.8129e-02,    2.0000e+00
2.7057e+01,    6.7539e-02,    2.0000e+00
2.7308e+01,    6.6955e-02,    2.0000e+00
2.7561e+01,    6.6375e-02,    2.0000e+00
2.7816e+01,    6.5801e-02,    2.0000e+00
2.8074e+01,    6.5231e-02,    2.0000e+00
2.8333e+01,    6.4665e-02,    2.0000e+00
2.8596e+01,    6.4105e-02,    2.0000e+00
2.8861e+01,    6.3549e-02,    2.0000e+00
2.9128e+01,    6.2997e-02,    2.0000e+00
2.9397e+01,    6.2451e-02,    2.0000e+00
2.9670e+01,    6.1908e-02,    2.0000e+00
2.9944e+01,    6.1371e-02,    2.0000e+00
3.0222e+01,    6.0837e-02,    2.0000e+00
3.0501e+01,    6.0308e-02,    2.0000e+00
3.0784e+01,    5.9784e-02,    2.0000e+00
3.1069e+01,    5.9264e-02,    2.0000e+00
3.1356e+01,    5.8748e-02,    2.0000e+00
3.1647e+01,    5.8237e-02,    2.0000e+00
3.1940e+01,    5.7730e-02,    2.0000e+00
3.2236e+01,    5.7227e-02,    2.0000e+00
3.2534e+01,    5.6728e-02,    2.0000e+00
3.2835e+01,    5.6233e-02,    2.0000e+00
3.3139e+01,    5.5743e-02,    2.0000e+00
3.3446e+01,    5.5257e-02,    2.0000e+00
3.3756e+01,    5.4774e-02,    2.0000e+00
3.4068e+01,    5.4296e-02,    2.0000e+00
3.4384e+01,    5.3822e-02,    2.0000e+00
3.4702e+01,    5.3352e-02,    2.0000e+00
3.5023e+01,    5.2886e-02,    2.0000e+00
3.5348e+01,    5.2423e-02,    2.0000e+00
3.5675e+01,    5.1965e-02,    2.0000e+00
3.6005e+01,    5.1510e-02,    2.0000e+00
3.6339e+01,    5.1059e-02,    2.0000e+00
3.6675e+01,    5.0613e-02,    2.0000e+00
3.7015e+01,    5.0169e-02,    2.0000e+00
3.7357e+01,    4.9730e-02,    2.0000e+00
3.7703e+01,    4.9294e-02,    2.0000e+00
3.8052e+01,    4.8862e-02,    2.0000e+00
3.8405e+01,    4.8434e-02,    2.0000e+00
3.8760e+01,    4.8009e-02,    2.0000e+00
3.9119e+01,    4.7588e-02,    2.0000e+00
3.9481e+01,    4.7171e-02,    2.0000e+00
3.9847e+01,    4.6757e-02,    2.0000e+00
4.0216e+01,    4.6346e-02,    2.0000e+00
4.0588e+01,    4.5939e-02,    2.0000e+00
4.0964e+01,    4.5535e-02,    2.0000e+00
4.1343e+01,    4.5135e-02,    2.0000e+00
4.1726e+01,    4.4739e-02,    2.0000e+00
4.2112e+01,    4.4345e-02,    2.0000e+00
4.2502e+01,    4.3955e-02,    2.0000e+00
4.2896e+01,    4.3569e-02,    2.0000e+00
4.3293e+01,    4.3185e-02,    2.0000e+00
4.3694e+01,    4.2805e-02,    2.0000e+00
4.4098e+01,    4.2428e-02,    2.0000e+00
4.4506e+01,    4.2055e-02,    2.0000e+00
4.4918e+01,    4.1684e-02,    2.0000e+00
4.5334e+01,    4.1317e-02,    2.0000e+00
4.5754e+01,    4.0953e-02,    2.0000e+00
4.6178e+01,    4.0592e-02,    2.0000e+00
4.6605e+01,    4.0234e-02,    2.0000e+00
4.7037e+01,    3.9879e-02,    2.0000e+00
4.7472e+01,    3.9527e-02,    2.0000e+00
4.7912e+01,    3.9178e-02,    2.0000e+00
4.8355e+01,    3.8832e-02,    2.0000e+00
4.8803e+01,    3.8490e-02,    2.0000e+00
4.9255e+01,    3.8150e-02,    2.0000e+00
4.9711e+01,    3.7813e-02,    2.0000e+00
5.0171e+01,    3.7479e-02,    2.0000e+00
5.0636e+01,    3.7147e-02,    2.0000e+00
5.1105e+01,    3.6819e-02,    2.0000e+00
5.1578e+01,    3.6493e-02,    2.0000e+00
5.2055e+01,    3.6171e-02,    2.0000e+00
5.2537e+01,    3.5851e-02,    2.0000e+00
5.3024e+01,    3.5534e-02,    2.0000e+00
5.3515e+01,    3.5219e-02,    2.0000e+00
5.4010e+01,    3.4907e-02,    2.0000e+00
5.4510e+01,    3.4598e-02,    2.0000e+00
5.5015e+01,    3.4292e-02,    2.0000e+00
5.5524e+01,    3.3988e-02,    2.0000e+00
5.6038e+01,    3.3687e-02,    2.0000e+00
5.6557e+01,    3.3388e-02,    2.0000e+00
5.7081e+01,    3.3093e-02,    2.0000e+00
5.7609e+01,    3.2799e-02,    2.0000e+00
5.8143e+01,    3.2508e-02,    2.0000e+00
5.8681e+01,    3.2220e-02,    2.0000e+00
5.9224e+01,    3.1934e-02,    2.0000e+00
5.9773e+01,    3.1651e-02,    2.0000e+00
6.0326e+01,    3.1370e-02,    2.0000e+00
6.0885e+01,    3.1091e-02,    2.0000e+00
6.1448e+01,    3.0815e-02,    2.0000e+00
6.2017e+01,    3.0542e-02,    2.0000e+00
6.2591e+01,    3.0270e-02,    2.0000e+00
6.3171e+01,    3.0002e-02,    2.0000e+00
6.3756e+01,    2.9735e-02,    2.0000e+00
6.4346e+01,    2.9471e-02,    2.0000e+00
6.4942e+01,    2.9209e-02,    2.0000e+00
6.5543e+01,    2.8949e-02,    2.0000e+00
6.6150e+01,    2.8692e-02,    2.0000e+00
6.6762e+01,    2.8436e-02,    2.0000e+00
6.7381e+01,    2.8183e-02,    2.0000e+00
6.8004e+01,    2.7933e-02,    2.0000e+00
6.8634e+01,    2.7684e-02,    2.0000e+00
6.9270e+01,    2.7438e-02,    2.0000e+00
6.9911e+01,    2.7193e-02,    2.0000e+00
7.0558e+01,    2.6951e-02,    2.0000e+00
7.1211e+01,    2.6711e-02,    2.0000e+00
7.1871e+01,    2.6473e-02,    2.0000e+00
7.2536e+01,    2.6237e-02,    2.0000e+00
7.3208e+01,    2.6004e-02,    2.0000e+00
7.3886e+01,    2.5772e-02,    2.0000e+00
7.4570e+01,    2.5542e-02,    2.0000e+00
7.5260e+01,    2.5314e-02,    2.0000e+00
7.5957e+01,    2.5089e-02,    2.0000e+00
7.6660e+01,    2.4865e-02,    2.0000e+00
7.7370e+01,    2.4643e-02,    2.0000e+00
7.8086e+01,    2.4423e-02,    2.0000e+00
7.8809e+01,    2.4205e-02,    2.0000e+00
7.9539e+01,    2.3989e-02,    2.0000e+00
8.0275e+01,    2.3775e-02,    2.0000e+00
8.1019e+01,    2.3563e-02,    2.0000e+00
8.1769e+01,    2.3353e-02,    2.0000e+00
8.2526e+01,    2.3144e-02,    2.0000e+00
8.3290e+01,    2.2937e-02,    2.0000e+00
8.4061e+01,    2.2732e-02,    2.0000e+00
8.4839e+01,    2.2529e-02,    2.0000e+00
8.5625e+01,    2.2328e-02,    2.0000e+00
8.6418e+01,    2.2128e-02,    2.0000e+00
8.7218e+01,    2.1931e-02,    2.0000e+00
8.8025e+01,    2.1735e-02,    2.0000e+00
8.8840e+01,    2.1540e-02,    2.0000e+00
8.9663e+01,    2.1348e-02,    2.0000e+00
9.0493e+01,    2.1157e-02,    2.0000e+00
9.1331e+01,    2.0967e-02,    2.0000e+00
9.2176e+01,    2.0780e-02,    2.0000e+00
9.3030e+01,    2.0594e-02,    2.0000e+00
9.3891e+01,    2.0409e-02,    2.0000e+00
9.4761e+01,    2.0227e-02,    2.0000e+00
9.5638e+01,    2.0046e-02,    2.0000e+00
9.6523e+01,    1.9866e-02,    2.0000e+00
9.7417e+01,    1.9688e-02,    2.0000e+00
9.8319e+01,    1.9512e-02,    2.0000e+00
9.9229e+01,    1.9337e-02,    2.0000e+00
1.0015e+02,    1.9164e-02,    2.0000e+00
1.0108e+02,    1.8992e-02,    2.0000e+00
1.0201e+02,    1.8822e-02,    2.0000e+00
1.0296e+02,    1.8653e-02,    2.0000e+00
1.0391e+02,    1.8486e-02,    2.0000e+00
1.0487e+02,    1.8320e-02,    2.0000e+00
1.0584e+02,    1.8156e-02,    2.0000e+00
1.0682e+02,    1.7993e-02,    2.0000e+00
1.0781e+02,    1.7832e-02,    2.0000e+00
1.0881e+02,    1.7672e-02,    2.0000e+00
1.0982e+02,    1.7514e-02,    2.0000e+00
1.1083e+02,    1.7356e-02,    2.0000e+00
1.1186e+02,    1.7201e-02,    2.0000e+00
1.1290e+02,    1.7046e-02,    2.0000e+00
1.1394e+02,    1.6893e-02,    2.0000e+00
1.1500e+02,    1.6742e-02,    2.0000e+00
1.1606e+02,    1.6591e-02,    2.0000e+00
1.1713e+02,    1.6442e-02,    2.0000e+00
1.1822e+02,    1.6295e-02,    2.0000e+00
