# Force βfL, Rxyy^2, Persistence Length λ
1.0029e-02,    6.5977e-01,    3.2000e+01
1.0122e-02,    6.5977e-01,    3.2000e+01
1.0216e-02,    6.5977e-01,    3.2000e+01
1.0310e-02,    6.5977e-01,    3.2000e+01
1.0406e-02,    6.5977e-01,    3.2000e+01
1.0502e-02,    6.5977e-01,    3.2000e+01
1.0599e-02,    6.5977e-01,    3.2000e+01
1.0697e-02,    6.5977e-01,    3.2000e+01
1.0796e-02,    6.5977e-01,    3.2000e+01
1.0896e-02,    6.5977e-01,    3.2000e+01
1.0997e-02,    6.5977e-01,    3.2000e+01
1.1099e-02,    6.5977e-01,    3.2000e+01
1.1202e-02,    6.5977e-01,    3.2000e+01
1.1306e-02,    6.5977e-01,    3.2000e+01
1.1410e-02,    6.5977e-01,    3.2000e+01
1.1516e-02,    6.5977e-01,    3.2000e+01
1.1623e-02,    6.5977e-01,    3.2000e+01
1.1730e-02,    6.5977e-01,    3.2000e+01
1.1839e-02,    6.5977e-01,    3.2000e+01
1.1948e-02,    6.5977e-01,    3.2000e+01
1.2059e-02,    6.5977e-01,    3.2000e+01
1.2171e-02,    6.5977e-01,    3.2000e+01
1.2283e-02,    6.5977e-01,    3.2000e+01
1.2397e-02,    6.5977e-01,    3.2000e+01
1.2512e-02,    6.5976e-01,    3.2000e+01
1.2628e-02,    6.5976e-01,    3.2000e+01
1.2745e-02,    6.5976e-01,    3.2000e+01
1.2863e-02,    6.5976e-01,    3.2000e+01
1.2982e-02,    6.5976e-01,    3.2000e+01
1.3102e-02,    6.5976e-01,    3.2000e+01
1.3223e-02,    6.5976e-01,    3.2000e+01
1.3346e-02,    6.5976e-01,    3.2000e+01
1.3469e-02,    6.5976e-01,    3.2000e+01
1.3594e-02,    6.5976e-01,    3.2000e+01
1.3720e-02,    6.5976e-01,    3.2000e+01
1.3847e-02,    6.5976e-01,    3.2000e+01
1.3975e-02,    6.5976e-01,    3.2000e+01
1.4104e-02,    6.5976e-01,    3.2000e+01
1.4235e-02,    6.5976e-01,    3.2000e+01
1.4367e-02,    6.5976e-01,    3.2000e+01
1.4500e-02,    6.5976e-01,    3.2000e+01
1.4634e-02,    6.5976e-01,    3.2000e+01
1.4769e-02,    6.5976e-01,    3.2000e+01
1.4906e-02,    6.5976e-01,    3.2000e+01
1.5044e-02,    6.5976e-01,    3.2000e+01
1.5184e-02,    6.5976e-01,    3.2000e+01
1.5324e-02,    6.5976e-01,    3.2000e+01
1.5466e-02,    6.5976e-01,    3.2000e+01
1.5609e-02,    6.5976e-01,    3.2000e+01
1.5754e-02,    6.5976e-01,    3.2000e+01
1.5900e-02,    6.5976e-01,    3.2000e+01
1.6047e-02,    6.5976e-01,    3.2000e+01
1.6195e-02,    6.5976e-01,    3.2000e+01
1.6345e-02,    6.5976e-01,    3.2000e+01
1.6497e-02,    6.5976e-01,    3.2000e+01
1.6649e-02,    6.5976e-01,    3.2000e+01
1.6804e-02,    6.5976e-01,    3.2000e+01
1.6959e-02,    6.5976e-01,    3.2000e+01
1.7116e-02,    6.5976e-01,    3.2000e+01
1.7275e-02,    6.5976e-01,    3.2000e+01
1.7435e-02,    6.5976e-01,    3.2000e+01
1.7596e-02,    6.5976e-01,    3.2000e+01
1.7759e-02,    6.5976e-01,    3.2000e+01
1.7923e-02,    6.5976e-01,    3.2000e+01
1.8089e-02,    6.5976e-01,    3.2000e+01
1.8257e-02,    6.5976e-01,    3.2000e+01
1.8426e-02,    6.5976e-01,    3.2000e+01
1.8596e-02,    6.5976e-01,    3.2000e+01
1.8769e-02,    6.5976e-01,    3.2000e+01
1.8942e-02,    6.5976e-01,    3.2000e+01
1.9118e-02,    6.5976e-01,    3.2000e+01
1.9295e-02,    6.5976e-01,    3.2000e+01
1.9473e-02,    6.5976e-01,    3.2000e+01
1.9654e-02,    6.5975e-01,    3.2000e+01
1.9836e-02,    6.5975e-01,    3.2000e+01
2.0019e-02,    6.5975e-01,    3.2000e+01
2.0205e-02,    6.5975e-01,    3.2000e+01
2.0392e-02,    6.5975e-01,    3.2000e+01
2.0580e-02,    6.5975e-01,    3.2000e+01
2.0771e-02,    6.5975e-01,    3.2000e+01
2.0963e-02,    6.5975e-01,    3.2000e+01
2.1157e-02,    6.5975e-01,    3.2000e+01
2.1353e-02,    6.5975e-01,    3.2000e+01
2.1551e-02,    6.5975e-01,    3.2000e+01
2.1751e-02,    6.5975e-01,    3.2000e+01
2.1952e-02,    6.5975e-01,    3.2000e+01
2.2155e-02,    6.5975e-01,    3.2000e+01
2.2360e-02,    6.5975e-01,    3.2000e+01
2.2567e-02,    6.5975e-01,    3.2000e+01
2.2776e-02,    6.5975e-01,    3.2000e+01
2.2987e-02,    6.5975e-01,    3.2000e+01
2.3200e-02,    6.5975e-01,    3.2000e+01
2.3415e-02,    6.5975e-01,    3.2000e+01
2.3632e-02,    6.5975e-01,    3.2000e+01
2.3850e-02,    6.5975e-01,    3.2000e+01
2.4071e-02,    6.5975e-01,    3.2000e+01
2.4294e-02,    6.5975e-01,    3.2000e+01
2.4519e-02,    6.5975e-01,    3.2000e+01
2.4746e-02,    6.5975e-01,    3.2000e+01
2.4975e-02,    6.5974e-01,    3.2000e+01
2.5206e-02,    6.5974e-01,    3.2000e+01
2.5440e-02,    6.5974e-01,    3.2000e+01
2.5675e-02,    6.5974e-01,    3.2000e+01
2.5913e-02,    6.5974e-01,    3.2000e+01
2.6153e-02,    6.5974e-01,    3.2000e+01
2.6395e-02,    6.5974e-01,    3.2000e+01
2.6639e-02,    6.5974e-01,    3.2000e+01
2.6886e-02,    6.5974e-01,    3.2000e+01
2.7135e-02,    6.5974e-01,    3.2000e+01
2.7386e-02,    6.5974e-01,    3.2000e+01
2.7640e-02,    6.5974e-01,    3.2000e+01
2.7896e-02,    6.5974e-01,    3.2000e+01
2.8154e-02,    6.5974e-01,    3.2000e+01
2.8415e-02,    6.5974e-01,    3.2000e+01
2.8678e-02,    6.5974e-01,    3.2000e+01
2.8943e-02,    6.5974e-01,    3.2000e+01
2.9211e-02,    6.5973e-01,    3.2000e+01
2.9482e-02,    6.5973e-01,    3.2000e+01
2.9755e-02,    6.5973e-01,    3.2000e+01
3.0030e-02,    6.5973e-01,    3.2000e+01
3.0308e-02,    6.5973e-01,    3.2000e+01
3.0589e-02,    6.5973e-01,    3.2000e+01
3.0872e-02,    6.5973e-01,    3.2000e+01
3.1158e-02,    6.5973e-01,    3.2000e+01
3.1446e-02,    6.5973e-01,    3.2000e+01
3.1738e-02,    6.5973e-01,    3.2000e+01
3.2031e-02,    6.5973e-01,    3.2000e+01
3.2328e-02,    6.5973e-01,    3.2000e+01
3.2627e-02,    6.5973e-01,    3.2000e+01
3.2929e-02,    6.5972e-01,    3.2000e+01
3.3234e-02,    6.5972e-01,    3.2000e+01
3.3542e-02,    6.5972e-01,    3.2000e+01
3.3852e-02,    6.5972e-01,    3.2000e+01
3.4166e-02,    6.5972e-01,    3.2000e+01
3.4482e-02,    6.5972e-01,    3.2000e+01
3.4801e-02,    6.5972e-01,    3.2000e+01
3.5124e-02,    6.5972e-01,    3.2000e+01
3.5449e-02,    6.5972e-01,    3.2000e+01
3.5777e-02,    6.5972e-01,    3.2000e+01
3.6108e-02,    6.5971e-01,    3.2000e+01
3.6443e-02,    6.5971e-01,    3.2000e+01
3.6780e-02,    6.5971e-01,    3.2000e+01
3.7121e-02,    6.5971e-01,    3.2000e+01
3.7464e-02,    6.5971e-01,    3.2000e+01
3.7811e-02,    6.5971e-01,    3.2000e+01
3.8161e-02,    6.5971e-01,    3.2000e+01
3.8515e-02,    6.5971e-01,    3.2000e+01
3.8871e-02,    6.5971e-01,    3.2000e+01
3.9231e-02,    6.5970e-01,    3.2000e+01
3.9594e-02,    6.5970e-01,    3.2000e+01
3.9961e-02,    6.5970e-01,    3.2000e+01
4.0331e-02,    6.5970e-01,    3.2000e+01
4.0704e-02,    6.5970e-01,    3.2000e+01
4.1081e-02,    6.5970e-01,    3.2000e+01
4.1462e-02,    6.5970e-01,    3.2000e+01
4.1845e-02,    6.5970e-01,    3.2000e+01
4.2233e-02,    6.5969e-01,    3.2000e+01
4.2624e-02,    6.5969e-01,    3.2000e+01
4.3019e-02,    6.5969e-01,    3.2000e+01
4.3417e-02,    6.5969e-01,    3.2000e+01
4.3819e-02,    6.5969e-01,    3.2000e+01
4.4224e-02,    6.5969e-01,    3.2000e+01
4.4634e-02,    6.5969e-01,    3.2000e+01
4.5047e-02,    6.5968e-01,    3.2000e+01
4.5464e-02,    6.5968e-01,    3.2000e+01
4.5885e-02,    6.5968e-01,    3.2000e+01
4.6310e-02,    6.5968e-01,    3.2000e+01
4.6739e-02,    6.5968e-01,    3.2000e+01
4.7172e-02,    6.5967e-01,    3.2000e+01
4.7608e-02,    6.5967e-01,    3.2000e+01
4.8049e-02,    6.5967e-01,    3.2000e+01
4.8494e-02,    6.5967e-01,    3.2000e+01
4.8943e-02,    6.5967e-01,    3.2000e+01
4.9396e-02,    6.5967e-01,    3.2000e+01
4.9853e-02,    6.5966e-01,    3.2000e+01
5.0315e-02,    6.5966e-01,    3.2000e+01
5.0781e-02,    6.5966e-01,    3.2000e+01
5.1251e-02,    6.5966e-01,    3.2000e+01
5.1726e-02,    6.5966e-01,    3.2000e+01
5.2204e-02,    6.5965e-01,    3.2000e+01
5.2688e-02,    6.5965e-01,    3.2000e+01
5.3176e-02,    6.5965e-01,    3.2000e+01
5.3668e-02,    6.5965e-01,    3.2000e+01
5.4165e-02,    6.5964e-01,    3.2000e+01
5.4666e-02,    6.5964e-01,    3.2000e+01
5.5173e-02,    6.5964e-01,    3.2000e+01
5.5683e-02,    6.5964e-01,    3.2000e+01
5.6199e-02,    6.5963e-01,    3.2000e+01
5.6719e-02,    6.5963e-01,    3.2000e+01
5.7244e-02,    6.5963e-01,    3.2000e+01
5.7774e-02,    6.5963e-01,    3.2000e+01
5.8309e-02,    6.5962e-01,    3.2000e+01
5.8849e-02,    6.5962e-01,    3.2000e+01
5.9394e-02,    6.5962e-01,    3.2000e+01
5.9944e-02,    6.5962e-01,    3.2000e+01
6.0499e-02,    6.5961e-01,    3.2000e+01
6.1059e-02,    6.5961e-01,    3.2000e+01
6.1624e-02,    6.5961e-01,    3.2000e+01
6.2195e-02,    6.5960e-01,    3.2000e+01
6.2771e-02,    6.5960e-01,    3.2000e+01
6.3352e-02,    6.5960e-01,    3.2000e+01
6.3939e-02,    6.5959e-01,    3.2000e+01
6.4531e-02,    6.5959e-01,    3.2000e+01
6.5128e-02,    6.5959e-01,    3.2000e+01
6.5731e-02,    6.5958e-01,    3.2000e+01
6.6340e-02,    6.5958e-01,    3.2000e+01
6.6954e-02,    6.5958e-01,    3.2000e+01
6.7574e-02,    6.5957e-01,    3.2000e+01
6.8199e-02,    6.5957e-01,    3.2000e+01
6.8831e-02,    6.5957e-01,    3.2000e+01
6.9468e-02,    6.5956e-01,    3.2000e+01
7.0111e-02,    6.5956e-01,    3.2000e+01
7.0760e-02,    6.5955e-01,    3.2000e+01
7.1416e-02,    6.5955e-01,    3.2000e+01
7.2077e-02,    6.5955e-01,    3.2000e+01
7.2744e-02,    6.5954e-01,    3.2000e+01
7.3418e-02,    6.5954e-01,    3.2000e+01
7.4097e-02,    6.5953e-01,    3.2000e+01
7.4783e-02,    6.5953e-01,    3.2000e+01
7.5476e-02,    6.5952e-01,    3.2000e+01
7.6175e-02,    6.5952e-01,    3.2000e+01
7.6880e-02,    6.5951e-01,    3.2000e+01
7.7592e-02,    6.5951e-01,    3.2000e+01
7.8310e-02,    6.5950e-01,    3.2000e+01
7.9035e-02,    6.5950e-01,    3.2000e+01
7.9767e-02,    6.5949e-01,    3.2000e+01
8.0505e-02,    6.5949e-01,    3.2000e+01
8.1251e-02,    6.5948e-01,    3.2000e+01
8.2003e-02,    6.5948e-01,    3.2000e+01
8.2762e-02,    6.5947e-01,    3.2000e+01
8.3529e-02,    6.5947e-01,    3.2000e+01
8.4302e-02,    6.5946e-01,    3.2000e+01
8.5083e-02,    6.5946e-01,    3.2000e+01
8.5870e-02,    6.5945e-01,    3.2000e+01
8.6665e-02,    6.5945e-01,    3.2000e+01
8.7468e-02,    6.5944e-01,    3.2000e+01
8.8278e-02,    6.5943e-01,    3.2000e+01
8.9095e-02,    6.5943e-01,    3.2000e+01
8.9920e-02,    6.5942e-01,    3.2000e+01
9.0752e-02,    6.5941e-01,    3.2000e+01
9.1593e-02,    6.5941e-01,    3.2000e+01
9.2441e-02,    6.5940e-01,    3.2000e+01
9.3297e-02,    6.5939e-01,    3.2000e+01
9.4160e-02,    6.5939e-01,    3.2000e+01
9.5032e-02,    6.5938e-01,    3.2000e+01
9.5912e-02,    6.5937e-01,    3.2000e+01
9.6800e-02,    6.5936e-01,    3.2000e+01
9.7696e-02,    6.5936e-01,    3.2000e+01
9.8601e-02,    6.5935e-01,    3.2000e+01
9.9514e-02,    6.5934e-01,    3.2000e+01
1.0044e-01,    6.5933e-01,    3.2000e+01
1.0136e-01,    6.5932e-01,    3.2000e+01
1.0230e-01,    6.5932e-01,    3.2000e+01
1.0325e-01,    6.5931e-01,    3.2000e+01
1.0421e-01,    6.5930e-01,    3.2000e+01
1.0517e-01,    6.5929e-01,    3.2000e+01
1.0615e-01,    6.5928e-01,    3.2000e+01
1.0713e-01,    6.5927e-01,    3.2000e+01
1.0812e-01,    6.5926e-01,    3.2000e+01
1.0912e-01,    6.5925e-01,    3.2000e+01
1.1013e-01,    6.5924e-01,    3.2000e+01
1.1115e-01,    6.5923e-01,    3.2000e+01
1.1218e-01,    6.5922e-01,    3.2000e+01
1.1322e-01,    6.5921e-01,    3.2000e+01
1.1427e-01,    6.5920e-01,    3.2000e+01
1.1532e-01,    6.5919e-01,    3.2000e+01
1.1639e-01,    6.5918e-01,    3.2000e+01
1.1747e-01,    6.5917e-01,    3.2000e+01
1.1856e-01,    6.5916e-01,    3.2000e+01
1.1966e-01,    6.5915e-01,    3.2000e+01
1.2076e-01,    6.5914e-01,    3.2000e+01
1.2188e-01,    6.5913e-01,    3.2000e+01
1.2301e-01,    6.5911e-01,    3.2000e+01
1.2415e-01,    6.5910e-01,    3.2000e+01
1.2530e-01,    6.5909e-01,    3.2000e+01
1.2646e-01,    6.5908e-01,    3.2000e+01
1.2763e-01,    6.5906e-01,    3.2000e+01
1.2881e-01,    6.5905e-01,    3.2000e+01
1.3000e-01,    6.5904e-01,    3.2000e+01
1.3121e-01,    6.5902e-01,    3.2000e+01
1.3242e-01,    6.5901e-01,    3.2000e+01
1.3365e-01,    6.5900e-01,    3.2000e+01
1.3489e-01,    6.5898e-01,    3.2000e+01
1.3613e-01,    6.5897e-01,    3.2000e+01
1.3739e-01,    6.5895e-01,    3.2000e+01
1.3867e-01,    6.5894e-01,    3.2000e+01
1.3995e-01,    6.5892e-01,    3.2000e+01
1.4125e-01,    6.5890e-01,    3.2000e+01
1.4255e-01,    6.5889e-01,    3.2000e+01
1.4387e-01,    6.5887e-01,    3.2000e+01
1.4521e-01,    6.5886e-01,    3.2000e+01
1.4655e-01,    6.5884e-01,    3.2000e+01
1.4791e-01,    6.5882e-01,    3.2000e+01
1.4928e-01,    6.5880e-01,    3.2000e+01
1.5066e-01,    6.5879e-01,    3.2000e+01
1.5205e-01,    6.5877e-01,    3.2000e+01
1.5346e-01,    6.5875e-01,    3.2000e+01
1.5488e-01,    6.5873e-01,    3.2000e+01
1.5632e-01,    6.5871e-01,    3.2000e+01
1.5776e-01,    6.5869e-01,    3.2000e+01
1.5922e-01,    6.5867e-01,    3.2000e+01
1.6070e-01,    6.5865e-01,    3.2000e+01
1.6219e-01,    6.5863e-01,    3.2000e+01
1.6369e-01,    6.5861e-01,    3.2000e+01
1.6520e-01,    6.5859e-01,    3.2000e+01
1.6673e-01,    6.5856e-01,    3.2000e+01
1.6828e-01,    6.5854e-01,    3.2000e+01
1.6984e-01,    6.5852e-01,    3.2000e+01
1.7141e-01,    6.5850e-01,    3.2000e+01
1.7299e-01,    6.5847e-01,    3.2000e+01
1.7460e-01,    6.5845e-01,    3.2000e+01
1.7621e-01,    6.5842e-01,    3.2000e+01
1.7784e-01,    6.5840e-01,    3.2000e+01
1.7949e-01,    6.5837e-01,    3.2000e+01
1.8115e-01,    6.5835e-01,    3.2000e+01
1.8283e-01,    6.5832e-01,    3.2000e+01
1.8452e-01,    6.5829e-01,    3.2000e+01
1.8623e-01,    6.5827e-01,    3.2000e+01
1.8796e-01,    6.5824e-01,    3.2000e+01
1.8970e-01,    6.5821e-01,    3.2000e+01
1.9145e-01,    6.5818e-01,    3.2000e+01
1.9322e-01,    6.5815e-01,    3.2000e+01
1.9501e-01,    6.5812e-01,    3.2000e+01
1.9682e-01,    6.5809e-01,    3.2000e+01
1.9864e-01,    6.5806e-01,    3.2000e+01
2.0048e-01,    6.5803e-01,    3.2000e+01
2.0234e-01,    6.5800e-01,    3.2000e+01
2.0421e-01,    6.5796e-01,    3.2000e+01
2.0610e-01,    6.5793e-01,    3.2000e+01
2.0801e-01,    6.5790e-01,    3.2000e+01
2.0994e-01,    6.5786e-01,    3.2000e+01
2.1188e-01,    6.5783e-01,    3.2000e+01
2.1384e-01,    6.5779e-01,    3.2000e+01
2.1582e-01,    6.5775e-01,    3.2000e+01
2.1782e-01,    6.5772e-01,    3.2000e+01
2.1984e-01,    6.5768e-01,    3.2000e+01
2.2187e-01,    6.5764e-01,    3.2000e+01
2.2393e-01,    6.5760e-01,    3.2000e+01
2.2600e-01,    6.5756e-01,    3.2000e+01
2.2809e-01,    6.5752e-01,    3.2000e+01
2.3020e-01,    6.5748e-01,    3.2000e+01
2.3233e-01,    6.5743e-01,    3.2000e+01
2.3449e-01,    6.5739e-01,    3.2000e+01
2.3666e-01,    6.5735e-01,    3.2000e+01
2.3885e-01,    6.5730e-01,    3.2000e+01
2.4106e-01,    6.5726e-01,    3.2000e+01
2.4329e-01,    6.5721e-01,    3.2000e+01
2.4554e-01,    6.5716e-01,    3.2000e+01
2.4782e-01,    6.5711e-01,    3.2000e+01
2.5011e-01,    6.5706e-01,    3.2000e+01
2.5243e-01,    6.5701e-01,    3.2000e+01
2.5476e-01,    6.5696e-01,    3.2000e+01
2.5712e-01,    6.5691e-01,    3.2000e+01
2.5950e-01,    6.5686e-01,    3.2000e+01
2.6191e-01,    6.5681e-01,    3.2000e+01
2.6433e-01,    6.5675e-01,    3.2000e+01
2.6678e-01,    6.5669e-01,    3.2000e+01
2.6925e-01,    6.5664e-01,    3.2000e+01
2.7174e-01,    6.5658e-01,    3.2000e+01
2.7426e-01,    6.5652e-01,    3.2000e+01
2.7680e-01,    6.5646e-01,    3.2000e+01
2.7936e-01,    6.5640e-01,    3.2000e+01
2.8195e-01,    6.5634e-01,    3.2000e+01
2.8456e-01,    6.5627e-01,    3.2000e+01
2.8719e-01,    6.5621e-01,    3.2000e+01
2.8985e-01,    6.5614e-01,    3.2000e+01
2.9253e-01,    6.5608e-01,    3.2000e+01
2.9524e-01,    6.5601e-01,    3.2000e+01
2.9798e-01,    6.5594e-01,    3.2000e+01
3.0073e-01,    6.5587e-01,    3.2000e+01
3.0352e-01,    6.5580e-01,    3.2000e+01
3.0633e-01,    6.5572e-01,    3.2000e+01
3.0917e-01,    6.5565e-01,    3.2000e+01
3.1203e-01,    6.5557e-01,    3.2000e+01
3.1492e-01,    6.5550e-01,    3.2000e+01
3.1783e-01,    6.5542e-01,    3.2000e+01
3.2078e-01,    6.5534e-01,    3.2000e+01
3.2375e-01,    6.5525e-01,    3.2000e+01
3.2674e-01,    6.5517e-01,    3.2000e+01
3.2977e-01,    6.5509e-01,    3.2000e+01
3.3282e-01,    6.5500e-01,    3.2000e+01
3.3590e-01,    6.5491e-01,    3.2000e+01
3.3901e-01,    6.5482e-01,    3.2000e+01
3.4215e-01,    6.5473e-01,    3.2000e+01
3.4532e-01,    6.5464e-01,    3.2000e+01
3.4852e-01,    6.5454e-01,    3.2000e+01
3.5174e-01,    6.5445e-01,    3.2000e+01
3.5500e-01,    6.5435e-01,    3.2000e+01
3.5829e-01,    6.5425e-01,    3.2000e+01
3.6160e-01,    6.5415e-01,    3.2000e+01
3.6495e-01,    6.5405e-01,    3.2000e+01
3.6833e-01,    6.5394e-01,    3.2000e+01
3.7174e-01,    6.5383e-01,    3.2000e+01
3.7518e-01,    6.5372e-01,    3.2000e+01
3.7866e-01,    6.5361e-01,    3.2000e+01
3.8216e-01,    6.5350e-01,    3.2000e+01
3.8570e-01,    6.5339e-01,    3.2000e+01
3.8927e-01,    6.5327e-01,    3.2000e+01
3.9288e-01,    6.5315e-01,    3.2000e+01
3.9651e-01,    6.5303e-01,    3.2000e+01
4.0018e-01,    6.5290e-01,    3.2000e+01
4.0389e-01,    6.5278e-01,    3.2000e+01
4.0763e-01,    6.5265e-01,    3.2000e+01
4.1140e-01,    6.5252e-01,    3.2000e+01
4.1521e-01,    6.5239e-01,    3.2000e+01
4.1906e-01,    6.5225e-01,    3.2000e+01
4.2294e-01,    6.5211e-01,    3.2000e+01
4.2685e-01,    6.5197e-01,    3.2000e+01
4.3081e-01,    6.5183e-01,    3.2000e+01
4.3479e-01,    6.5169e-01,    3.2000e+01
4.3882e-01,    6.5154e-01,    3.2000e+01
4.4288e-01,    6.5139e-01,    3.2000e+01
4.4698e-01,    6.5124e-01,    3.2000e+01
4.5112e-01,    6.5108e-01,    3.2000e+01
4.5530e-01,    6.5092e-01,    3.2000e+01
4.5951e-01,    6.5076e-01,    3.2000e+01
4.6377e-01,    6.5060e-01,    3.2000e+01
4.6806e-01,    6.5043e-01,    3.2000e+01
4.7240e-01,    6.5026e-01,    3.2000e+01
4.7677e-01,    6.5009e-01,    3.2000e+01
4.8118e-01,    6.4991e-01,    3.2000e+01
4.8564e-01,    6.4973e-01,    3.2000e+01
4.9014e-01,    6.4955e-01,    3.2000e+01
4.9467e-01,    6.4936e-01,    3.2000e+01
4.9925e-01,    6.4917e-01,    3.2000e+01
5.0388e-01,    6.4898e-01,    3.2000e+01
5.0854e-01,    6.4878e-01,    3.2000e+01
5.1325e-01,    6.4858e-01,    3.2000e+01
5.1800e-01,    6.4838e-01,    3.2000e+01
5.2280e-01,    6.4817e-01,    3.2000e+01
5.2764e-01,    6.4796e-01,    3.2000e+01
5.3252e-01,    6.4775e-01,    3.2000e+01
5.3745e-01,    6.4753e-01,    3.2000e+01
5.4243e-01,    6.4731e-01,    3.2000e+01
5.4745e-01,    6.4708e-01,    3.2000e+01
5.5252e-01,    6.4686e-01,    3.2000e+01
5.5764e-01,    6.4662e-01,    3.2000e+01
5.6280e-01,    6.4638e-01,    3.2000e+01
5.6801e-01,    6.4614e-01,    3.2000e+01
5.7327e-01,    6.4590e-01,    3.2000e+01
5.7858e-01,    6.4565e-01,    3.2000e+01
5.8393e-01,    6.4539e-01,    3.2000e+01
5.8934e-01,    6.4513e-01,    3.2000e+01
5.9480e-01,    6.4487e-01,    3.2000e+01
6.0030e-01,    6.4460e-01,    3.2000e+01
6.0586e-01,    6.4433e-01,    3.2000e+01
6.1147e-01,    6.4405e-01,    3.2000e+01
6.1713e-01,    6.4377e-01,    3.2000e+01
6.2285e-01,    6.4348e-01,    3.2000e+01
6.2861e-01,    6.4319e-01,    3.2000e+01
6.3443e-01,    6.4289e-01,    3.2000e+01
6.4031e-01,    6.4259e-01,    3.2000e+01
6.4624e-01,    6.4228e-01,    3.2000e+01
6.5222e-01,    6.4197e-01,    3.2000e+01
6.5826e-01,    6.4165e-01,    3.2000e+01
6.6435e-01,    6.4133e-01,    3.2000e+01
6.7050e-01,    6.4100e-01,    3.2000e+01
6.7671e-01,    6.4066e-01,    3.2000e+01
6.8298e-01,    6.4032e-01,    3.2000e+01
6.8930e-01,    6.3998e-01,    3.2000e+01
6.9568e-01,    6.3962e-01,    3.2000e+01
7.0212e-01,    6.3926e-01,    3.2000e+01
7.0862e-01,    6.3890e-01,    3.2000e+01
7.1518e-01,    6.3853e-01,    3.2000e+01
7.2181e-01,    6.3815e-01,    3.2000e+01
7.2849e-01,    6.3777e-01,    3.2000e+01
7.3523e-01,    6.3738e-01,    3.2000e+01
7.4204e-01,    6.3698e-01,    3.2000e+01
7.4891e-01,    6.3658e-01,    3.2000e+01
7.5585e-01,    6.3617e-01,    3.2000e+01
7.6284e-01,    6.3576e-01,    3.2000e+01
7.6991e-01,    6.3533e-01,    3.2000e+01
7.7704e-01,    6.3490e-01,    3.2000e+01
7.8423e-01,    6.3446e-01,    3.2000e+01
7.9149e-01,    6.3402e-01,    3.2000e+01
7.9882e-01,    6.3357e-01,    3.2000e+01
8.0621e-01,    6.3311e-01,    3.2000e+01
8.1368e-01,    6.3264e-01,    3.2000e+01
8.2121e-01,    6.3217e-01,    3.2000e+01
8.2882e-01,    6.3168e-01,    3.2000e+01
8.3649e-01,    6.3119e-01,    3.2000e+01
8.4424e-01,    6.3070e-01,    3.2000e+01
8.5205e-01,    6.3019e-01,    3.2000e+01
8.5994e-01,    6.2967e-01,    3.2000e+01
8.6790e-01,    6.2915e-01,    3.2000e+01
8.7594e-01,    6.2862e-01,    3.2000e+01
8.8405e-01,    6.2808e-01,    3.2000e+01
8.9223e-01,    6.2753e-01,    3.2000e+01
9.0049e-01,    6.2697e-01,    3.2000e+01
9.0883e-01,    6.2641e-01,    3.2000e+01
9.1725e-01,    6.2583e-01,    3.2000e+01
9.2574e-01,    6.2525e-01,    3.2000e+01
9.3431e-01,    6.2465e-01,    3.2000e+01
9.4296e-01,    6.2405e-01,    3.2000e+01
9.5169e-01,    6.2344e-01,    3.2000e+01
9.6050e-01,    6.2282e-01,    3.2000e+01
9.6940e-01,    6.2218e-01,    3.2000e+01
9.7837e-01,    6.2154e-01,    3.2000e+01
9.8743e-01,    6.2089e-01,    3.2000e+01
9.9657e-01,    6.2023e-01,    3.2000e+01
1.0058e+00,    6.1956e-01,    3.2000e+01
1.0151e+00,    6.1887e-01,    3.2000e+01
1.0245e+00,    6.1818e-01,    3.2000e+01
1.0340e+00,    6.1748e-01,    3.2000e+01
1.0436e+00,    6.1676e-01,    3.2000e+01
1.0532e+00,    6.1604e-01,    3.2000e+01
1.0630e+00,    6.1530e-01,    3.2000e+01
1.0728e+00,    6.1455e-01,    3.2000e+01
1.0828e+00,    6.1380e-01,    3.2000e+01
1.0928e+00,    6.1303e-01,    3.2000e+01
1.1029e+00,    6.1224e-01,    3.2000e+01
1.1131e+00,    6.1145e-01,    3.2000e+01
1.1234e+00,    6.1065e-01,    3.2000e+01
1.1338e+00,    6.0983e-01,    3.2000e+01
1.1443e+00,    6.0900e-01,    3.2000e+01
1.1549e+00,    6.0816e-01,    3.2000e+01
1.1656e+00,    6.0731e-01,    3.2000e+01
1.1764e+00,    6.0645e-01,    3.2000e+01
1.1873e+00,    6.0557e-01,    3.2000e+01
1.1983e+00,    6.0468e-01,    3.2000e+01
1.2094e+00,    6.0378e-01,    3.2000e+01
1.2206e+00,    6.0286e-01,    3.2000e+01
1.2319e+00,    6.0193e-01,    3.2000e+01
1.2433e+00,    6.0099e-01,    3.2000e+01
1.2548e+00,    6.0004e-01,    3.2000e+01
1.2664e+00,    5.9907e-01,    3.2000e+01
1.2781e+00,    5.9809e-01,    3.2000e+01
1.2900e+00,    5.9710e-01,    3.2000e+01
1.3019e+00,    5.9609e-01,    3.2000e+01
1.3140e+00,    5.9507e-01,    3.2000e+01
1.3261e+00,    5.9403e-01,    3.2000e+01
1.3384e+00,    5.9299e-01,    3.2000e+01
1.3508e+00,    5.9192e-01,    3.2000e+01
1.3633e+00,    5.9085e-01,    3.2000e+01
1.3759e+00,    5.8975e-01,    3.2000e+01
1.3887e+00,    5.8865e-01,    3.2000e+01
1.4015e+00,    5.8753e-01,    3.2000e+01
1.4145e+00,    5.8640e-01,    3.2000e+01
1.4276e+00,    5.8525e-01,    3.2000e+01
1.4408e+00,    5.8408e-01,    3.2000e+01
1.4542e+00,    5.8291e-01,    3.2000e+01
1.4676e+00,    5.8171e-01,    3.2000e+01
1.4812e+00,    5.8051e-01,    3.2000e+01
1.4949e+00,    5.7928e-01,    3.2000e+01
1.5088e+00,    5.7805e-01,    3.2000e+01
1.5227e+00,    5.7679e-01,    3.2000e+01
1.5368e+00,    5.7552e-01,    3.2000e+01
1.5511e+00,    5.7424e-01,    3.2000e+01
1.5654e+00,    5.7294e-01,    3.2000e+01
1.5799e+00,    5.7163e-01,    3.2000e+01
1.5945e+00,    5.7030e-01,    3.2000e+01
1.6093e+00,    5.6896e-01,    3.2000e+01
1.6242e+00,    5.6760e-01,    3.2000e+01
1.6392e+00,    5.6622e-01,    3.2000e+01
1.6544e+00,    5.6483e-01,    3.2000e+01
1.6697e+00,    5.6342e-01,    3.2000e+01
1.6852e+00,    5.6200e-01,    3.2000e+01
1.7008e+00,    5.6056e-01,    3.2000e+01
1.7165e+00,    5.5911e-01,    3.2000e+01
1.7324e+00,    5.5764e-01,    3.2000e+01
1.7485e+00,    5.5616e-01,    3.2000e+01
1.7647e+00,    5.5466e-01,    3.2000e+01
1.7810e+00,    5.5314e-01,    3.2000e+01
1.7975e+00,    5.5161e-01,    3.2000e+01
1.8141e+00,    5.5006e-01,    3.2000e+01
1.8309e+00,    5.4850e-01,    3.2000e+01
1.8479e+00,    5.4692e-01,    3.2000e+01
1.8650e+00,    5.4533e-01,    3.2000e+01
1.8823e+00,    5.4372e-01,    3.2000e+01
1.8997e+00,    5.4209e-01,    3.2000e+01
1.9173e+00,    5.4045e-01,    3.2000e+01
1.9350e+00,    5.3880e-01,    3.2000e+01
1.9529e+00,    5.3713e-01,    3.2000e+01
1.9710e+00,    5.3544e-01,    3.2000e+01
1.9893e+00,    5.3374e-01,    3.2000e+01
2.0077e+00,    5.3202e-01,    3.2000e+01
2.0263e+00,    5.3029e-01,    3.2000e+01
2.0450e+00,    5.2854e-01,    3.2000e+01
2.0640e+00,    5.2678e-01,    3.2000e+01
2.0831e+00,    5.2500e-01,    3.2000e+01
2.1024e+00,    5.2321e-01,    3.2000e+01
2.1218e+00,    5.2140e-01,    3.2000e+01
2.1415e+00,    5.1958e-01,    3.2000e+01
2.1613e+00,    5.1774e-01,    3.2000e+01
2.1813e+00,    5.1589e-01,    3.2000e+01
2.2015e+00,    5.1403e-01,    3.2000e+01
2.2219e+00,    5.1215e-01,    3.2000e+01
2.2425e+00,    5.1026e-01,    3.2000e+01
2.2632e+00,    5.0835e-01,    3.2000e+01
2.2842e+00,    5.0643e-01,    3.2000e+01
2.3053e+00,    5.0450e-01,    3.2000e+01
2.3267e+00,    5.0256e-01,    3.2000e+01
2.3482e+00,    5.0060e-01,    3.2000e+01
2.3700e+00,    4.9862e-01,    3.2000e+01
2.3919e+00,    4.9664e-01,    3.2000e+01
2.4141e+00,    4.9464e-01,    3.2000e+01
2.4364e+00,    4.9263e-01,    3.2000e+01
2.4590e+00,    4.9061e-01,    3.2000e+01
2.4817e+00,    4.8857e-01,    3.2000e+01
2.5047e+00,    4.8653e-01,    3.2000e+01
2.5279e+00,    4.8447e-01,    3.2000e+01
2.5513e+00,    4.8240e-01,    3.2000e+01
2.5749e+00,    4.8032e-01,    3.2000e+01
2.5988e+00,    4.7823e-01,    3.2000e+01
2.6228e+00,    4.7612e-01,    3.2000e+01
2.6471e+00,    4.7401e-01,    3.2000e+01
2.6716e+00,    4.7189e-01,    3.2000e+01
2.6964e+00,    4.6975e-01,    3.2000e+01
2.7213e+00,    4.6761e-01,    3.2000e+01
2.7465e+00,    4.6546e-01,    3.2000e+01
2.7720e+00,    4.6329e-01,    3.2000e+01
2.7976e+00,    4.6112e-01,    3.2000e+01
2.8235e+00,    4.5894e-01,    3.2000e+01
2.8497e+00,    4.5675e-01,    3.2000e+01
2.8760e+00,    4.5456e-01,    3.2000e+01
2.9027e+00,    4.5235e-01,    3.2000e+01
2.9296e+00,    4.5014e-01,    3.2000e+01
2.9567e+00,    4.4792e-01,    3.2000e+01
2.9840e+00,    4.4569e-01,    3.2000e+01
3.0117e+00,    4.4346e-01,    3.2000e+01
3.0396e+00,    4.4122e-01,    3.2000e+01
3.0677e+00,    4.3897e-01,    3.2000e+01
3.0961e+00,    4.3672e-01,    3.2000e+01
3.1248e+00,    4.3446e-01,    3.2000e+01
3.1537e+00,    4.3219e-01,    3.2000e+01
3.1829e+00,    4.2992e-01,    3.2000e+01
3.2124e+00,    4.2765e-01,    3.2000e+01
3.2421e+00,    4.2537e-01,    3.2000e+01
3.2721e+00,    4.2308e-01,    3.2000e+01
3.3024e+00,    4.2079e-01,    3.2000e+01
3.3330e+00,    4.1850e-01,    3.2000e+01
3.3639e+00,    4.1621e-01,    3.2000e+01
3.3950e+00,    4.1391e-01,    3.2000e+01
3.4264e+00,    4.1160e-01,    3.2000e+01
3.4582e+00,    4.0930e-01,    3.2000e+01
3.4902e+00,    4.0699e-01,    3.2000e+01
3.5225e+00,    4.0468e-01,    3.2000e+01
3.5551e+00,    4.0237e-01,    3.2000e+01
3.5880e+00,    4.0006e-01,    3.2000e+01
3.6213e+00,    3.9775e-01,    3.2000e+01
3.6548e+00,    3.9543e-01,    3.2000e+01
3.6886e+00,    3.9312e-01,    3.2000e+01
3.7228e+00,    3.9080e-01,    3.2000e+01
3.7572e+00,    3.8849e-01,    3.2000e+01
3.7920e+00,    3.8617e-01,    3.2000e+01
3.8271e+00,    3.8385e-01,    3.2000e+01
3.8626e+00,    3.8154e-01,    3.2000e+01
3.8983e+00,    3.7923e-01,    3.2000e+01
3.9344e+00,    3.7691e-01,    3.2000e+01
3.9709e+00,    3.7460e-01,    3.2000e+01
4.0076e+00,    3.7229e-01,    3.2000e+01
4.0447e+00,    3.6999e-01,    3.2000e+01
4.0822e+00,    3.6768e-01,    3.2000e+01
4.1200e+00,    3.6538e-01,    3.2000e+01
4.1581e+00,    3.6308e-01,    3.2000e+01
4.1966e+00,    3.6078e-01,    3.2000e+01
4.2355e+00,    3.5849e-01,    3.2000e+01
4.2747e+00,    3.5620e-01,    3.2000e+01
4.3143e+00,    3.5391e-01,    3.2000e+01
4.3542e+00,    3.5163e-01,    3.2000e+01
4.3945e+00,    3.4935e-01,    3.2000e+01
4.4352e+00,    3.4707e-01,    3.2000e+01
4.4763e+00,    3.4480e-01,    3.2000e+01
4.5177e+00,    3.4254e-01,    3.2000e+01
4.5595e+00,    3.4028e-01,    3.2000e+01
4.6018e+00,    3.3802e-01,    3.2000e+01
4.6444e+00,    3.3577e-01,    3.2000e+01
4.6874e+00,    3.3353e-01,    3.2000e+01
4.7308e+00,    3.3129e-01,    3.2000e+01
4.7746e+00,    3.2906e-01,    3.2000e+01
4.8188e+00,    3.2683e-01,    3.2000e+01
4.8634e+00,    3.2461e-01,    3.2000e+01
4.9084e+00,    3.2240e-01,    3.2000e+01
4.9539e+00,    3.2019e-01,    3.2000e+01
4.9997e+00,    3.1799e-01,    3.2000e+01
5.0460e+00,    3.1580e-01,    3.2000e+01
5.0927e+00,    3.1361e-01,    3.2000e+01
5.1399e+00,    3.1143e-01,    3.2000e+01
5.1875e+00,    3.0926e-01,    3.2000e+01
5.2355e+00,    3.0710e-01,    3.2000e+01
5.2840e+00,    3.0494e-01,    3.2000e+01
5.3329e+00,    3.0280e-01,    3.2000e+01
5.3823e+00,    3.0066e-01,    3.2000e+01
5.4321e+00,    2.9852e-01,    3.2000e+01
5.4824e+00,    2.9640e-01,    3.2000e+01
5.5332e+00,    2.9428e-01,    3.2000e+01
5.5844e+00,    2.9218e-01,    3.2000e+01
5.6361e+00,    2.9008e-01,    3.2000e+01
5.6883e+00,    2.8799e-01,    3.2000e+01
5.7409e+00,    2.8591e-01,    3.2000e+01
5.7941e+00,    2.8384e-01,    3.2000e+01
5.8477e+00,    2.8177e-01,    3.2000e+01
5.9019e+00,    2.7972e-01,    3.2000e+01
5.9565e+00,    2.7768e-01,    3.2000e+01
6.0117e+00,    2.7564e-01,    3.2000e+01
6.0673e+00,    2.7362e-01,    3.2000e+01
6.1235e+00,    2.7160e-01,    3.2000e+01
6.1802e+00,    2.6959e-01,    3.2000e+01
6.2374e+00,    2.6759e-01,    3.2000e+01
6.2952e+00,    2.6561e-01,    3.2000e+01
6.3535e+00,    2.6363e-01,    3.2000e+01
6.4123e+00,    2.6166e-01,    3.2000e+01
6.4717e+00,    2.5970e-01,    3.2000e+01
6.5316e+00,    2.5775e-01,    3.2000e+01
6.5921e+00,    2.5582e-01,    3.2000e+01
6.6531e+00,    2.5389e-01,    3.2000e+01
6.7147e+00,    2.5197e-01,    3.2000e+01
6.7769e+00,    2.5006e-01,    3.2000e+01
6.8396e+00,    2.4816e-01,    3.2000e+01
6.9029e+00,    2.4627e-01,    3.2000e+01
6.9668e+00,    2.4440e-01,    3.2000e+01
7.0313e+00,    2.4253e-01,    3.2000e+01
7.0965e+00,    2.4067e-01,    3.2000e+01
7.1622e+00,    2.3883e-01,    3.2000e+01
7.2285e+00,    2.3699e-01,    3.2000e+01
7.2954e+00,    2.3516e-01,    3.2000e+01
7.3629e+00,    2.3335e-01,    3.2000e+01
7.4311e+00,    2.3154e-01,    3.2000e+01
7.4999e+00,    2.2975e-01,    3.2000e+01
7.5694e+00,    2.2796e-01,    3.2000e+01
7.6394e+00,    2.2619e-01,    3.2000e+01
7.7102e+00,    2.2443e-01,    3.2000e+01
7.7816e+00,    2.2267e-01,    3.2000e+01
7.8536e+00,    2.2093e-01,    3.2000e+01
7.9263e+00,    2.1920e-01,    3.2000e+01
7.9997e+00,    2.1748e-01,    3.2000e+01
8.0738e+00,    2.1577e-01,    3.2000e+01
8.1485e+00,    2.1407e-01,    3.2000e+01
8.2240e+00,    2.1238e-01,    3.2000e+01
8.3001e+00,    2.1070e-01,    3.2000e+01
8.3770e+00,    2.0903e-01,    3.2000e+01
8.4545e+00,    2.0737e-01,    3.2000e+01
8.5328e+00,    2.0572e-01,    3.2000e+01
8.6118e+00,    2.0409e-01,    3.2000e+01
8.6915e+00,    2.0246e-01,    3.2000e+01
8.7720e+00,    2.0084e-01,    3.2000e+01
8.8532e+00,    1.9924e-01,    3.2000e+01
8.9352e+00,    1.9764e-01,    3.2000e+01
9.0179e+00,    1.9606e-01,    3.2000e+01
9.1014e+00,    1.9448e-01,    3.2000e+01
9.1857e+00,    1.9292e-01,    3.2000e+01
9.2707e+00,    1.9136e-01,    3.2000e+01
9.3566e+00,    1.8982e-01,    3.2000e+01
9.4432e+00,    1.8828e-01,    3.2000e+01
9.5306e+00,    1.8676e-01,    3.2000e+01
9.6189e+00,    1.8525e-01,    3.2000e+01
9.7079e+00,    1.8375e-01,    3.2000e+01
9.7978e+00,    1.8225e-01,    3.2000e+01
9.8885e+00,    1.8077e-01,    3.2000e+01
9.9801e+00,    1.7930e-01,    3.2000e+01
1.0072e+01,    1.7784e-01,    3.2000e+01
1.0166e+01,    1.7638e-01,    3.2000e+01
1.0260e+01,    1.7494e-01,    3.2000e+01
1.0355e+01,    1.7351e-01,    3.2000e+01
1.0451e+01,    1.7209e-01,    3.2000e+01
1.0547e+01,    1.7068e-01,    3.2000e+01
1.0645e+01,    1.6927e-01,    3.2000e+01
1.0744e+01,    1.6788e-01,    3.2000e+01
1.0843e+01,    1.6650e-01,    3.2000e+01
1.0944e+01,    1.6513e-01,    3.2000e+01
1.1045e+01,    1.6376e-01,    3.2000e+01
1.1147e+01,    1.6241e-01,    3.2000e+01
1.1250e+01,    1.6107e-01,    3.2000e+01
1.1355e+01,    1.5973e-01,    3.2000e+01
1.1460e+01,    1.5841e-01,    3.2000e+01
1.1566e+01,    1.5709e-01,    3.2000e+01
1.1673e+01,    1.5579e-01,    3.2000e+01
1.1781e+01,    1.5449e-01,    3.2000e+01
1.1890e+01,    1.5321e-01,    3.2000e+01
1.2000e+01,    1.5193e-01,    3.2000e+01
1.2111e+01,    1.5066e-01,    3.2000e+01
1.2223e+01,    1.4941e-01,    3.2000e+01
1.2336e+01,    1.4816e-01,    3.2000e+01
1.2451e+01,    1.4692e-01,    3.2000e+01
1.2566e+01,    1.4569e-01,    3.2000e+01
1.2682e+01,    1.4447e-01,    3.2000e+01
1.2800e+01,    1.4325e-01,    3.2000e+01
1.2918e+01,    1.4205e-01,    3.2000e+01
1.3038e+01,    1.4086e-01,    3.2000e+01
1.3159e+01,    1.3967e-01,    3.2000e+01
1.3280e+01,    1.3850e-01,    3.2000e+01
1.3403e+01,    1.3733e-01,    3.2000e+01
1.3527e+01,    1.3617e-01,    3.2000e+01
1.3653e+01,    1.3502e-01,    3.2000e+01
1.3779e+01,    1.3388e-01,    3.2000e+01
1.3907e+01,    1.3275e-01,    3.2000e+01
1.4035e+01,    1.3162e-01,    3.2000e+01
1.4165e+01,    1.3051e-01,    3.2000e+01
1.4297e+01,    1.2940e-01,    3.2000e+01
1.4429e+01,    1.2830e-01,    3.2000e+01
1.4563e+01,    1.2721e-01,    3.2000e+01
1.4697e+01,    1.2613e-01,    3.2000e+01
1.4833e+01,    1.2506e-01,    3.2000e+01
1.4971e+01,    1.2400e-01,    3.2000e+01
1.5109e+01,    1.2294e-01,    3.2000e+01
1.5249e+01,    1.2189e-01,    3.2000e+01
1.5390e+01,    1.2085e-01,    3.2000e+01
1.5533e+01,    1.1982e-01,    3.2000e+01
1.5677e+01,    1.1880e-01,    3.2000e+01
1.5822e+01,    1.1778e-01,    3.2000e+01
1.5968e+01,    1.1677e-01,    3.2000e+01
1.6116e+01,    1.1577e-01,    3.2000e+01
1.6265e+01,    1.1478e-01,    3.2000e+01
1.6416e+01,    1.1380e-01,    3.2000e+01
1.6568e+01,    1.1282e-01,    3.2000e+01
1.6721e+01,    1.1185e-01,    3.2000e+01
1.6876e+01,    1.1089e-01,    3.2000e+01
1.7033e+01,    1.0994e-01,    3.2000e+01
1.7190e+01,    1.0899e-01,    3.2000e+01
1.7349e+01,    1.0805e-01,    3.2000e+01
1.7510e+01,    1.0712e-01,    3.2000e+01
1.7672e+01,    1.0620e-01,    3.2000e+01
1.7836e+01,    1.0528e-01,    3.2000e+01
1.8001e+01,    1.0438e-01,    3.2000e+01
1.8168e+01,    1.0347e-01,    3.2000e+01
1.8336e+01,    1.0258e-01,    3.2000e+01
1.8506e+01,    1.0169e-01,    3.2000e+01
1.8677e+01,    1.0081e-01,    3.2000e+01
1.8850e+01,    9.9941e-02,    3.2000e+01
1.9024e+01,    9.9076e-02,    3.2000e+01
1.9200e+01,    9.8217e-02,    3.2000e+01
1.9378e+01,    9.7366e-02,    3.2000e+01
1.9558e+01,    9.6521e-02,    3.2000e+01
1.9739e+01,    9.5683e-02,    3.2000e+01
1.9921e+01,    9.4852e-02,    3.2000e+01
2.0106e+01,    9.4028e-02,    3.2000e+01
2.0292e+01,    9.3211e-02,    3.2000e+01
2.0480e+01,    9.2400e-02,    3.2000e+01
2.0670e+01,    9.1596e-02,    3.2000e+01
2.0861e+01,    9.0798e-02,    3.2000e+01
2.1054e+01,    9.0007e-02,    3.2000e+01
2.1249e+01,    8.9223e-02,    3.2000e+01
2.1446e+01,    8.8445e-02,    3.2000e+01
2.1644e+01,    8.7673e-02,    3.2000e+01
2.1845e+01,    8.6908e-02,    3.2000e+01
2.2047e+01,    8.6149e-02,    3.2000e+01
2.2251e+01,    8.5396e-02,    3.2000e+01
2.2457e+01,    8.4649e-02,    3.2000e+01
2.2665e+01,    8.3909e-02,    3.2000e+01
2.2875e+01,    8.3175e-02,    3.2000e+01
2.3087e+01,    8.2447e-02,    3.2000e+01
2.3300e+01,    8.1724e-02,    3.2000e+01
2.3516e+01,    8.1008e-02,    3.2000e+01
2.3734e+01,    8.0298e-02,    3.2000e+01
2.3954e+01,    7.9594e-02,    3.2000e+01
2.4175e+01,    7.8896e-02,    3.2000e+01
2.4399e+01,    7.8203e-02,    3.2000e+01
2.4625e+01,    7.7516e-02,    3.2000e+01
2.4853e+01,    7.6836e-02,    3.2000e+01
2.5083e+01,    7.6160e-02,    3.2000e+01
2.5315e+01,    7.5491e-02,    3.2000e+01
2.5550e+01,    7.4827e-02,    3.2000e+01
2.5786e+01,    7.4168e-02,    3.2000e+01
2.6025e+01,    7.3515e-02,    3.2000e+01
2.6266e+01,    7.2868e-02,    3.2000e+01
2.6509e+01,    7.2226e-02,    3.2000e+01
2.6755e+01,    7.1589e-02,    3.2000e+01
2.7002e+01,    7.0958e-02,    3.2000e+01
2.7253e+01,    7.0332e-02,    3.2000e+01
2.7505e+01,    6.9712e-02,    3.2000e+01
2.7759e+01,    6.9096e-02,    3.2000e+01
2.8017e+01,    6.8486e-02,    3.2000e+01
2.8276e+01,    6.7881e-02,    3.2000e+01
2.8538e+01,    6.7281e-02,    3.2000e+01
2.8802e+01,    6.6687e-02,    3.2000e+01
2.9069e+01,    6.6097e-02,    3.2000e+01
2.9338e+01,    6.5512e-02,    3.2000e+01
2.9609e+01,    6.4932e-02,    3.2000e+01
2.9883e+01,    6.4358e-02,    3.2000e+01
3.0160e+01,    6.3788e-02,    3.2000e+01
3.0439e+01,    6.3223e-02,    3.2000e+01
3.0721e+01,    6.2663e-02,    3.2000e+01
3.1006e+01,    6.2107e-02,    3.2000e+01
3.1293e+01,    6.1556e-02,    3.2000e+01
3.1582e+01,    6.1010e-02,    3.2000e+01
3.1875e+01,    6.0469e-02,    3.2000e+01
3.2170e+01,    5.9932e-02,    3.2000e+01
3.2468e+01,    5.9400e-02,    3.2000e+01
3.2768e+01,    5.8873e-02,    3.2000e+01
3.3072e+01,    5.8350e-02,    3.2000e+01
3.3378e+01,    5.7831e-02,    3.2000e+01
3.3687e+01,    5.7317e-02,    3.2000e+01
3.3999e+01,    5.6808e-02,    3.2000e+01
3.4314e+01,    5.6302e-02,    3.2000e+01
3.4632e+01,    5.5801e-02,    3.2000e+01
3.4952e+01,    5.5305e-02,    3.2000e+01
3.5276e+01,    5.4812e-02,    3.2000e+01
3.5602e+01,    5.4324e-02,    3.2000e+01
3.5932e+01,    5.3840e-02,    3.2000e+01
3.6265e+01,    5.3361e-02,    3.2000e+01
3.6600e+01,    5.2885e-02,    3.2000e+01
3.6939e+01,    5.2414e-02,    3.2000e+01
3.7281e+01,    5.1946e-02,    3.2000e+01
3.7627e+01,    5.1483e-02,    3.2000e+01
3.7975e+01,    5.1024e-02,    3.2000e+01
3.8326e+01,    5.0568e-02,    3.2000e+01
3.8681e+01,    5.0117e-02,    3.2000e+01
3.9039e+01,    4.9670e-02,    3.2000e+01
3.9401e+01,    4.9226e-02,    3.2000e+01
3.9766e+01,    4.8786e-02,    3.2000e+01
4.0134e+01,    4.8350e-02,    3.2000e+01
4.0506e+01,    4.7918e-02,    3.2000e+01
4.0881e+01,    4.7490e-02,    3.2000e+01
4.1259e+01,    4.7065e-02,    3.2000e+01
4.1641e+01,    4.6644e-02,    3.2000e+01
4.2027e+01,    4.6227e-02,    3.2000e+01
4.2416e+01,    4.5813e-02,    3.2000e+01
4.2808e+01,    4.5403e-02,    3.2000e+01
4.3205e+01,    4.4997e-02,    3.2000e+01
4.3605e+01,    4.4594e-02,    3.2000e+01
4.4008e+01,    4.4194e-02,    3.2000e+01
4.4416e+01,    4.3798e-02,    3.2000e+01
4.4827e+01,    4.3406e-02,    3.2000e+01
4.5242e+01,    4.3017e-02,    3.2000e+01
4.5661e+01,    4.2631e-02,    3.2000e+01
4.6084e+01,    4.2249e-02,    3.2000e+01
4.6511e+01,    4.1870e-02,    3.2000e+01
4.6941e+01,    4.1495e-02,    3.2000e+01
4.7376e+01,    4.1122e-02,    3.2000e+01
4.7814e+01,    4.0753e-02,    3.2000e+01
4.8257e+01,    4.0388e-02,    3.2000e+01
4.8704e+01,    4.0025e-02,    3.2000e+01
4.9155e+01,    3.9666e-02,    3.2000e+01
4.9610e+01,    3.9309e-02,    3.2000e+01
5.0069e+01,    3.8956e-02,    3.2000e+01
5.0533e+01,    3.8606e-02,    3.2000e+01
5.1001e+01,    3.8259e-02,    3.2000e+01
5.1473e+01,    3.7916e-02,    3.2000e+01
5.1950e+01,    3.7575e-02,    3.2000e+01
5.2431e+01,    3.7237e-02,    3.2000e+01
5.2916e+01,    3.6902e-02,    3.2000e+01
5.3406e+01,    3.6570e-02,    3.2000e+01
5.3900e+01,    3.6241e-02,    3.2000e+01
5.4399e+01,    3.5915e-02,    3.2000e+01
5.4903e+01,    3.5592e-02,    3.2000e+01
5.5411e+01,    3.5271e-02,    3.2000e+01
5.5924e+01,    3.4954e-02,    3.2000e+01
5.6442e+01,    3.4639e-02,    3.2000e+01
5.6965e+01,    3.4327e-02,    3.2000e+01
5.7492e+01,    3.4018e-02,    3.2000e+01
5.8025e+01,    3.3712e-02,    3.2000e+01
5.8562e+01,    3.3408e-02,    3.2000e+01
5.9104e+01,    3.3107e-02,    3.2000e+01
5.9651e+01,    3.2808e-02,    3.2000e+01
6.0203e+01,    3.2513e-02,    3.2000e+01
6.0761e+01,    3.2219e-02,    3.2000e+01
6.1323e+01,    3.1929e-02,    3.2000e+01
6.1891e+01,    3.1641e-02,    3.2000e+01
6.2464e+01,    3.1356e-02,    3.2000e+01
6.3043e+01,    3.1073e-02,    3.2000e+01
6.3626e+01,    3.0792e-02,    3.2000e+01
6.4215e+01,    3.0514e-02,    3.2000e+01
6.4810e+01,    3.0239e-02,    3.2000e+01
6.5410e+01,    2.9966e-02,    3.2000e+01
6.6016e+01,    2.9696e-02,    3.2000e+01
6.6627e+01,    2.9427e-02,    3.2000e+01
6.7244e+01,    2.9162e-02,    3.2000e+01
6.7866e+01,    2.8898e-02,    3.2000e+01
6.8495e+01,    2.8637e-02,    3.2000e+01
6.9129e+01,    2.8378e-02,    3.2000e+01
6.9769e+01,    2.8122e-02,    3.2000e+01
7.0415e+01,    2.7868e-02,    3.2000e+01
7.1067e+01,    2.7616e-02,    3.2000e+01
7.1725e+01,    2.7366e-02,    3.2000e+01
7.2389e+01,    2.7119e-02,    3.2000e+01
7.3059e+01,    2.6874e-02,    3.2000e+01
7.3735e+01,    2.6631e-02,    3.2000e+01
7.4418e+01,    2.6390e-02,    3.2000e+01
7.5107e+01,    2.6151e-02,    3.2000e+01
7.5803e+01,    2.5915e-02,    3.2000e+01
7.6504e+01,    2.5680e-02,    3.2000e+01
7.7213e+01,    2.5448e-02,    3.2000e+01
7.7928e+01,    2.5217e-02,    3.2000e+01
7.8649e+01,    2.4989e-02,    3.2000e+01
7.9377e+01,    2.4763e-02,    3.2000e+01
8.0112e+01,    2.4539e-02,    3.2000e+01
8.0854e+01,    2.4317e-02,    3.2000e+01
8.1603e+01,    2.4096e-02,    3.2000e+01
8.2358e+01,    2.3878e-02,    3.2000e+01
8.3121e+01,    2.3662e-02,    3.2000e+01
8.3890e+01,    2.3448e-02,    3.2000e+01
8.4667e+01,    2.3235e-02,    3.2000e+01
8.5451e+01,    2.3025e-02,    3.2000e+01
8.6242e+01,    2.2816e-02,    3.2000e+01
8.7041e+01,    2.2609e-02,    3.2000e+01
8.7846e+01,    2.2404e-02,    3.2000e+01
8.8660e+01,    2.2201e-02,    3.2000e+01
8.9481e+01,    2.2000e-02,    3.2000e+01
9.0309e+01,    2.1801e-02,    3.2000e+01
9.1145e+01,    2.1603e-02,    3.2000e+01
9.1989e+01,    2.1407e-02,    3.2000e+01
9.2841e+01,    2.1213e-02,    3.2000e+01
9.3700e+01,    2.1020e-02,    3.2000e+01
9.4568e+01,    2.0830e-02,    3.2000e+01
9.5444e+01,    2.0641e-02,    3.2000e+01
9.6327e+01,    2.0454e-02,    3.2000e+01
9.7219e+01,    2.0268e-02,    3.2000e+01
9.8119e+01,    2.0084e-02,    3.2000e+01
9.9028e+01,    1.9902e-02,    3.2000e+01
9.9945e+01,    1.9721e-02,    3.2000e+01
1.0087e+02,    1.9542e-02,    3.2000e+01
1.0180e+02,    1.9365e-02,    3.2000e+01
