# Force βfλ, Rxy^2
9.9254e-03,    6.6663e-01
1.0017e-02,    6.6663e-01
1.0110e-02,    6.6663e-01
1.0204e-02,    6.6663e-01
1.0298e-02,    6.6663e-01
1.0393e-02,    6.6662e-01
1.0490e-02,    6.6662e-01
1.0587e-02,    6.6662e-01
1.0685e-02,    6.6662e-01
1.0784e-02,    6.6662e-01
1.0884e-02,    6.6662e-01
1.0984e-02,    6.6662e-01
1.1086e-02,    6.6662e-01
1.1189e-02,    6.6662e-01
1.1292e-02,    6.6662e-01
1.1397e-02,    6.6662e-01
1.1502e-02,    6.6662e-01
1.1609e-02,    6.6662e-01
1.1716e-02,    6.6661e-01
1.1825e-02,    6.6661e-01
1.1934e-02,    6.6661e-01
1.2045e-02,    6.6661e-01
1.2156e-02,    6.6661e-01
1.2269e-02,    6.6661e-01
1.2382e-02,    6.6661e-01
1.2497e-02,    6.6661e-01
1.2613e-02,    6.6661e-01
1.2730e-02,    6.6661e-01
1.2847e-02,    6.6661e-01
1.2966e-02,    6.6660e-01
1.3086e-02,    6.6660e-01
1.3208e-02,    6.6660e-01
1.3330e-02,    6.6660e-01
1.3453e-02,    6.6660e-01
1.3578e-02,    6.6660e-01
1.3704e-02,    6.6660e-01
1.3831e-02,    6.6660e-01
1.3959e-02,    6.6660e-01
1.4088e-02,    6.6659e-01
1.4218e-02,    6.6659e-01
1.4350e-02,    6.6659e-01
1.4483e-02,    6.6659e-01
1.4617e-02,    6.6659e-01
1.4752e-02,    6.6659e-01
1.4889e-02,    6.6659e-01
1.5027e-02,    6.6659e-01
1.5166e-02,    6.6658e-01
1.5306e-02,    6.6658e-01
1.5448e-02,    6.6658e-01
1.5591e-02,    6.6658e-01
1.5735e-02,    6.6658e-01
1.5881e-02,    6.6658e-01
1.6028e-02,    6.6658e-01
1.6176e-02,    6.6657e-01
1.6326e-02,    6.6657e-01
1.6477e-02,    6.6657e-01
1.6630e-02,    6.6657e-01
1.6784e-02,    6.6657e-01
1.6939e-02,    6.6657e-01
1.7096e-02,    6.6656e-01
1.7254e-02,    6.6656e-01
1.7414e-02,    6.6656e-01
1.7575e-02,    6.6656e-01
1.7738e-02,    6.6656e-01
1.7902e-02,    6.6656e-01
1.8068e-02,    6.6655e-01
1.8235e-02,    6.6655e-01
1.8404e-02,    6.6655e-01
1.8575e-02,    6.6655e-01
1.8747e-02,    6.6655e-01
1.8920e-02,    6.6654e-01
1.9095e-02,    6.6654e-01
1.9272e-02,    6.6654e-01
1.9450e-02,    6.6654e-01
1.9631e-02,    6.6653e-01
1.9812e-02,    6.6653e-01
1.9996e-02,    6.6653e-01
2.0181e-02,    6.6653e-01
2.0368e-02,    6.6652e-01
2.0556e-02,    6.6652e-01
2.0747e-02,    6.6652e-01
2.0939e-02,    6.6652e-01
2.1133e-02,    6.6651e-01
2.1328e-02,    6.6651e-01
2.1526e-02,    6.6651e-01
2.1725e-02,    6.6651e-01
2.1926e-02,    6.6650e-01
2.2129e-02,    6.6650e-01
2.2334e-02,    6.6650e-01
2.2541e-02,    6.6649e-01
2.2750e-02,    6.6649e-01
2.2960e-02,    6.6649e-01
2.3173e-02,    6.6648e-01
2.3387e-02,    6.6648e-01
2.3604e-02,    6.6648e-01
2.3822e-02,    6.6647e-01
2.4043e-02,    6.6647e-01
2.4266e-02,    6.6647e-01
2.4490e-02,    6.6646e-01
2.4717e-02,    6.6646e-01
2.4946e-02,    6.6646e-01
2.5177e-02,    6.6645e-01
2.5410e-02,    6.6645e-01
2.5645e-02,    6.6645e-01
2.5883e-02,    6.6644e-01
2.6122e-02,    6.6644e-01
2.6364e-02,    6.6643e-01
2.6608e-02,    6.6643e-01
2.6855e-02,    6.6642e-01
2.7103e-02,    6.6642e-01
2.7354e-02,    6.6642e-01
2.7607e-02,    6.6641e-01
2.7863e-02,    6.6641e-01
2.8121e-02,    6.6640e-01
2.8381e-02,    6.6640e-01
2.8644e-02,    6.6639e-01
2.8909e-02,    6.6639e-01
2.9177e-02,    6.6638e-01
2.9447e-02,    6.6638e-01
2.9720e-02,    6.6637e-01
2.9995e-02,    6.6637e-01
3.0273e-02,    6.6636e-01
3.0553e-02,    6.6636e-01
3.0836e-02,    6.6635e-01
3.1121e-02,    6.6634e-01
3.1409e-02,    6.6634e-01
3.1700e-02,    6.6633e-01
3.1994e-02,    6.6633e-01
3.2290e-02,    6.6632e-01
3.2589e-02,    6.6631e-01
3.2891e-02,    6.6631e-01
3.3195e-02,    6.6630e-01
3.3503e-02,    6.6629e-01
3.3813e-02,    6.6629e-01
3.4126e-02,    6.6628e-01
3.4442e-02,    6.6627e-01
3.4761e-02,    6.6627e-01
3.5083e-02,    6.6626e-01
3.5407e-02,    6.6625e-01
3.5735e-02,    6.6624e-01
3.6066e-02,    6.6624e-01
3.6400e-02,    6.6623e-01
3.6737e-02,    6.6622e-01
3.7077e-02,    6.6621e-01
3.7420e-02,    6.6620e-01
3.7767e-02,    6.6620e-01
3.8117e-02,    6.6619e-01
3.8469e-02,    6.6618e-01
3.8826e-02,    6.6617e-01
3.9185e-02,    6.6616e-01
3.9548e-02,    6.6615e-01
3.9914e-02,    6.6614e-01
4.0284e-02,    6.6613e-01
4.0657e-02,    6.6612e-01
4.1033e-02,    6.6611e-01
4.1413e-02,    6.6610e-01
4.1796e-02,    6.6609e-01
4.2183e-02,    6.6608e-01
4.2574e-02,    6.6607e-01
4.2968e-02,    6.6606e-01
4.3366e-02,    6.6605e-01
4.3767e-02,    6.6604e-01
4.4173e-02,    6.6602e-01
4.4582e-02,    6.6601e-01
4.4994e-02,    6.6600e-01
4.5411e-02,    6.6599e-01
4.5831e-02,    6.6598e-01
4.6256e-02,    6.6596e-01
4.6684e-02,    6.6595e-01
4.7116e-02,    6.6594e-01
4.7552e-02,    6.6592e-01
4.7993e-02,    6.6591e-01
4.8437e-02,    6.6590e-01
4.8886e-02,    6.6588e-01
4.9338e-02,    6.6587e-01
4.9795e-02,    6.6585e-01
5.0256e-02,    6.6584e-01
5.0721e-02,    6.6582e-01
5.1191e-02,    6.6581e-01
5.1665e-02,    6.6579e-01
5.2143e-02,    6.6578e-01
5.2626e-02,    6.6576e-01
5.3113e-02,    6.6574e-01
5.3605e-02,    6.6573e-01
5.4101e-02,    6.6571e-01
5.4602e-02,    6.6569e-01
5.5108e-02,    6.6567e-01
5.5618e-02,    6.6565e-01
5.6133e-02,    6.6564e-01
5.6653e-02,    6.6562e-01
5.7177e-02,    6.6560e-01
5.7707e-02,    6.6558e-01
5.8241e-02,    6.6556e-01
5.8780e-02,    6.6554e-01
5.9324e-02,    6.6552e-01
5.9874e-02,    6.6549e-01
6.0428e-02,    6.6547e-01
6.0987e-02,    6.6545e-01
6.1552e-02,    6.6543e-01
6.2122e-02,    6.6541e-01
6.2697e-02,    6.6538e-01
6.3278e-02,    6.6536e-01
6.3864e-02,    6.6533e-01
6.4455e-02,    6.6531e-01
6.5052e-02,    6.6529e-01
6.5654e-02,    6.6526e-01
6.6262e-02,    6.6523e-01
6.6875e-02,    6.6521e-01
6.7494e-02,    6.6518e-01
6.8119e-02,    6.6515e-01
6.8750e-02,    6.6513e-01
6.9387e-02,    6.6510e-01
7.0029e-02,    6.6507e-01
7.0677e-02,    6.6504e-01
7.1332e-02,    6.6501e-01
7.1992e-02,    6.6498e-01
7.2659e-02,    6.6495e-01
7.3332e-02,    6.6491e-01
7.4010e-02,    6.6488e-01
7.4696e-02,    6.6485e-01
7.5387e-02,    6.6482e-01
7.6085e-02,    6.6478e-01
7.6790e-02,    6.6475e-01
7.7501e-02,    6.6471e-01
7.8218e-02,    6.6468e-01
7.8942e-02,    6.6464e-01
7.9673e-02,    6.6460e-01
8.0411e-02,    6.6456e-01
8.1156e-02,    6.6452e-01
8.1907e-02,    6.6448e-01
8.2665e-02,    6.6444e-01
8.3431e-02,    6.6440e-01
8.4203e-02,    6.6436e-01
8.4983e-02,    6.6432e-01
8.5770e-02,    6.6428e-01
8.6564e-02,    6.6423e-01
8.7365e-02,    6.6419e-01
8.8174e-02,    6.6414e-01
8.8990e-02,    6.6410e-01
8.9814e-02,    6.6405e-01
9.0646e-02,    6.6400e-01
9.1485e-02,    6.6395e-01
9.2332e-02,    6.6390e-01
9.3187e-02,    6.6385e-01
9.4050e-02,    6.6380e-01
9.4921e-02,    6.6374e-01
9.5800e-02,    6.6369e-01
9.6687e-02,    6.6364e-01
9.7582e-02,    6.6358e-01
9.8485e-02,    6.6352e-01
9.9397e-02,    6.6347e-01
1.0032e-01,    6.6341e-01
1.0125e-01,    6.6335e-01
1.0218e-01,    6.6329e-01
1.0313e-01,    6.6322e-01
1.0408e-01,    6.6316e-01
1.0505e-01,    6.6310e-01
1.0602e-01,    6.6303e-01
1.0700e-01,    6.6296e-01
1.0799e-01,    6.6289e-01
1.0899e-01,    6.6282e-01
1.1000e-01,    6.6275e-01
1.1102e-01,    6.6268e-01
1.1205e-01,    6.6261e-01
1.1309e-01,    6.6253e-01
1.1413e-01,    6.6246e-01
1.1519e-01,    6.6238e-01
1.1626e-01,    6.6230e-01
1.1733e-01,    6.6222e-01
1.1842e-01,    6.6214e-01
1.1952e-01,    6.6206e-01
1.2062e-01,    6.6197e-01
1.2174e-01,    6.6189e-01
1.2287e-01,    6.6180e-01
1.2400e-01,    6.6171e-01
1.2515e-01,    6.6162e-01
1.2631e-01,    6.6153e-01
1.2748e-01,    6.6143e-01
1.2866e-01,    6.6134e-01
1.2985e-01,    6.6124e-01
1.3105e-01,    6.6114e-01
1.3227e-01,    6.6104e-01
1.3349e-01,    6.6093e-01
1.3473e-01,    6.6083e-01
1.3597e-01,    6.6072e-01
1.3723e-01,    6.6061e-01
1.3850e-01,    6.6050e-01
1.3979e-01,    6.6039e-01
1.4108e-01,    6.6028e-01
1.4239e-01,    6.6016e-01
1.4371e-01,    6.6004e-01
1.4504e-01,    6.5992e-01
1.4638e-01,    6.5980e-01
1.4773e-01,    6.5967e-01
1.4910e-01,    6.5954e-01
1.5048e-01,    6.5941e-01
1.5188e-01,    6.5928e-01
1.5328e-01,    6.5915e-01
1.5470e-01,    6.5901e-01
1.5613e-01,    6.5887e-01
1.5758e-01,    6.5873e-01
1.5904e-01,    6.5858e-01
1.6051e-01,    6.5843e-01
1.6200e-01,    6.5828e-01
1.6350e-01,    6.5813e-01
1.6501e-01,    6.5798e-01
1.6654e-01,    6.5782e-01
1.6808e-01,    6.5766e-01
1.6964e-01,    6.5749e-01
1.7121e-01,    6.5733e-01
1.7279e-01,    6.5716e-01
1.7439e-01,    6.5699e-01
1.7601e-01,    6.5681e-01
1.7764e-01,    6.5663e-01
1.7928e-01,    6.5645e-01
1.8094e-01,    6.5627e-01
1.8262e-01,    6.5608e-01
1.8431e-01,    6.5589e-01
1.8601e-01,    6.5569e-01
1.8774e-01,    6.5549e-01
1.8947e-01,    6.5529e-01
1.9123e-01,    6.5508e-01
1.9300e-01,    6.5488e-01
1.9479e-01,    6.5466e-01
1.9659e-01,    6.5445e-01
1.9841e-01,    6.5423e-01
2.0025e-01,    6.5400e-01
2.0210e-01,    6.5377e-01
2.0397e-01,    6.5354e-01
2.0586e-01,    6.5331e-01
2.0777e-01,    6.5307e-01
2.0969e-01,    6.5282e-01
2.1163e-01,    6.5257e-01
2.1359e-01,    6.5232e-01
2.1557e-01,    6.5206e-01
2.1756e-01,    6.5180e-01
2.1958e-01,    6.5154e-01
2.2161e-01,    6.5127e-01
2.2366e-01,    6.5099e-01
2.2573e-01,    6.5071e-01
2.2782e-01,    6.5043e-01
2.2993e-01,    6.5014e-01
2.3206e-01,    6.4984e-01
2.3421e-01,    6.4954e-01
2.3638e-01,    6.4924e-01
2.3857e-01,    6.4893e-01
2.4078e-01,    6.4861e-01
2.4301e-01,    6.4829e-01
2.4526e-01,    6.4796e-01
2.4753e-01,    6.4763e-01
2.4982e-01,    6.4730e-01
2.5213e-01,    6.4695e-01
2.5447e-01,    6.4661e-01
2.5682e-01,    6.4625e-01
2.5920e-01,    6.4589e-01
2.6160e-01,    6.4552e-01
2.6402e-01,    6.4515e-01
2.6647e-01,    6.4477e-01
2.6893e-01,    6.4439e-01
2.7142e-01,    6.4400e-01
2.7394e-01,    6.4360e-01
2.7647e-01,    6.4320e-01
2.7903e-01,    6.4278e-01
2.8162e-01,    6.4237e-01
2.8422e-01,    6.4194e-01
2.8685e-01,    6.4151e-01
2.8951e-01,    6.4107e-01
2.9219e-01,    6.4063e-01
2.9490e-01,    6.4017e-01
2.9763e-01,    6.3971e-01
3.0038e-01,    6.3925e-01
3.0316e-01,    6.3877e-01
3.0597e-01,    6.3829e-01
3.0880e-01,    6.3780e-01
3.1166e-01,    6.3730e-01
3.1455e-01,    6.3679e-01
3.1746e-01,    6.3628e-01
3.2040e-01,    6.3576e-01
3.2337e-01,    6.3523e-01
3.2636e-01,    6.3469e-01
3.2938e-01,    6.3414e-01
3.3243e-01,    6.3358e-01
3.3551e-01,    6.3302e-01
3.3861e-01,    6.3245e-01
3.4175e-01,    6.3186e-01
3.4491e-01,    6.3127e-01
3.4811e-01,    6.3067e-01
3.5133e-01,    6.3006e-01
3.5458e-01,    6.2944e-01
3.5787e-01,    6.2881e-01
3.6118e-01,    6.2818e-01
3.6452e-01,    6.2753e-01
3.6790e-01,    6.2687e-01
3.7131e-01,    6.2620e-01
3.7474e-01,    6.2553e-01
3.7821e-01,    6.2484e-01
3.8171e-01,    6.2414e-01
3.8525e-01,    6.2343e-01
3.8882e-01,    6.2272e-01
3.9242e-01,    6.2199e-01
3.9605e-01,    6.2125e-01
3.9972e-01,    6.2050e-01
4.0342e-01,    6.1974e-01
4.0715e-01,    6.1896e-01
4.1092e-01,    6.1818e-01
4.1473e-01,    6.1739e-01
4.1857e-01,    6.1658e-01
4.2244e-01,    6.1576e-01
4.2635e-01,    6.1494e-01
4.3030e-01,    6.1410e-01
4.3428e-01,    6.1324e-01
4.3830e-01,    6.1238e-01
4.4236e-01,    6.1150e-01
4.4646e-01,    6.1062e-01
4.5059e-01,    6.0972e-01
4.5476e-01,    6.0880e-01
4.5897e-01,    6.0788e-01
4.6322e-01,    6.0694e-01
4.6751e-01,    6.0600e-01
4.7184e-01,    6.0503e-01
4.7621e-01,    6.0406e-01
4.8062e-01,    6.0307e-01
4.8507e-01,    6.0207e-01
4.8956e-01,    6.0106e-01
4.9409e-01,    6.0003e-01
4.9867e-01,    5.9899e-01
5.0328e-01,    5.9794e-01
5.0794e-01,    5.9688e-01
5.1265e-01,    5.9580e-01
5.1739e-01,    5.9471e-01
5.2218e-01,    5.9360e-01
5.2702e-01,    5.9248e-01
5.3190e-01,    5.9135e-01
5.3682e-01,    5.9020e-01
5.4179e-01,    5.8904e-01
5.4681e-01,    5.8787e-01
5.5187e-01,    5.8668e-01
5.5698e-01,    5.8548e-01
5.6214e-01,    5.8426e-01
5.6734e-01,    5.8303e-01
5.7260e-01,    5.8179e-01
5.7790e-01,    5.8053e-01
5.8325e-01,    5.7926e-01
5.8865e-01,    5.7797e-01
5.9410e-01,    5.7667e-01
5.9960e-01,    5.7536e-01
6.0515e-01,    5.7403e-01
6.1075e-01,    5.7269e-01
6.1641e-01,    5.7133e-01
6.2212e-01,    5.6996e-01
6.2788e-01,    5.6857e-01
6.3369e-01,    5.6717e-01
6.3956e-01,    5.6576e-01
6.4548e-01,    5.6433e-01
6.5145e-01,    5.6289e-01
6.5749e-01,    5.6143e-01
6.6357e-01,    5.5996e-01
6.6972e-01,    5.5848e-01
6.7592e-01,    5.5698e-01
6.8218e-01,    5.5546e-01
6.8849e-01,    5.5393e-01
6.9487e-01,    5.5239e-01
7.0130e-01,    5.5084e-01
7.0779e-01,    5.4927e-01
7.1435e-01,    5.4768e-01
7.2096e-01,    5.4609e-01
7.2764e-01,    5.4447e-01
7.3437e-01,    5.4285e-01
7.4117e-01,    5.4121e-01
7.4803e-01,    5.3956e-01
7.5496e-01,    5.3789e-01
7.6195e-01,    5.3621e-01
7.6900e-01,    5.3452e-01
7.7612e-01,    5.3281e-01
7.8331e-01,    5.3109e-01
7.9056e-01,    5.2936e-01
7.9788e-01,    5.2762e-01
8.0527e-01,    5.2586e-01
8.1273e-01,    5.2409e-01
8.2025e-01,    5.2230e-01
8.2784e-01,    5.2051e-01
8.3551e-01,    5.1870e-01
8.4324e-01,    5.1688e-01
8.5105e-01,    5.1505e-01
8.5893e-01,    5.1320e-01
8.6688e-01,    5.1135e-01
8.7491e-01,    5.0948e-01
8.8301e-01,    5.0760e-01
8.9119e-01,    5.0571e-01
8.9944e-01,    5.0381e-01
9.0777e-01,    5.0189e-01
9.1617e-01,    4.9997e-01
9.2465e-01,    4.9803e-01
9.3321e-01,    4.9609e-01
9.4185e-01,    4.9413e-01
9.5057e-01,    4.9217e-01
9.5938e-01,    4.9019e-01
9.6826e-01,    4.8821e-01
9.7722e-01,    4.8621e-01
9.8627e-01,    4.8421e-01
9.9540e-01,    4.8220e-01
1.0046e+00,    4.8018e-01
1.0139e+00,    4.7814e-01
1.0233e+00,    4.7611e-01
1.0328e+00,    4.7406e-01
1.0423e+00,    4.7200e-01
1.0520e+00,    4.6994e-01
1.0617e+00,    4.6787e-01
1.0716e+00,    4.6579e-01
1.0815e+00,    4.6370e-01
1.0915e+00,    4.6161e-01
1.1016e+00,    4.5951e-01
1.1118e+00,    4.5740e-01
1.1221e+00,    4.5529e-01
1.1325e+00,    4.5317e-01
1.1430e+00,    4.5105e-01
1.1536e+00,    4.4892e-01
1.1642e+00,    4.4678e-01
1.1750e+00,    4.4464e-01
1.1859e+00,    4.4249e-01
1.1969e+00,    4.4034e-01
1.2080e+00,    4.3819e-01
1.2191e+00,    4.3603e-01
1.2304e+00,    4.3387e-01
1.2418e+00,    4.3170e-01
1.2533e+00,    4.2953e-01
1.2649e+00,    4.2735e-01
1.2766e+00,    4.2518e-01
1.2885e+00,    4.2300e-01
1.3004e+00,    4.2081e-01
1.3124e+00,    4.1863e-01
1.3246e+00,    4.1644e-01
1.3368e+00,    4.1425e-01
1.3492e+00,    4.1206e-01
1.3617e+00,    4.0987e-01
1.3743e+00,    4.0768e-01
1.3870e+00,    4.0548e-01
1.3999e+00,    4.0329e-01
1.4128e+00,    4.0109e-01
1.4259e+00,    3.9889e-01
1.4391e+00,    3.9670e-01
1.4525e+00,    3.9450e-01
1.4659e+00,    3.9231e-01
1.4795e+00,    3.9011e-01
1.4932e+00,    3.8792e-01
1.5070e+00,    3.8572e-01
1.5209e+00,    3.8353e-01
1.5350e+00,    3.8134e-01
1.5492e+00,    3.7915e-01
1.5636e+00,    3.7696e-01
1.5781e+00,    3.7478e-01
1.5927e+00,    3.7259e-01
1.6074e+00,    3.7041e-01
1.6223e+00,    3.6823e-01
1.6373e+00,    3.6606e-01
1.6525e+00,    3.6388e-01
1.6678e+00,    3.6172e-01
1.6832e+00,    3.5955e-01
1.6988e+00,    3.5739e-01
1.7145e+00,    3.5523e-01
1.7304e+00,    3.5307e-01
1.7464e+00,    3.5092e-01
1.7626e+00,    3.4877e-01
1.7789e+00,    3.4663e-01
1.7954e+00,    3.4449e-01
1.8120e+00,    3.4236e-01
1.8288e+00,    3.4023e-01
1.8457e+00,    3.3811e-01
1.8628e+00,    3.3599e-01
1.8801e+00,    3.3387e-01
1.8975e+00,    3.3177e-01
1.9150e+00,    3.2966e-01
1.9328e+00,    3.2757e-01
1.9507e+00,    3.2548e-01
1.9687e+00,    3.2339e-01
1.9869e+00,    3.2131e-01
2.0053e+00,    3.1924e-01
2.0239e+00,    3.1717e-01
2.0426e+00,    3.1511e-01
2.0616e+00,    3.1306e-01
2.0806e+00,    3.1101e-01
2.0999e+00,    3.0897e-01
2.1194e+00,    3.0694e-01
2.1390e+00,    3.0492e-01
2.1588e+00,    3.0290e-01
2.1788e+00,    3.0089e-01
2.1989e+00,    2.9888e-01
2.2193e+00,    2.9689e-01
2.2398e+00,    2.9490e-01
2.2606e+00,    2.9291e-01
2.2815e+00,    2.9094e-01
2.3026e+00,    2.8897e-01
2.3240e+00,    2.8702e-01
2.3455e+00,    2.8507e-01
2.3672e+00,    2.8312e-01
2.3891e+00,    2.8119e-01
2.4112e+00,    2.7926e-01
2.4336e+00,    2.7735e-01
2.4561e+00,    2.7544e-01
2.4788e+00,    2.7353e-01
2.5018e+00,    2.7164e-01
2.5249e+00,    2.6976e-01
2.5483e+00,    2.6788e-01
2.5719e+00,    2.6601e-01
2.5957e+00,    2.6415e-01
2.6198e+00,    2.6230e-01
2.6440e+00,    2.6046e-01
2.6685e+00,    2.5863e-01
2.6932e+00,    2.5681e-01
2.7181e+00,    2.5499e-01
2.7433e+00,    2.5318e-01
2.7687e+00,    2.5139e-01
2.7943e+00,    2.4960e-01
2.8202e+00,    2.4782e-01
2.8463e+00,    2.4605e-01
2.8727e+00,    2.4429e-01
2.8993e+00,    2.4253e-01
2.9261e+00,    2.4079e-01
2.9532e+00,    2.3906e-01
2.9806e+00,    2.3733e-01
3.0081e+00,    2.3562e-01
3.0360e+00,    2.3391e-01
3.0641e+00,    2.3221e-01
3.0925e+00,    2.3052e-01
3.1211e+00,    2.2884e-01
3.1500e+00,    2.2717e-01
3.1792e+00,    2.2551e-01
3.2086e+00,    2.2386e-01
3.2383e+00,    2.2222e-01
3.2683e+00,    2.2058e-01
3.2986e+00,    2.1896e-01
3.3291e+00,    2.1734e-01
3.3599e+00,    2.1574e-01
3.3910e+00,    2.1414e-01
3.4224e+00,    2.1255e-01
3.4541e+00,    2.1097e-01
3.4861e+00,    2.0941e-01
3.5184e+00,    2.0785e-01
3.5509e+00,    2.0629e-01
3.5838e+00,    2.0475e-01
3.6170e+00,    2.0322e-01
3.6505e+00,    2.0170e-01
3.6843e+00,    2.0018e-01
3.7184e+00,    1.9868e-01
3.7528e+00,    1.9718e-01
3.7876e+00,    1.9570e-01
3.8226e+00,    1.9422e-01
3.8580e+00,    1.9275e-01
3.8938e+00,    1.9129e-01
3.9298e+00,    1.8984e-01
3.9662e+00,    1.8840e-01
4.0029e+00,    1.8697e-01
4.0400e+00,    1.8554e-01
4.0774e+00,    1.8413e-01
4.1151e+00,    1.8272e-01
4.1532e+00,    1.8132e-01
4.1917e+00,    1.7994e-01
4.2305e+00,    1.7856e-01
4.2697e+00,    1.7719e-01
4.3092e+00,    1.7583e-01
4.3491e+00,    1.7447e-01
4.3894e+00,    1.7313e-01
4.4300e+00,    1.7179e-01
4.4710e+00,    1.7047e-01
4.5124e+00,    1.6915e-01
4.5542e+00,    1.6784e-01
4.5964e+00,    1.6654e-01
4.6389e+00,    1.6525e-01
4.6819e+00,    1.6396e-01
4.7252e+00,    1.6269e-01
4.7690e+00,    1.6142e-01
4.8131e+00,    1.6017e-01
4.8577e+00,    1.5892e-01
4.9027e+00,    1.5767e-01
4.9480e+00,    1.5644e-01
4.9939e+00,    1.5522e-01
5.0401e+00,    1.5400e-01
5.0868e+00,    1.5279e-01
5.1339e+00,    1.5159e-01
5.1814e+00,    1.5040e-01
5.2294e+00,    1.4922e-01
5.2778e+00,    1.4804e-01
5.3266e+00,    1.4688e-01
5.3760e+00,    1.4572e-01
5.4257e+00,    1.4457e-01
5.4760e+00,    1.4342e-01
5.5267e+00,    1.4229e-01
5.5778e+00,    1.4116e-01
5.6295e+00,    1.4004e-01
5.6816e+00,    1.3893e-01
5.7342e+00,    1.3783e-01
5.7873e+00,    1.3673e-01
5.8409e+00,    1.3564e-01
5.8950e+00,    1.3456e-01
5.9495e+00,    1.3349e-01
6.0046e+00,    1.3242e-01
6.0602e+00,    1.3136e-01
6.1163e+00,    1.3031e-01
6.1730e+00,    1.2927e-01
6.2301e+00,    1.2823e-01
6.2878e+00,    1.2721e-01
6.3460e+00,    1.2619e-01
6.4048e+00,    1.2517e-01
6.4641e+00,    1.2417e-01
6.5239e+00,    1.2317e-01
6.5843e+00,    1.2218e-01
6.6453e+00,    1.2119e-01
6.7068e+00,    1.2021e-01
6.7689e+00,    1.1924e-01
6.8316e+00,    1.1828e-01
6.8948e+00,    1.1732e-01
6.9587e+00,    1.1638e-01
7.0231e+00,    1.1543e-01
7.0881e+00,    1.1450e-01
7.1538e+00,    1.1357e-01
7.2200e+00,    1.1265e-01
7.2868e+00,    1.1173e-01
7.3543e+00,    1.1083e-01
7.4224e+00,    1.0992e-01
7.4911e+00,    1.0903e-01
7.5605e+00,    1.0814e-01
7.6305e+00,    1.0726e-01
7.7011e+00,    1.0639e-01
7.7724e+00,    1.0552e-01
7.8444e+00,    1.0465e-01
7.9170e+00,    1.0380e-01
7.9903e+00,    1.0295e-01
8.0643e+00,    1.0211e-01
8.1390e+00,    1.0127e-01
8.2143e+00,    1.0044e-01
8.2904e+00,    9.9617e-02
8.3671e+00,    9.8800e-02
8.4446e+00,    9.7988e-02
8.5228e+00,    9.7183e-02
8.6017e+00,    9.6384e-02
8.6813e+00,    9.5591e-02
8.7617e+00,    9.4803e-02
8.8428e+00,    9.4022e-02
8.9247e+00,    9.3247e-02
9.0073e+00,    9.2478e-02
9.0907e+00,    9.1714e-02
9.1749e+00,    9.0957e-02
9.2599e+00,    9.0205e-02
9.3456e+00,    8.9459e-02
9.4321e+00,    8.8718e-02
9.5194e+00,    8.7984e-02
9.6076e+00,    8.7254e-02
9.6965e+00,    8.6531e-02
9.7863e+00,    8.5813e-02
9.8769e+00,    8.5101e-02
9.9684e+00,    8.4394e-02
1.0061e+01,    8.3693e-02
1.0154e+01,    8.2997e-02
1.0248e+01,    8.2306e-02
1.0343e+01,    8.1621e-02
1.0438e+01,    8.0941e-02
1.0535e+01,    8.0267e-02
1.0633e+01,    7.9597e-02
1.0731e+01,    7.8933e-02
1.0830e+01,    7.8274e-02
1.0931e+01,    7.7620e-02
1.1032e+01,    7.6972e-02
1.1134e+01,    7.6328e-02
1.1237e+01,    7.5690e-02
1.1341e+01,    7.5056e-02
1.1446e+01,    7.4427e-02
1.1552e+01,    7.3804e-02
1.1659e+01,    7.3185e-02
1.1767e+01,    7.2571e-02
1.1876e+01,    7.1962e-02
1.1986e+01,    7.1358e-02
1.2097e+01,    7.0759e-02
1.2209e+01,    7.0164e-02
1.2322e+01,    6.9574e-02
1.2436e+01,    6.8988e-02
1.2551e+01,    6.8408e-02
1.2667e+01,    6.7832e-02
1.2785e+01,    6.7260e-02
1.2903e+01,    6.6693e-02
1.3023e+01,    6.6131e-02
1.3143e+01,    6.5573e-02
1.3265e+01,    6.5019e-02
1.3388e+01,    6.4470e-02
1.3512e+01,    6.3925e-02
1.3637e+01,    6.3385e-02
1.3763e+01,    6.2849e-02
1.3890e+01,    6.2317e-02
1.4019e+01,    6.1790e-02
1.4149e+01,    6.1266e-02
1.4280e+01,    6.0747e-02
1.4412e+01,    6.0233e-02
1.4545e+01,    5.9722e-02
1.4680e+01,    5.9215e-02
1.4816e+01,    5.8713e-02
1.4953e+01,    5.8214e-02
1.5092e+01,    5.7719e-02
1.5231e+01,    5.7229e-02
1.5372e+01,    5.6742e-02
1.5515e+01,    5.6260e-02
1.5658e+01,    5.5781e-02
1.5803e+01,    5.5306e-02
1.5950e+01,    5.4835e-02
1.6097e+01,    5.4368e-02
1.6246e+01,    5.3905e-02
1.6397e+01,    5.3445e-02
1.6549e+01,    5.2989e-02
1.6702e+01,    5.2537e-02
1.6856e+01,    5.2089e-02
1.7013e+01,    5.1644e-02
1.7170e+01,    5.1203e-02
1.7329e+01,    5.0765e-02
1.7489e+01,    5.0331e-02
1.7651e+01,    4.9900e-02
1.7815e+01,    4.9473e-02
1.7980e+01,    4.9050e-02
1.8146e+01,    4.8630e-02
1.8314e+01,    4.8213e-02
1.8484e+01,    4.7800e-02
1.8655e+01,    4.7391e-02
1.8828e+01,    4.6984e-02
1.9002e+01,    4.6581e-02
1.9178e+01,    4.6181e-02
1.9355e+01,    4.5785e-02
1.9535e+01,    4.5392e-02
1.9716e+01,    4.5002e-02
1.9898e+01,    4.4615e-02
2.0082e+01,    4.4231e-02
2.0268e+01,    4.3851e-02
2.0456e+01,    4.3474e-02
2.0645e+01,    4.3100e-02
2.0836e+01,    4.2729e-02
2.1029e+01,    4.2361e-02
2.1224e+01,    4.1996e-02
2.1421e+01,    4.1634e-02
2.1619e+01,    4.1275e-02
2.1819e+01,    4.0919e-02
2.2021e+01,    4.0566e-02
2.2225e+01,    4.0216e-02
2.2431e+01,    3.9869e-02
2.2638e+01,    3.9524e-02
2.2848e+01,    3.9183e-02
2.3060e+01,    3.8844e-02
2.3273e+01,    3.8509e-02
2.3489e+01,    3.8176e-02
2.3706e+01,    3.7846e-02
2.3926e+01,    3.7518e-02
2.4147e+01,    3.7193e-02
2.4371e+01,    3.6872e-02
2.4596e+01,    3.6552e-02
2.4824e+01,    3.6236e-02
2.5054e+01,    3.5922e-02
2.5286e+01,    3.5610e-02
2.5520e+01,    3.5302e-02
2.5756e+01,    3.4995e-02
2.5995e+01,    3.4692e-02
2.6235e+01,    3.4391e-02
2.6478e+01,    3.4092e-02
2.6723e+01,    3.3796e-02
2.6971e+01,    3.3503e-02
2.7221e+01,    3.3212e-02
2.7473e+01,    3.2923e-02
2.7727e+01,    3.2637e-02
2.7984e+01,    3.2353e-02
2.8243e+01,    3.2072e-02
2.8504e+01,    3.1793e-02
2.8768e+01,    3.1516e-02
2.9034e+01,    3.1242e-02
2.9303e+01,    3.0970e-02
2.9575e+01,    3.0700e-02
2.9848e+01,    3.0432e-02
3.0125e+01,    3.0167e-02
3.0404e+01,    2.9904e-02
3.0685e+01,    2.9644e-02
3.0969e+01,    2.9385e-02
3.1256e+01,    2.9129e-02
3.1545e+01,    2.8874e-02
3.1838e+01,    2.8622e-02
3.2132e+01,    2.8373e-02
3.2430e+01,    2.8125e-02
3.2730e+01,    2.7879e-02
3.3033e+01,    2.7636e-02
3.3339e+01,    2.7394e-02
3.3648e+01,    2.7155e-02
3.3959e+01,    2.6917e-02
3.4274e+01,    2.6682e-02
3.4591e+01,    2.6448e-02
3.4911e+01,    2.6217e-02
3.5234e+01,    2.5987e-02
3.5561e+01,    2.5760e-02
3.5890e+01,    2.5534e-02
3.6222e+01,    2.5311e-02
3.6558e+01,    2.5089e-02
3.6896e+01,    2.4869e-02
3.7238e+01,    2.4651e-02
3.7582e+01,    2.4435e-02
3.7930e+01,    2.4221e-02
3.8282e+01,    2.4008e-02
3.8636e+01,    2.3798e-02
3.8994e+01,    2.3589e-02
3.9355e+01,    2.3382e-02
3.9719e+01,    2.3177e-02
4.0087e+01,    2.2973e-02
4.0458e+01,    2.2771e-02
4.0833e+01,    2.2571e-02
4.1211e+01,    2.2373e-02
4.1592e+01,    2.2176e-02
4.1977e+01,    2.1981e-02
4.2366e+01,    2.1788e-02
4.2758e+01,    2.1596e-02
4.3154e+01,    2.1406e-02
4.3554e+01,    2.1218e-02
4.3957e+01,    2.1031e-02
4.4364e+01,    2.0846e-02
4.4775e+01,    2.0663e-02
4.5189e+01,    2.0481e-02
4.5608e+01,    2.0300e-02
4.6030e+01,    2.0122e-02
4.6456e+01,    1.9944e-02
4.6886e+01,    1.9768e-02
4.7320e+01,    1.9594e-02
4.7758e+01,    1.9421e-02
4.8201e+01,    1.9250e-02
4.8647e+01,    1.9080e-02
4.9097e+01,    1.8912e-02
4.9552e+01,    1.8745e-02
5.0011e+01,    1.8580e-02
5.0474e+01,    1.8416e-02
5.0941e+01,    1.8253e-02
5.1413e+01,    1.8092e-02
5.1889e+01,    1.7932e-02
5.2369e+01,    1.7774e-02
5.2854e+01,    1.7617e-02
5.3343e+01,    1.7461e-02
5.3837e+01,    1.7307e-02
5.4336e+01,    1.7154e-02
5.4839e+01,    1.7002e-02
5.5346e+01,    1.6852e-02
5.5859e+01,    1.6703e-02
5.6376e+01,    1.6555e-02
5.6898e+01,    1.6408e-02
5.7425e+01,    1.6263e-02
5.7956e+01,    1.6119e-02
5.8493e+01,    1.5976e-02
5.9035e+01,    1.5835e-02
5.9581e+01,    1.5695e-02
6.0133e+01,    1.5556e-02
6.0690e+01,    1.5418e-02
6.1252e+01,    1.5281e-02
6.1819e+01,    1.5146e-02
6.2391e+01,    1.5012e-02
6.2969e+01,    1.4878e-02
6.3552e+01,    1.4746e-02
6.4140e+01,    1.4616e-02
6.4734e+01,    1.4486e-02
6.5333e+01,    1.4358e-02
6.5938e+01,    1.4230e-02
6.6549e+01,    1.4104e-02
6.7165e+01,    1.3979e-02
6.7787e+01,    1.3855e-02
6.8414e+01,    1.3732e-02
6.9048e+01,    1.3610e-02
6.9687e+01,    1.3489e-02
7.0332e+01,    1.3369e-02
7.0983e+01,    1.3250e-02
7.1641e+01,    1.3132e-02
7.2304e+01,    1.3016e-02
7.2973e+01,    1.2900e-02
7.3649e+01,    1.2785e-02
7.4331e+01,    1.2672e-02
7.5019e+01,    1.2559e-02
7.5714e+01,    1.2447e-02
7.6415e+01,    1.2336e-02
7.7122e+01,    1.2227e-02
7.7836e+01,    1.2118e-02
7.8557e+01,    1.2010e-02
7.9284e+01,    1.1903e-02
8.0018e+01,    1.1797e-02
8.0759e+01,    1.1692e-02
8.1507e+01,    1.1588e-02
8.2262e+01,    1.1485e-02
8.3023e+01,    1.1382e-02
8.3792e+01,    1.1281e-02
8.4568e+01,    1.1180e-02
8.5351e+01,    1.1081e-02
8.6141e+01,    1.0982e-02
8.6938e+01,    1.0884e-02
8.7743e+01,    1.0787e-02
8.8556e+01,    1.0691e-02
8.9376e+01,    1.0596e-02
9.0203e+01,    1.0501e-02
9.1038e+01,    1.0407e-02
9.1881e+01,    1.0314e-02
9.2732e+01,    1.0222e-02
9.3591e+01,    1.0131e-02
9.4457e+01,    1.0041e-02
9.5332e+01,    9.9511e-03
9.6214e+01,    9.8623e-03
9.7105e+01,    9.7742e-03
9.8004e+01,    9.6869e-03
9.8912e+01,    9.6004e-03
9.9827e+01,    9.5147e-03
1.0075e+02,    9.4297e-03
